Epoch	TotalEnvInteracts	Time	AverageEpRet	StdEpRet	MaxEpRet	MinEpRet	EpLen	AverageTestEpRet	StdTestEpRet	MaxTestEpRet	MinTestEpRet	TestEpLen	AverageQ1Vals	StdQ1Vals	MaxQ1Vals	MinQ1Vals	LossQ1	AverageLogPi	StdLogPi	MaxLogPi	MinLogPi	LossPi	AverageAlpha	StdAlpha	MaxAlpha	MinAlpha	LossAlpha	AveragePreTanh	StdPreTanh	MaxPreTanh	MinPreTanh	AverageMCDisRet	StdMCDisRet	MaxMCDisRet	MinMCDisRet	AverageMCDisRetEnt	StdMCDisRetEnt	MaxMCDisRetEnt	MinMCDisRetEnt	AverageQPred	StdQPred	MaxQPred	MinQPred	AverageQBias	StdQBias	MaxQBias	MinQBias	AverageQBiasAbs	StdQBiasAbs	MaxQBiasAbs	MinQBiasAbs	AverageNormQBias	StdNormQBias	MaxNormQBias	MinNormQBias	AverageQBiasSqr	StdQBiasSqr	MaxQBiasSqr	MinQBiasSqr	AverageNormQBiasSqr	StdNormQBiasSqr	MaxNormQBiasSqr	MinNormQBiasSqr
0	999	2.6218907833099365	1.0747212	5.7600102	18.986414	-7.0221887	19.431372	-2.2483742	0.0	-2.2483742	-2.2483742	12.0	0.0	0.0	0.0	0.0	0.0	0.0	0.0	0.0	0.0	0.0	0.0	0.0	0.0	0.0	0.0	0.0	0.0	0.0	0.0	-2.0689306	3.0240288	9.623209	-9.949541	-16.754602	9.472982	1.1528026	-38.128765	0.03377736	0.24608353	1.066302	-0.55460125	16.788382	9.529832	38.32825	-1.4237664	16.805494	9.499621	38.32825	0.022644732	0.8580535	0.29742977	1.0552568	-0.14237663	372.66745	341.02753	1469.0548	0.0005127839	16.482483	10.025776	38.53255	5.1278384e-05
1	1999	3.469210147857666	1.0942866	5.904872	24.766956	-7.2205453	19.62745	-2.2483742	0.0	-2.2483742	-2.2483742	12.0	0.0	0.0	0.0	0.0	0.0	0.0	0.0	0.0	0.0	0.0	0.0	0.0	0.0	0.0	0.0	0.0	0.0	0.0	0.0	-2.0689306	3.0240288	9.623209	-9.949541	-16.754602	9.472982	1.1528026	-38.128765	0.03377736	0.24608353	1.066302	-0.55460125	16.788382	9.529832	38.32825	-1.4237664	16.805494	9.499621	38.32825	0.022644732	0.8580535	0.29742977	1.0552568	-0.14237663	372.66745	341.02753	1469.0548	0.0005127839	16.482483	10.025776	38.53255	5.1278384e-05
2	2999	4.320681810379028	3.1628726	6.1479716	23.34993	-6.1885276	22.066668	-1.7566769	0.0	-1.7566769	-1.7566769	12.0	0.0	0.0	0.0	0.0	0.0	0.0	0.0	0.0	0.0	0.0	0.0	0.0	0.0	0.0	0.0	0.0	0.0	0.0	0.0	-2.3324313	3.0509214	8.68414	-11.590904	-15.696437	9.973946	0.977803	-50.6593	0.034552038	0.25251096	1.1065164	-0.4794677	15.730987	10.034402	50.632095	-0.9565139	15.749558	10.005229	50.632095	0.010256257	0.83801484	0.31254816	1.0719441	-0.09565139	348.1532	411.99182	2563.6091	0.0001051908	15.378491	10.522127	50.604904	1.051908e-05
3	3999	5.16434645652771	1.7894425	6.4324756	23.535067	-8.250434	20.469387	-2.2719178	0.0	-2.2719178	-2.2719178	12.0	0.0	0.0	0.0	0.0	0.0	0.0	0.0	0.0	0.0	0.0	0.0	0.0	0.0	0.0	0.0	0.0	0.0	0.0	0.0	-2.3700352	3.275255	8.838656	-13.280411	-18.641794	13.81384	2.6584308	-68.006134	0.033983868	0.2566534	1.090994	-0.5269069	18.675777	13.875963	68.66352	-2.737555	18.713192	13.825463	68.66352	0.0014212906	0.8450362	0.30884042	1.0604186	-0.2737555	541.327	775.405	4714.679	2.0200669e-06	18.35292	14.302201	69.66626	2.0200669e-07
4	4999	6.0126261711120605	1.9083222	4.7744718	16.023567	-6.594816	22.977272	-1.7019083	0.0	-1.7019083	-1.7019083	12.0	0.0	0.0	0.0	0.0	0.0	0.0	0.0	0.0	0.0	0.0	0.0	0.0	0.0	0.0	0.0	0.0	0.0	0.0	0.0	-2.4759924	3.1378465	9.8743515	-10.03651	-17.038267	9.661676	0.54194075	-49.898487	0.059792485	0.25450888	1.0339183	-0.5219394	17.098057	9.725741	50.006264	-0.94331187	17.108921	9.706616	50.006264	0.0105529055	0.86730623	0.29076624	1.0742877	-0.09433119	386.93356	371.199	2500.6265	0.00011136381	16.833004	10.219343	50.114277	1.11363815e-05
5	5999	229.9639880657196	27.91958	49.415787	110.334175	-46.004833	121.625	103.126945	0.0	103.126945	103.126945	268.0	107.17678	61.73495	224.20352	-83.35303	24.174063	-1.6766095	2.6823485	32.003082	-13.069386	-116.99644	0.87517434	0.06919272	1.0011066	0.7593673	-0.61163247	0.8551754	0.65060467	21.292177	3.427267e-07	24.991373	34.549484	89.960785	-38.79269	60.33826	46.656788	141.7233	-23.328865	170.05064	42.93737	223.21251	-64.021805	109.71239	41.650032	197.66212	-62.328506	110.45503	39.638588	197.66212	4.2227182	3.9407122	4.6644907	18.915487	-6.2328506	13771.534	8490.321	39070.316	17.83135	558.5116	753.53516	3577.9565	1.3246295
6	6999	453.2686641216278	43.993114	35.03267	109.17901	13.111753	175.6	360.35364	0.0	360.35364	360.35364	206.0	149.78864	57.422337	241.57048	-97.470314	31.585073	-1.023902	2.9976676	17.360104	-12.189605	-160.78294	0.6640597	0.052989487	0.75916	0.57608294	-1.6539884	0.8154248	0.6118048	5.472232	4.172325e-07	5.8633814	35.866226	89.48736	-52.783993	24.143211	40.925	117.347496	-41.548534	134.50888	71.31143	247.2022	-110.227394	110.365685	56.253414	231.67026	-108.24747	113.47626	49.68067	231.67026	0.26279038	5.0770926	5.1007743	23.167027	-10.824746	15345.031	10698.275	53671.11	0.06905878	745.7189	871.3738	5367.111	0.006905878
7	7999	680.1811919212341	175.61943	157.24136	379.52005	-5.275937	188.0	52.314083	0.0	52.314083	52.314083	189.0	120.55683	54.821392	238.52643	-62.843258	27.102844	-0.8443396	2.966575	22.63242	-12.564688	-129.0238	0.5015955	0.041044515	0.57592183	0.43374985	-2.6598558	0.8000354	0.60723007	5.824293	8.34465e-07	8.344233	39.690723	120.85634	-43.197823	21.706648	45.52454	148.96786	-38.04173	92.091194	64.22953	202.16455	-95.49224	70.38455	45.442673	174.71465	-79.796	74.46437	38.393734	174.71465	0.42000228	3.3923657	3.8130133	17.471464	-7.3297715	7019.022	5670.552	30525.209	0.17640191	363.55756	452.91205	3052.521	0.0012104785
8	8999	901.1820306777954	112.43162	120.13625	348.40826	14.099806	182.8	168.13158	0.0	168.13158	168.13158	233.0	97.90828	47.888016	213.5074	-65.3301	21.151337	-0.6160278	3.0393546	27.02507	-13.284712	-104.479935	0.37806717	0.030855725	0.4336282	0.32684705	-3.5268865	0.7918004	0.60377455	6.431945	1.3411045e-07	54.830475	43.708843	122.95156	-11.734507	68.2203	48.323723	143.43253	-11.484842	102.01637	32.78386	165.77278	-26.776361	33.796074	37.508247	105.518555	-35.48447	41.32312	29.007633	105.518555	0.10846797	1.6253115	2.403368	10.551855	-2.7391136	2549.0432	2832.7917	11134.165	0.0117653	118.908615	198.48982	1113.4165	0.00076011795
9	9999	1123.8864238262177	248.93108	127.08405	356.071	19.064255	219.2	25.980858	0.0	25.980858	25.980858	121.0	74.6912	38.68357	160.6276	-55.539207	15.434311	-0.34739798	3.1224918	29.352104	-11.858302	-79.674034	0.28501543	0.022855435	0.3267535	0.24766248	-4.2014747	0.791719	0.61323875	6.190368	1.4901161e-06	40.549103	49.760567	117.431145	-32.550293	44.77002	56.776546	138.8194	-45.060127	94.27166	25.35474	133.27242	-16.399729	49.50163	50.365196	147.62833	-40.964733	57.242714	41.35621	147.62833	0.044882264	2.4849105	2.946501	14.086474	-1.541802	4987.0645	5734.6416	21794.121	0.0020144174	236.55042	324.35483	1987.1536	1.6683045e-05
10	10999	1349.309647321701	197.57509	80.972206	274.4016	34.064613	158.33333	314.35004	0.0	314.35004	314.35004	158.0	69.56534	32.580875	159.07367	-62.83346	12.602285	0.23447146	3.2845182	30.272703	-13.990466	-73.812454	0.21820717	0.015961139	0.24759763	0.19209614	-4.2025194	0.82121795	0.6370944	6.8568954	5.662441e-07	89.4245	28.053793	132.34503	1.6924293	99.12427	32.7171	154.72926	1.6924293	86.19904	13.542089	113.61696	31.632704	-12.925222	33.513416	83.813896	-88.23125	29.91855	19.87689	88.23125	0.056935612	0.14535318	1.1047634	8.216854	-0.73233795	1290.2104	1578.724	7784.753	0.0032416638	24.68315	68.08303	675.167	4.2265063e-05
11	11999	1569.854083776474	361.96432	149.32632	550.40393	185.18903	312.66666	260.51324	0.0	260.51324	260.51324	218.0	65.22391	27.289766	123.880264	-39.81905	9.973984	0.43500385	3.382511	29.353243	-11.930977	-68.81775	0.16860916	0.0130715575	0.19204558	0.14694603	-4.5693755	0.817179	0.6396457	7.325591	1.5497208e-06	86.90195	37.0998	128.90816	-6.179112	92.13721	40.53151	139.64493	-7.1442714	74.80717	13.961689	96.515114	7.546974	-17.33004	31.95753	56.34131	-68.10842	33.04652	15.150625	68.10842	0.0129323825	0.24268992	1.214078	5.634131	-0.5331623	1321.6141	960.14795	4638.7573	0.00016724652	26.38771	48.02671	317.4343	1.8393158e-06
12	12999	1792.8947007656097	236.56662	102.40322	364.4037	59.71156	170.4	266.18713	0.0	266.18713	266.18713	159.0	62.02789	24.860552	111.28335	-32.138332	8.328886	0.9544164	3.4704711	30.908648	-13.577105	-65.18912	0.12996614	0.008963282	0.14690651	0.11549172	-4.161472	0.83429426	0.6531811	7.2723274	1.1473894e-06	97.38241	47.55873	182.48335	-0.5340952	93.46558	48.93381	179.31198	-7.508978	77.10376	17.263044	105.606224	-23.35343	-16.361832	42.563538	75.57046	-94.27468	35.609768	28.48348	94.27468	0.02636517	0.2657206	1.3151213	7.557046	-2.8398461	2079.3643	2595.6018	8887.716	0.00069512223	33.755928	72.205246	571.0894	9.820594e-06
13	13999	2018.089548587799	261.20053	148.17567	420.6305	74.01733	223.2	352.3645	0.0	352.3645	352.3645	201.0	62.516064	25.603445	119.58582	-38.041862	8.258668	1.7971485	3.60329	31.189009	-12.727687	-65.53705	0.10492086	0.005481635	0.11546619	0.09660605	-2.6982675	0.8630554	0.68209374	8.0121975	5.9604645e-07	117.89176	46.802383	188.97061	0.57897896	102.53794	40.67775	159.86607	0.57897896	84.23513	21.348919	125.11421	-0.593229	-18.302818	29.954174	65.76956	-76.609436	30.25607	17.799324	76.609436	0.06750311	-0.012407962	0.59139967	6.332949	-1.010894	1232.2457	1248.4469	5869.006	0.0045566694	13.617954	24.411144	401.06247	0.00017658297
14	14999	2241.7440173625946	335.1827	64.315025	450.4859	265.04745	177.66667	317.7594	0.0	317.7594	317.7594	197.0	67.497574	27.81283	127.05417	-38.808716	8.627134	2.4475558	3.5987585	32.19632	-13.054642	-70.58428	0.09081704	0.0030547017	0.09659297	0.08579968	-1.3216213	0.87846565	0.69104844	10.572706	1.3262033e-06	123.47864	53.171597	230.4522	1.800925	104.02711	43.952496	194.15945	1.800925	84.019966	23.136372	116.639015	-10.409996	-20.007149	31.022463	41.84736	-108.30685	29.777374	21.817135	108.30685	0.107516006	-0.052041944	0.4965151	3.7529988	-1.9377762	1362.6791	1938.3983	11730.373	0.01155969	11.998709	14.9521	140.84999	0.00014562838
15	15999	2465.786117076874	271.09045	139.64209	397.23962	30.874252	151.16667	432.13205	0.0	432.13205	432.13205	222.0	72.13994	27.47184	126.08547	-38.111305	8.08912	2.6541712	3.81197	37.448006	-11.939165	-75.08753	0.08099133	0.0026236367	0.08578966	0.07683258	-0.8670814	0.8984046	0.7117727	9.799546	1.4901161e-08	106.266975	42.466534	164.4896	1.0197755	81.11398	36.01114	131.52176	-3.254509	83.79431	22.705347	120.198875	-8.79952	2.680329	26.455616	89.47883	-55.095623	19.038363	18.564066	89.47883	0.049945652	0.5158447	1.7498466	8.947883	-1.4510951	707.08386	1367.2269	8006.46	0.002494568	37.96732	130.45674	800.646	2.6090394e-05
16	16999	2688.65123295784	257.18137	174.82092	548.73505	14.00788	146.71428	445.80383	0.0	445.80383	445.80383	203.0	76.96504	28.716396	137.86505	-41.005867	8.462779	3.0636613	3.9325168	35.719933	-12.216431	-80.00775	0.07690234	0.0013826713	0.07960199	0.07555418	0.16228218	0.9189324	0.726068	10.294218	6.556511e-07	122.01276	48.36412	192.83165	-1.3206022	96.478905	37.583073	150.9644	-1.0838833	93.78861	26.957264	139.78642	-13.858855	-2.6903017	23.209263	59.77464	-54.516014	18.906967	13.727133	59.77464	0.03570499	0.13806324	0.637888	4.4395113	-1.5866698	545.90765	699.0854	3573.0073	0.0012748463	10.688376	24.480759	197.09262	1.3902964e-05
17	17999	2912.7967116832733	412.92758	76.7831	508.96548	299.3757	206.25	243.51712	0.0	243.51712	243.51712	149.0	82.31464	30.030767	144.19962	-37.37774	8.951756	3.0067246	3.8176577	34.85126	-11.956465	-85.31171	0.07990824	0.00037416653	0.080429785	0.07920306	0.017054714	0.8957283	0.7100154	9.732816	2.2351742e-06	133.52222	58.57467	218.83878	1.5737944	96.953026	43.12792	163.79948	0.721724	94.922966	27.851748	146.74817	-8.414653	-2.030065	30.739986	67.75619	-66.206894	26.466206	15.767301	67.75619	0.0049709794	0.160616	0.62947226	4.520141	-1.4860263	949.06775	960.7315	4590.901	2.4710635e-05	13.784995	25.200834	217.04158	1.9928815e-07
18	18999	3136.3373572826385	444.125	194.82968	727.8716	233.82574	213.5	388.14835	0.0	388.14835	388.14835	177.0	85.4001	30.518366	146.66725	-37.868656	9.03175	3.0302072	3.8271725	35.673676	-13.428757	-88.3458	0.08058362	0.0005270676	0.082081415	0.07995713	0.076002076	0.8978302	0.7114884	10.048933	9.23872e-07	144.58266	47.793106	202.53493	2.23285	113.37387	39.06143	167.65883	1.6119208	100.17466	30.176867	152.60571	-26.113478	-13.199214	22.307293	47.09633	-61.471313	21.384895	14.646529	61.471313	0.001659761	-0.08900259	0.29915765	2.1515565	-2.9302182	671.83453	780.8201	3778.7224	2.7548062e-06	5.8169436	6.8710356	85.86179	6.4278595e-08
19	19999	3359.236135482788	389.52808	68.044426	492.247	299.5888	183.2	215.39859	0.0	215.39859	215.39859	130.0	88.98774	31.16329	149.97389	-38.02778	9.223573	3.02106	3.9096682	35.67397	-12.012583	-91.9423	0.083415225	0.00045031012	0.084078304	0.08208163	0.05251027	0.9069099	0.7219305	12.942219	2.9802322e-08	106.28322	50.444798	184.4804	-3.240993	82.62042	43.235474	160.31346	-8.545842	95.011505	32.418434	131.30157	-23.159182	12.391081	29.321346	73.81655	-46.966846	26.743107	17.265179	73.81655	0.0010510038	0.41258496	0.84418696	5.244689	-2.7527292	1013.2803	1039.4778	5448.884	1.104609e-06	22.138094	36.28133	275.06766	1.7601323e-08
20	20999	3584.865494251251	469.37402	146.7579	723.9858	345.19583	198.6	537.6138	0.0	537.6138	537.6138	227.0	90.9419	31.375025	172.26143	-39.72414	9.157536	3.0229871	3.8781009	35.579563	-12.202717	-93.817085	0.085137114	0.0005632871	0.0859079	0.08371406	0.056799036	0.9075988	0.722481	8.576651	9.573996e-07	142.82368	51.229324	214.92482	1.3591359	118.97312	43.77553	170.29932	1.3591359	106.54159	31.73341	157.25273	-13.267832	-12.4315195	22.229738	36.559376	-56.13038	21.263626	14.020058	56.13038	0.04829575	-0.048208043	0.27618557	1.6855605	-2.151378	648.7039	689.74194	3150.6191	0.0023324795	5.159526	4.7417316	46.28427	1.7590277e-05
21	21999	3806.7519307136536	507.4166	149.16426	777.3783	333.64264	227.4	461.294	0.0	461.294	461.294	224.0	94.16927	32.25382	180.74725	-44.248123	9.5057535	3.019138	3.9312139	36.699806	-15.241892	-96.99812	0.08682965	0.000864493	0.088160396	0.085492976	0.046876818	0.91215163	0.7285212	11.017698	9.536743e-07	163.67415	48.44844	242.35988	1.5303886	124.2145	37.582886	185.84662	0.5013307	125.08104	24.657167	174.80817	6.886525	0.86655104	30.900333	89.55108	-55.923855	23.67812	19.872799	89.55108	0.07323931	0.13083212	0.49061465	3.197439	-0.34666836	955.5814	1381.9788	8019.396	0.005363997	12.066293	24.8212	237.49207	3.433856e-05
22	22999	4028.1872911453247	356.56482	226.69325	704.36475	71.22959	208.0	262.50732	0.0	262.50732	262.50732	128.0	96.11797	33.80864	188.38443	-40.03459	10.235577	3.0663588	3.9220235	36.004154	-11.840351	-98.92816	0.090348236	0.0020420498	0.094108336	0.08765922	0.15926762	0.91724974	0.7296947	11.615138	8.34465e-07	157.91187	50.639732	249.51259	1.6787752	114.58969	34.356915	180.16472	1.6787752	121.95483	31.863325	205.85107	-7.548195	7.365134	30.33026	118.59747	-38.535324	21.903753	22.235004	118.59747	0.00914717	0.1422298	0.47083282	3.0219169	-1.04046	974.1699	2365.7002	14065.36	8.3670726e-05	13.042899	36.979404	289.58908	6.920965e-07
23	23999	4252.425947189331	334.50266	168.6121	528.9307	57.182457	215.6	734.2227	0.0	734.2227	734.2227	312.0	96.18466	35.6065	194.1921	-49.089928	11.132294	3.0356488	3.8154576	35.83841	-12.951238	-98.988785	0.09657246	0.0014711414	0.098679915	0.094041966	0.083608806	0.89942914	0.714309	9.34438	2.4735928e-06	160.4614	52.51061	236.44443	2.0946336	119.073715	38.042385	163.01358	2.0946336	132.17868	34.253124	215.57616	-7.4439073	13.104965	36.7257	167.76176	-42.400936	30.597046	24.173086	167.76176	0.036479793	0.45820883	1.9206539	16.776176	-0.9685202	1520.5172	3430.3396	28144.01	0.0013307754	56.74377	286.98724	2814.4011	9.183395e-06
24	24999	4477.011666059494	668.70074	355.52765	1164.2668	347.3612	299.66666	327.92288	0.0	327.92288	327.92288	385.0	95.52193	38.48199	198.94817	-71.26338	12.193432	3.0510333	3.7332346	40.175407	-13.44507	-98.32133	0.10091647	0.0017272942	0.10360438	0.09770481	0.11722789	0.8874917	0.71045494	10.072546	5.3942204e-06	135.70055	49.24192	212.94754	-18.36374	93.91108	38.584793	146.57614	-34.962032	135.49492	34.859493	212.56346	-6.113111	41.58382	44.05416	182.11337	-28.135319	47.159004	38.026463	182.11337	0.3389646	0.9190805	2.2522416	18.211338	-0.45916858	3669.9832	5968.725	33165.28	0.11489701	108.43192	372.4255	3316.528	0.0010903152
25	25999	4699.537996530533	528.01666	277.88458	920.03235	308.08044	364.66666	340.02942	0.0	340.02942	340.02942	148.0	94.46562	36.52067	187.05159	-55.733055	12.049969	2.981078	3.7523284	37.67312	-13.265631	-97.19321	0.10366689	0.00085703237	0.104884535	0.1015637	-0.043012224	0.89520514	0.7192176	10.295944	1.4901161e-07	150.29486	51.740532	237.9802	1.0632561	120.96423	41.885338	185.43364	-1.4162685	115.39379	35.56043	170.7699	-6.0496116	-5.570443	26.405909	56.619164	-73.213875	22.51046	14.885599	73.213875	0.07196103	0.019977681	0.307733	2.0434248	-0.74242467	728.3018	799.47614	5360.2715	0.0051783896	6.4392385	7.532947	59.8609	3.7862297e-05
26	26999	4925.739762067795	458.8667	133.20003	627.0727	235.37675	196.8	1017.16284	0.0	1017.16284	1017.16284	575.0	93.46998	35.07105	181.95987	-43.83497	11.897941	2.9858563	3.763775	38.680836	-12.221079	-96.12334	0.10022622	0.00043401093	0.10154668	0.09971815	-0.032416623	0.88770914	0.72041523	8.501499	7.1525574e-07	153.26743	66.68195	238.63918	1.3403604	113.38866	51.54585	184.7378	1.3403604	112.29993	36.149292	172.81934	-5.381305	-1.0887291	42.304306	162.77429	-69.92913	33.722622	25.566074	162.77429	0.10229312	0.525496	2.381377	16.27743	-0.9577005	1790.8397	3299.6284	26495.469	0.010463882	71.90864	320.1063	2649.5469	0.000262178
27	27999	5151.364873170853	575.3537	249.16368	907.3456	307.08435	263.0	1779.177	0.0	1779.177	1779.177	780.0	94.3193	34.699093	180.49992	-38.587543	11.597384	3.0051687	3.7642627	40.30229	-11.888863	-96.92747	0.099933356	0.00025135078	0.10056444	0.09943972	0.01197394	0.8887935	0.72160023	9.877107	1.8775463e-06	195.99686	50.532192	295.96564	2.9979343	145.22565	36.993717	218.52142	2.9979343	123.87307	27.252039	178.09077	-0.070965484	-21.352573	25.97385	41.537006	-71.64872	28.365343	18.054935	71.64872	0.0072912555	-0.119727165	0.18843774	0.7968405	-0.44459915	1130.5732	1150.9591	5133.5396	5.316241e-05	7.1415873	6.6835003	32.13452	1.0945132e-06
28	28999	5376.165177345276	1374.4427	53.042725	1427.4855	1321.4	582.5	1808.9164	0.0	1808.9164	1808.9164	740.0	96.88755	34.73867	196.72649	-37.172657	11.33462	2.985927	3.788281	38.87872	-12.583212	-99.46401	0.099947706	0.0005102528	0.10066131	0.098554924	-0.03239891	0.8833892	0.72055835	10.092228	9.164214e-07	188.88182	64.05435	270.62216	7.8562546	140.9693	60.024582	204.84557	-34.83964	134.22385	17.792154	166.41672	75.37872	-6.745452	56.093056	169.99475	-63.95515	42.24184	37.517452	169.99475	0.023672054	0.59737456	2.3467412	15.460397	-0.33455142	3191.9324	5758.288	28898.217	0.0005603661	105.66838	332.4715	2390.2388	4.1684298e-06
29	29999	5598.656798362732	994.5398	93.736694	1115.638	887.28656	333.66666	2243.005	0.0	2243.005	2243.005	872.0	101.00606	35.918007	204.47693	-34.271404	11.305678	3.0620139	3.723278	41.819126	-12.929594	-103.56704	0.10150234	0.0022141428	0.10577172	0.09864303	0.14146765	0.8829281	0.71692723	11.506035	9.536743e-07	248.95522	35.734997	310.93274	65.400894	197.01518	28.593817	236.63521	50.81478	143.8487	23.50301	180.31877	24.982954	-53.16648	13.798642	-17.107006	-89.75205	53.16648	13.798642	89.75205	17.107006	-0.27019724	0.056998283	-0.1323014	-0.50835264	3017.0774	1544.0266	8055.431	292.64963	14.977141	6.777597	38.352192	3.181092
30	30999	5822.260546445847	1362.6554	156.83264	1519.488	1205.8228	508.5	2273.7466	0.0	2273.7466	2273.7466	752.0	107.55914	38.026573	210.72308	-38.96903	11.749073	3.0554342	3.6969426	42.993343	-13.533733	-110.26633	0.10947523	0.0019196854	0.112880796	0.1057983	0.12278584	0.88451755	0.71956235	8.589845	2.3841858e-07	245.83801	53.283955	340.0464	3.6430144	191.16928	39.7121	250.0316	3.6430144	150.67691	29.569347	191.14488	13.215364	-40.49238	22.949558	18.644016	-100.77309	40.703964	22.572153	100.77309	0.0116289165	-0.19815753	0.13185138	1.8644017	-0.4533588	2166.315	2241.476	10155.216	0.0001352317	10.339737	9.499376	42.549587	8.1292467e-07
31	31999	6048.082910060883	1931.4675	0.0	1931.4675	1931.4675	695.0	2034.2543	0.0	2034.2543	2034.2543	850.0	113.39049	39.239735	208.78189	-34.214622	12.207166	3.024408	3.6800144	43.412178	-12.521013	-116.14692	0.114287116	0.0008183423	0.11586893	0.11265683	0.053009786	0.88704026	0.71970725	9.275414	5.662441e-07	235.86392	29.956778	304.17447	164.81607	188.44835	23.467714	237.0507	127.844284	157.49759	19.225185	188.29587	111.148766	-30.950756	25.454237	42.983818	-87.90898	35.59162	18.414776	87.90898	0.06315319	-0.1533822	0.13656563	0.3168274	-0.41195372	1605.8676	1695.4246	7727.9883	0.0039883256	8.158757	7.8228054	34.244442	2.2094995e-05
32	32999	6272.899554014206	1862.553	0.0	1862.553	1862.553	748.0	1212.3866	0.0	1212.3866	1212.3866	488.0	116.70592	39.52125	205.638	-39.074364	11.992543	3.0055318	3.6894877	42.36784	-13.854091	-119.39633	0.1163928	0.0003175604	0.117000766	0.11571717	0.01198017	0.8960206	0.7232853	8.811687	1.0579824e-06	260.29068	25.846277	307.51492	173.41655	215.53275	23.276968	254.51544	124.668465	161.28831	21.911875	202.52043	85.35525	-54.24441	12.45772	-25.107187	-85.704994	54.24441	12.45772	85.704994	25.107187	-0.25232783	0.054573625	-0.12785101	-0.40530628	3097.6514	1372.9756	7345.3457	630.37085	14.282286	6.041814	33.655884	3.209979
33	33999	6499.861279010773	2458.7065	0.0	2458.7065	2458.7065	1000.0	2423.2808	0.0	2423.2808	2423.2808	1000.0	119.737	40.205067	207.33366	-34.571274	11.875063	3.0033443	3.7171588	44.68194	-12.624912	-122.43139	0.11637689	0.00034783487	0.117164455	0.115619995	0.0072520687	0.8992065	0.7249268	10.312977	1.3448298e-06	223.46843	60.67214	302.89215	-0.52706116	188.64487	54.43327	253.19594	-1.5743632	160.25488	34.74271	203.10976	-2.0353947	-28.389977	34.758022	52.995964	-80.9944	39.909077	20.527466	80.9944	0.1344445	-0.082871	0.2822468	2.2175422	-0.3424365	2014.1111	1584.4182	6560.0933	0.018075323	10.304829	7.515183	64.29409	0.000110597684
34	34999	6722.590208292007	1518.1315	614.4093	2376.8538	973.9001	526.0	1932.8367	0.0	1932.8367	1932.8367	695.0	123.327034	41.327053	208.97516	-32.75519	11.998983	2.9928885	3.7043371	42.619453	-13.16863	-125.98936	0.11647512	0.0005957751	0.117562324	0.11543281	-0.0152133405	0.89725274	0.7230923	12.292114	3.3527613e-06	241.1669	68.76974	324.48965	5.6016173	194.16228	55.749756	263.22324	5.6016173	156.33167	38.74645	205.21565	-12.533676	-37.830597	33.023785	77.25474	-97.10394	46.197285	19.685917	97.10394	0.05542041	-0.15928134	0.2429927	1.2921578	-1.9238116	2521.7244	1667.726	9429.177	0.0030714218	12.55837	8.022241	69.78659	1.9471821e-05
35	35999	6944.233764886856	875.92096	275.06757	1150.9885	600.8534	304.0	2745.557	0.0	2745.557	2745.557	1000.0	127.30694	42.527	212.31975	-34.372444	12.468717	3.0258808	3.7525945	44.650948	-12.672861	-129.98747	0.11805859	0.0012952668	0.119885035	0.11572987	0.055414785	0.89804095	0.72504675	10.055404	2.1010637e-06	274.27765	45.599106	341.76276	77.25949	223.00488	40.646126	283.2482	56.540684	171.55878	21.777847	208.58963	62.86993	-51.4461	30.905458	88.30966	-101.68044	56.480724	20.292267	101.68044	1.6896632	-0.20420505	0.19166791	1.3157948	-0.41286117	3601.8484	2223.323	10338.912	2.8549616	15.967664	10.536296	116.197395	0.016275235
36	36999	7166.811971664429	2133.789	230.28876	2364.078	1903.5004	703.0	1297.6443	0.0	1297.6443	1297.6443	491.0	129.94934	43.433563	218.10742	-34.07337	12.459688	3.010422	3.732106	43.0391	-11.818222	-132.59299	0.12024765	0.0006122576	0.1212172	0.11934774	0.022118868	0.89509344	0.72510546	10.03759	2.9802322e-07	277.64868	29.672071	336.15463	187.16316	231.57565	22.207945	274.56973	160.12419	175.6264	18.08382	215.5023	121.662575	-55.949265	12.555752	-28.372137	-100.76892	55.949265	12.555752	100.76892	28.372137	-0.2408013	0.044126686	-0.13091765	-0.4223039	3287.967	1504.0916	10154.375	804.9782	13.975019	5.6751876	42.555103	3.7144136
37	37999	7391.350828409195	1434.6562	0.0	1434.6562	1434.6562	515.0	2925.1265	0.0	2925.1265	2925.1265	1000.0	132.7518	44.02508	220.55048	-35.29448	12.671182	3.005282	3.7391562	46.065403	-12.086287	-135.41013	0.12183029	0.00057638955	0.12328565	0.12105688	0.011208187	0.8922131	0.72255844	9.639605	3.5762787e-07	299.36386	28.992514	344.78275	197.68523	255.8217	25.376646	294.02582	164.38068	181.47446	18.355358	209.63554	124.52007	-74.347244	14.525373	-36.85121	-116.68688	74.347244	14.525373	116.68688	36.85121	-0.2892489	0.042245332	-0.20516591	-0.45372993	5738.499	2132.3652	13615.829	1358.0118	22.057419	7.323671	52.944332	7.5916967
38	38999	7619.466131925583	2866.8923	0.0	2866.8923	2866.8923	967.0	2733.8435	0.0	2733.8435	2733.8435	1000.0	135.72412	44.86767	220.93234	-36.427288	12.848802	3.0064366	3.7033708	45.951508	-13.545938	-138.36876	0.12185957	0.00070704217	0.12312131	0.12086423	0.013571852	0.890382	0.7194257	11.428761	2.9802322e-07	291.9015	27.563314	338.96503	194.79323	251.23482	23.200272	292.20236	168.80049	184.24136	17.039124	219.00517	126.31504	-66.99344	11.628916	-39.872314	-93.3457	66.99344	11.628916	93.3457	39.872314	-0.26582438	0.03304826	-0.19462557	-0.33719417	4623.3525	1561.2517	8713.42	1589.8014	18.142668	5.1968775	31.475626	8.132122
39	39999	7843.336019992828	3026.1787	0.0	3026.1787	3026.1787	1000.0	2416.619	0.0	2416.619	2416.619	744.0	138.58226	45.645695	222.79837	-39.72055	12.912885	3.010133	3.697032	47.687767	-14.206863	-141.19806	0.12325504	0.0005709468	0.12452683	0.12191274	0.02124734	0.89305836	0.7203793	9.529507	1.2814999e-06	291.24207	33.039055	353.7091	185.4974	239.52313	25.162687	288.52298	160.7123	182.96378	17.11188	212.89038	126.811516	-56.55932	16.600395	-0.88706	-93.936295	56.55932	16.600395	93.936295	0.88706	-0.23333654	0.054455247	-0.0043539777	-0.34554663	3474.5305	1901.648	8824.027	0.78687537	14.051444	6.687595	32.45937	0.0038622394
40	40999	8069.425760507584	2898.9204	0.0	2898.9204	2898.9204	1000.0	2974.3872	0.0	2974.3872	2974.3872	1000.0	141.9073	46.44515	227.14433	-42.267746	12.654701	3.0085397	3.681551	42.80346	-12.737831	-144.52734	0.12566075	0.00081797654	0.12689269	0.124027126	0.017823506	0.89606655	0.7194116	8.962052	1.013279e-06	309.00342	28.711939	357.56827	209.27985	268.2321	23.135218	310.38342	188.34508	192.0459	16.982416	226.06053	128.5301	-76.18617	12.532359	-49.865257	-99.91276	76.18617	12.532359	99.91276	49.865257	-0.28336945	0.034608945	-0.21373123	-0.34943235	5961.394	1904.7295	9982.56	2486.544	21.95833	5.9473557	34.91275	10.657763
41	41999	8294.657229661942	2876.4333	0.0	2876.4333	2876.4333	1000.0	3264.8145	0.0	3264.8145	3264.8145	1000.0	145.73352	47.467476	233.64893	-41.184414	12.868491	3.0122252	3.6952636	40.495255	-13.084887	-148.34943	0.12633154	0.0009629112	0.1278617	0.12515701	0.025325228	0.8968754	0.72171444	9.573793	2.8312206e-07	315.5373	29.06805	364.12238	208.54175	264.90338	25.150488	311.86148	172.72383	192.3825	18.32503	226.98755	130.40948	-72.52089	15.861292	-38.744072	-124.105255	72.52089	15.861292	124.105255	38.744072	-0.27214566	0.046324242	-0.1899421	-0.468952	5510.861	2318.8845	15402.113	1501.103	20.416946	7.7421737	58.199406	8.122459
42	42999	8520.572479486465	3089.077	0.0	3089.077	3089.077	1000.0	3172.9897	0.0	3172.9897	3172.9897	1000.0	149.31207	48.6593	240.06812	-42.405323	12.946217	3.0050662	3.693597	48.071907	-12.439561	-151.91835	0.12771693	0.0005180665	0.12869833	0.12688482	0.0104733175	0.8957268	0.7201728	8.661093	4.4703484e-08	300.19525	25.570555	353.90955	213.01312	254.28078	20.225044	291.3875	180.05978	197.56487	17.348534	225.31155	132.18413	-56.715904	10.346303	-30.47253	-90.29805	56.715904	10.346303	90.29805	30.47253	-0.22289434	0.035754956	-0.124526694	-0.38056603	3323.7397	1176.7543	8153.7383	928.5751	12.967566	4.1827393	34.364372	3.7946434
43	43999	8745.281987428665	3195.969	0.0	3195.969	3195.969	1000.0	1476.7875	0.0	1476.7875	1476.7875	446.0	153.51396	49.636005	245.69987	-35.30842	12.777314	3.0045977	3.698545	48.07023	-13.417433	-156.12822	0.12828064	0.0004710672	0.12939857	0.1274937	0.009492685	0.8971605	0.72204685	9.463485	5.9604645e-08	316.8332	60.797703	414.70193	4.0434546	260.88034	51.223385	349.12756	4.0434546	193.52731	32.338936	245.36949	15.80868	-67.35304	26.340418	16.344643	-122.74519	67.675446	25.500645	122.74519	0.044910397	-0.2434282	0.10676025	1.2552301	-0.42038235	5230.249	3310.2756	15066.383	0.0020169439	18.678726	10.269498	48.124096	1.0651224e-05
44	44999	8966.586600542068	3267.7957	0.0	3267.7957	3267.7957	1000.0	1290.0398	0.0	1290.0398	1290.0398	432.0	157.25407	50.77181	249.28465	-40.93443	13.090792	3.0060606	3.6762695	41.148376	-13.287122	-159.834	0.13028052	0.0007569767	0.13179356	0.1288412	0.012482397	0.8947872	0.71827596	10.651235	1.5795231e-06	325.943	34.84416	380.65533	210.22311	278.58917	27.518578	323.98193	184.33661	209.02074	19.915052	246.30225	135.3043	-69.5684	14.21013	-41.693974	-102.89777	69.5684	14.21013	102.89777	41.693974	-0.24857782	0.037572905	-0.16248769	-0.33835486	5041.6904	1979.4304	10587.952	1738.3875	17.762882	5.9531946	34.60908	6.7747574
45	45999	9191.263273000717	2214.2573	920.94226	3135.1997	1293.3152	695.0	2528.633	0.0	2528.633	2528.633	696.0	160.32846	51.461983	251.84404	-41.21922	13.035943	3.0149164	3.6982615	47.912296	-13.065143	-162.9035	0.131387	0.0006201035	0.13281946	0.13003074	0.030378852	0.8930475	0.71910393	10.860924	3.427267e-07	281.34854	85.82267	389.184	4.352288	233.19252	71.662796	334.38263	4.352288	197.28253	38.423996	252.57576	12.5707655	-35.909996	49.027668	89.29476	-106.06215	55.45529	24.858625	106.06215	0.1618655	-0.0777121	0.27931818	1.5939094	-0.35966182	3693.24	2409.818	11249.18	0.026200442	15.388866	9.819503	70.25032	0.000122060286
46	46999	9414.74819803238	1718.8132	0.0	1718.8132	1718.8132	501.0	2645.882	0.0	2645.882	2645.882	805.0	162.26216	52.330776	257.02277	-39.581364	13.335535	3.0002756	3.6730952	41.094543	-14.360931	-164.81512	0.13193342	0.00041067853	0.13271677	0.13123764	0.00061710645	0.8912663	0.71709716	10.513023	5.066395e-07	224.8656	70.9721	327.76694	3.2447143	196.50348	63.446095	290.86118	3.2447143	201.12529	47.9009	250.14888	-4.364729	4.6217976	45.1483	106.70135	-65.97201	38.180595	24.535116	106.70135	0.008842519	0.0976658	0.31350443	1.4659911	-0.7609443	2059.73	2287.6255	11385.178	7.819014e-05	12.989348	18.226198	101.48654	3.670911e-07
47	47999	9637.580464601517	2152.4749	1155.3927	3307.8674	997.0821	643.0	3149.0095	0.0	3149.0095	3149.0095	1000.0	164.55386	53.01939	258.6545	-39.5122	13.439744	3.0030296	3.6710317	43.33096	-12.709311	-167.0564	0.13342355	0.00057068985	0.13428901	0.13217223	0.0061973524	0.8939668	0.7176948	9.584789	4.61936e-07	330.31113	27.477201	381.4504	229.787	280.63882	23.243116	323.97128	194.64442	216.04083	19.2158	252.63663	139.59651	-64.598	9.123399	-37.812126	-89.8738	64.598	9.123399	89.8738	37.812126	-0.23026234	0.027276993	-0.1579892	-0.31656367	4256.137	1148.0317	8077.3003	1429.7568	15.067393	3.519801	27.470806	6.3032784
48	48999	9860.887773275375	3320.2324	0.0	3320.2324	3320.2324	937.0	3390.4688	0.0	3390.4688	3390.4688	1000.0	166.82027	53.337154	262.7729	-39.894833	13.088922	3.010429	3.6590295	44.64166	-13.182996	-169.26704	0.13355672	0.00050773314	0.13476245	0.13269359	0.021060012	0.89387345	0.7180143	9.950114	4.8056245e-07	317.19244	27.335045	364.9419	218.01636	274.61365	23.408628	321.8157	195.31288	216.46555	19.040743	252.25772	139.68518	-58.14811	10.24409	-40.226345	-88.950554	58.14811	10.24409	88.950554	40.226345	-0.2115237	0.03063348	-0.15577354	-0.30998835	3486.144	1250.7489	7912.201	1618.1589	12.5636015	3.9089212	25.932919	6.480402
49	49999	10089.003960609436	1445.2966	254.38617	1699.6827	1190.9104	457.5	3305.0085	0.0	3305.0085	3305.0085	1000.0	168.64728	53.869236	264.18643	-40.06556	13.483997	3.0012624	3.6930666	44.474644	-12.284709	-171.121	0.1348153	0.0004084746	0.13553031	0.1337899	0.0026092264	0.9001059	0.72323626	10.143944	3.837049e-07	328.0961	56.8473	390.0125	7.6416593	282.61887	55.805702	342.93533	7.6416593	211.47905	40.988136	259.52734	-14.342732	-71.13979	21.166605	12.708397	-112.95081	71.17459	21.049294	112.95081	9.61493	-0.25478187	0.11752859	1.2708397	-1.9019063	5508.8955	2537.3047	12757.887	92.44688	18.782995	7.4751434	64.26448	1.7308345
50	50999	10314.202214479446	3219.137	0.0	3219.137	3219.137	1000.0	3540.2725	0.0	3540.2725	3540.2725	1000.0	170.87349	54.2875	266.55865	-36.729877	13.552787	3.0085075	3.675248	39.339653	-12.52522	-173.34006	0.13543545	0.00056673976	0.13629925	0.13439497	0.017058901	0.897783	0.7213297	9.219217	3.2782555e-07	304.7415	64.89202	393.30078	6.7535033	256.30524	56.25544	330.29974	6.7535033	211.00208	32.549534	255.40103	13.973279	-45.303165	35.882267	76.43382	-116.025314	54.06411	20.420237	116.025314	0.13295709	-0.14245735	0.18670592	1.2455723	-0.38348678	3339.914	2303.0432	13461.873	0.017677588	12.587729	7.7950153	48.246334	0.000120237775
51	51999	10541.532918930054	3283.2598	0.0	3283.2598	3283.2598	1000.0	3179.326	0.0	3179.326	3179.326	1000.0	173.46202	55.11787	270.95407	-42.016766	13.455088	2.9921532	3.6895635	45.536865	-12.390324	-175.87837	0.13606045	0.0008035519	0.13732725	0.13488305	-0.0156241795	0.89652807	0.7215063	10.16659	6.854534e-07	317.62167	25.781532	356.28613	216.22684	278.6307	22.43893	312.44324	192.022	223.82669	20.7132	253.67471	142.95145	-54.803997	7.938943	-26.35823	-72.30431	54.803997	7.938943	72.30431	26.35823	-0.19726647	0.028382266	-0.09710682	-0.29679608	3066.5046	817.543	5227.9136	694.7563	10.989539	2.7450686	18.293106	2.5595639
52	52999	10765.403600692749	3304.3225	0.0	3304.3225	3304.3225	1000.0	3176.351	0.0	3176.351	3176.351	1000.0	176.08035	55.90417	273.88846	-37.165752	13.737493	3.0116403	3.7187166	46.381794	-16.072098	-178.53067	0.13567825	0.0006815938	0.13649473	0.13427044	0.023315089	0.8986525	0.72304416	9.492941	1.3634562e-06	321.5176	24.251583	363.87506	222.19656	285.93622	23.160387	325.668	195.72787	226.05032	21.171236	262.46567	143.01268	-59.885902	8.571171	-37.290756	-82.63	59.885902	8.571171	82.63	37.290756	-0.2100179	0.0286505	-0.12999701	-0.3063191	3659.7861	1075.7017	6827.7163	1390.6005	12.768026	3.3980298	22.480822	4.847687
53	53999	10988.124500751495	3208.4573	0.0	3208.4573	3208.4573	1000.0	3383.2373	0.0	3383.2373	3383.2373	1000.0	179.3007	56.3917	276.674	-37.14302	13.637085	2.9941683	3.683369	44.774498	-13.214915	-181.71979	0.13581905	0.0005195552	0.13672756	0.13481985	-0.01156395	0.8946569	0.7204045	8.632718	5.9604645e-07	342.10422	29.435629	386.52246	225.57771	299.9456	26.814087	345.1854	195.37259	234.45685	22.083395	275.46417	143.19014	-65.48873	9.873948	-40.497246	-90.642006	65.48873	9.873948	90.642006	40.497246	-0.21837577	0.02696232	-0.13643883	-0.30707425	4386.27	1254.02	8215.974	1640.027	14.505937	3.5842729	27.669554	5.6170897
54	54999	11214.461907863617	3351.068	0.0	3351.068	3351.068	1000.0	3189.6216	0.0	3189.6216	3189.6216	1000.0	182.21788	57.02877	278.87662	-37.284054	13.733871	2.9904432	3.7187657	45.345993	-12.485291	-184.64442	0.13591555	0.0006349391	0.13700733	0.13433976	-0.019068161	0.8924864	0.7211489	8.732744	4.7683716e-07	333.98245	29.932114	375.01053	223.92279	299.33643	28.616774	347.75632	193.83963	232.98074	23.562643	272.66	145.21762	-66.3557	10.974089	-36.073154	-88.28034	66.3557	10.974089	88.28034	36.073154	-0.22170675	0.030253742	-0.13380644	-0.30539125	4523.5093	1385.5907	7793.4185	1301.2726	14.970774	3.9355469	24.806992	4.8695264
55	55999	11438.207816362381	3251.6533	0.0	3251.6533	3251.6533	1000.0	3453.8232	0.0	3453.8232	3453.8232	1000.0	184.89601	57.500248	282.4828	-38.19001	13.541806	2.9995086	3.7446692	41.0761	-14.202902	-187.29646	0.13427734	0.00029141136	0.13490444	0.13361879	-0.00091754674	0.8919381	0.7228198	8.261049	9.685755e-07	329.946	67.74858	399.22433	6.4021173	281.282	63.682198	351.4406	6.4021173	224.7812	39.636173	274.31998	19.659742	-56.50082	36.180443	69.04013	-114.377525	63.467	21.755602	114.377525	0.07797842	-0.17296131	0.16189846	1.5287097	-0.40256938	4501.3667	2249.1204	13082.219	0.006080633	15.078299	6.6226997	46.04489	0.00023354514
56	56999	11659.94412779808	3256.4226	0.0	3256.4226	3256.4226	1000.0	3316.9026	0.0	3316.9026	3316.9026	1000.0	188.05086	57.67049	284.597	-38.91055	13.661041	2.9975479	3.7509794	46.61773	-13.659854	-190.45482	0.13421522	0.00048113547	0.13511048	0.13344225	-0.00487516	0.89332944	0.7230837	10.441914	1.6391277e-06	320.21967	65.626595	397.81458	4.3230014	275.8153	63.68811	356.82526	4.3230014	231.07529	33.619427	283.39633	18.135487	-44.740055	42.19623	106.85783	-88.89984	59.720474	14.68534	106.85783	9.584388	-0.104423635	0.31320062	4.59032	-0.28674033	3782.1943	1658.5483	11418.596	91.86048	15.073515	12.574802	210.7104	0.66370004
57	57999	11880.483255386353	3242.5918	0.0	3242.5918	3242.5918	1000.0	3494.7021	0.0	3494.7021	3494.7021	1000.0	190.14948	58.379093	287.40335	-44.593456	13.689707	3.0064461	3.7471259	44.497578	-12.593315	-192.55734	0.13446942	0.0006707147	0.13548306	0.13331851	0.013002045	0.8940738	0.72350216	10.43214	2.9802322e-07	339.91608	44.208584	401.70007	136.21211	280.186	45.634556	353.67078	94.079575	229.64037	24.159838	278.77	147.85274	-50.54563	33.714844	102.30032	-116.85167	56.95866	21.14859	116.85167	0.52090895	-0.15968627	0.16225229	1.0716515	-0.398234	3691.552	2269.483	13654.3125	0.27134615	13.212971	9.20213	109.63029	0.0011376115
58	58999	12103.901989221573	3283.0623	0.0	3283.0623	3283.0623	1000.0	3537.7651	0.0	3537.7651	3537.7651	1000.0	192.55367	58.71747	289.32892	-38.88381	13.809365	3.002054	3.7347836	42.69834	-13.358628	-194.96669	0.1351265	0.00039812698	0.13593999	0.13438067	0.0041686543	0.8917146	0.7222598	10.542435	2.2649765e-06	337.4476	36.719734	402.72903	208.17828	285.57666	30.455894	344.2232	172.99915	235.76181	24.401205	283.57803	149.4833	-49.81483	9.682328	-16.481585	-78.76236	49.81483	9.682328	78.76236	16.481585	-0.1738003	0.024002288	-0.087823145	-0.27915192	2575.2646	986.85876	6203.5093	271.64264	8.854394	2.865876	21.986662	1.4474646
59	59999	12328.284893751144	3327.8826	0.0	3327.8826	3327.8826	1000.0	3530.5552	0.0	3530.5552	3530.5552	1000.0	194.85753	58.960815	290.05283	-36.765614	13.613132	3.0042896	3.7286253	42.849056	-13.739235	-197.21657	0.13521124	0.00025144557	0.13584012	0.13465326	0.008642164	0.8938991	0.7225216	8.429732	1.4901161e-08	353.49564	30.73023	398.87204	231.36305	309.25476	25.73111	356.39487	207.67784	242.34407	22.314016	288.66238	149.79448	-66.91067	10.52493	-41.37581	-111.20715	66.91067	10.52493	111.20715	41.37581	-0.21657886	0.029882526	-0.1634927	-0.35516623	4587.8115	1511.8284	12367.03	1711.9576	14.746014	4.385179	39.497025	7.41672
60	60999	12549.939828157425	3432.7554	0.0	3432.7554	3432.7554	1000.0	3521.8564	0.0	3521.8564	3521.8564	1000.0	197.57199	59.36662	297.66684	-37.889736	13.492676	3.0013328	3.711596	38.89402	-13.467444	-199.90047	0.13581946	0.0007103286	0.13728014	0.13491431	0.0027267474	0.89241534	0.72119176	9.410642	1.1473894e-06	359.4044	32.55905	405.21313	236.60022	312.12067	27.089361	353.60724	204.18842	247.27315	22.407112	286.71924	152.09537	-64.84749	8.491988	-43.292408	-85.611336	64.84749	8.491988	85.611336	43.292408	-0.20788214	0.021178942	-0.16202629	-0.29479438	4277.3096	1102.9286	7329.3013	1874.2325	13.606731	2.9315968	21.85084	7.617566
61	61999	12776.905500650406	3486.096	0.0	3486.096	3486.096	1000.0	3736.056	0.0	3736.056	3736.056	1000.0	200.33156	59.80797	301.3439	-36.666134	13.149379	2.9890888	3.6980681	42.789864	-11.867737	-202.62592	0.1347678	0.00081818877	0.13624136	0.13345557	-0.021759966	0.88973576	0.7184594	10.676041	7.003546e-07	363.20636	33.286648	415.54315	239.89407	311.1434	27.655191	367.24814	206.50069	250.38217	25.100822	304.72803	151.5684	-60.761242	7.0883164	-44.744064	-80.60573	60.761242	7.0883164	80.60573	44.744064	-0.19605431	0.022850312	-0.16050392	-0.29337668	3742.173	863.9929	6497.283	2002.0311	12.014133	2.5185344	21.094007	7.5277476
62	62999	13002.556753396988	3574.5183	0.0	3574.5183	3574.5183	1000.0	3353.3877	0.0	3353.3877	3353.3877	1000.0	203.29308	60.229317	305.2354	-37.710705	13.491118	2.9965649	3.7377892	43.840336	-13.853754	-205.60378	0.13439934	0.000657159	0.13535462	0.13303183	-0.006839542	0.886332	0.7179712	9.349013	2.2351742e-07	355.12885	36.433548	433.93344	233.97269	302.53674	29.424427	370.53787	197.53284	250.60155	25.053318	298.5707	153.00575	-51.935177	10.779303	-25.358679	-79.97343	51.935177	10.779303	79.97343	25.358679	-0.17159575	0.031146104	-0.08988464	-0.27868956	2813.4563	1124.5682	6395.7495	643.0626	9.193025	3.224073	17.917923	2.2793558
63	63999	13230.974533081055	3403.7383	0.0	3403.7383	3403.7383	1000.0	3771.3408	0.0	3771.3408	3771.3408	1000.0	206.02322	60.88381	306.75494	-40.998985	13.354667	3.0011363	3.7334301	41.89553	-14.234678	-208.33612	0.13457641	0.0005666586	0.13606277	0.13366131	0.0023624024	0.887951	0.7204278	10.137033	2.2971071e-06	352.4388	30.346304	400.1134	236.81172	311.4659	26.775188	351.84476	206.55042	255.26416	25.676657	295.3824	154.36414	-56.20174	5.4048944	-40.217876	-74.31459	56.20174	5.4048944	74.31459	40.217876	-0.18158776	0.022137778	-0.12629718	-0.304078	3187.8484	606.9158	5522.658	1617.4774	10.2737875	1.9873842	21.59141	5.0794044
64	64999	13456.283115386963	3553.7727	0.0	3553.7727	3553.7727	1000.0	3611.9363	0.0	3611.9363	3611.9363	1000.0	208.6187	61.497967	309.6458	-35.400883	13.374141	3.012191	3.7409558	41.436626	-11.824731	-210.9358	0.13471577	0.00040290455	0.13579328	0.13391481	0.02448027	0.886619	0.7194356	9.680447	4.172325e-07	358.10126	36.307873	428.12802	237.81097	314.43185	31.52534	376.57727	206.24048	261.18225	27.432882	306.46555	155.11232	-53.249584	11.900472	-23.425682	-82.00943	53.249584	11.900472	82.00943	23.425682	-0.16948442	0.03319513	-0.079619884	-0.27400443	2977.1394	1379.8165	6725.547	548.7626	9.354545	3.7563708	18.74066	1.8651501
65	65999	13679.326783895493	3568.9878	0.0	3568.9878	3568.9878	1000.0	3756.892	0.0	3756.892	3756.892	1000.0	211.6025	61.127434	312.9154	-35.092857	13.175567	3.0006042	3.717256	50.948757	-11.715053	-213.90985	0.13482086	0.00049869134	0.13600339	0.13385962	0.0012695293	0.8858763	0.7193091	10.434028	7.599592e-07	361.69095	34.425007	421.99857	241.08334	313.88028	27.523886	365.2145	211.1964	260.17007	25.608923	306.6423	157.99815	-53.71021	8.824538	-33.569454	-78.44921	53.71021	8.824538	78.44921	33.569454	-0.17180946	0.028701304	-0.11233797	-0.28206223	2962.6592	966.98346	6154.2783	1126.9082	9.4269085	2.899576	18.306583	3.7711241
66	66999	13901.481838941574	3833.7031	0.0	3833.7031	3833.7031	1000.0	3837.4812	0.0	3837.4812	3837.4812	1000.0	214.28835	62.306763	316.9575	-32.44563	13.193693	3.0004778	3.7053027	50.32289	-12.989257	-216.54474	0.13586038	0.00068238226	0.13702133	0.13456191	0.0010158744	0.8853947	0.71885824	8.693865	8.34465e-07	376.54214	33.279755	433.52014	248.08452	327.13885	26.940542	383.40036	220.3962	266.70493	25.351501	315.6428	158.25713	-60.433933	8.198884	-42.11079	-79.66412	60.433933	8.198884	79.66412	42.11079	-0.18555985	0.027115388	-0.13075335	-0.31053838	3719.4814	986.0655	6346.373	1773.3187	11.378815	2.925623	22.208963	5.5061274
67	67999	14127.564244270325	3675.0166	0.0	3675.0166	3675.0166	1000.0	3806.3855	0.0	3806.3855	3806.3855	1000.0	216.56848	63.265316	319.48474	-35.45037	13.193457	3.0087214	3.7162879	47.586193	-12.985095	-218.86147	0.13604504	0.00062824757	0.13751301	0.13490334	0.017412601	0.88259524	0.71825284	8.388046	8.940697e-08	377.80414	39.66756	437.5869	244.22888	324.83307	35.573532	385.80008	207.61644	272.156	30.524426	320.00146	159.21245	-52.67706	10.605647	-19.44363	-75.017075	52.67706	10.605647	75.017075	19.44363	-0.162282	0.028470458	-0.06559864	-0.24602717	2887.3518	1062.9937	5627.5615	378.05472	8.783959	2.7706354	15.144074	1.2754756
68	68999	14352.65174627304	3626.6904	0.0	3626.6904	3626.6904	1000.0	3699.255	0.0	3699.255	3699.255	1000.0	219.69617	63.638115	321.29797	-31.726906	13.106515	2.9922988	3.7105677	43.07975	-13.296675	-221.96541	0.13680136	0.0004092442	0.13757476	0.1359689	-0.015252918	0.88175577	0.7176322	9.341169	2.9802322e-07	373.85046	36.444683	439.10507	242.86108	323.54437	32.199654	386.51633	206.65233	270.6128	29.000889	322.6711	161.02246	-52.931606	8.004614	-26.388062	-74.06163	52.931606	8.004614	74.06163	26.388062	-0.16419822	0.02264652	-0.10876753	-0.24497521	2865.8286	865.98956	5485.125	696.32983	8.816633	2.2922978	14.820491	2.8701644
