Epoch	TotalEnvInteracts	Time	AverageEpRet	StdEpRet	MaxEpRet	MinEpRet	EpLen	AverageTestEpRet	StdTestEpRet	MaxTestEpRet	MinTestEpRet	TestEpLen	AverageQ1Vals	StdQ1Vals	MaxQ1Vals	MinQ1Vals	LossQ1	AverageLogPi	StdLogPi	MaxLogPi	MinLogPi	LossPi	AverageAlpha	StdAlpha	MaxAlpha	MinAlpha	LossAlpha	AveragePreTanh	StdPreTanh	MaxPreTanh	MinPreTanh	AverageMCDisRet	StdMCDisRet	MaxMCDisRet	MinMCDisRet	AverageMCDisRetEnt	StdMCDisRetEnt	MaxMCDisRetEnt	MinMCDisRetEnt	AverageQPred	StdQPred	MaxQPred	MinQPred	AverageQBias	StdQBias	MaxQBias	MinQBias	AverageQBiasAbs	StdQBiasAbs	MaxQBiasAbs	MinQBiasAbs	AverageNormQBias	StdNormQBias	MaxNormQBias	MinNormQBias	AverageQBiasSqr	StdQBiasSqr	MaxQBiasSqr	MinQBiasSqr	AverageNormQBiasSqr	StdNormQBiasSqr	MaxNormQBiasSqr	MinNormQBiasSqr
0	999	13.055069923400879	22.293045	23.317293	132.62253	5.2394886	24.625	60.34344	0.0	60.34344	60.34344	53.0	0.0	0.0	0.0	0.0	0.0	0.0	0.0	0.0	0.0	0.0	0.0	0.0	0.0	0.0	0.0	0.0	0.0	0.0	0.0	7.096712	5.535892	27.360485	-2.5761926	10.059441	7.585509	36.065235	-0.9156942	-0.0747276	0.063183315	0.15353017	-0.30319443	-10.134169	7.564905	0.7768333	-36.092495	10.141967	7.554446	36.092495	0.034777768	-0.6980643	0.34731692	0.07768333	-1.0166988	159.92915	208.01137	1302.6681	0.0012094933	9.24126	8.274536	36.119774	0.00012094932
1	1999	17.735673189163208	20.814556	20.167421	124.153015	5.428253	23.5	60.34344	0.0	60.34344	60.34344	53.0	0.0	0.0	0.0	0.0	0.0	0.0	0.0	0.0	0.0	0.0	0.0	0.0	0.0	0.0	0.0	0.0	0.0	0.0	0.0	7.096712	5.535892	27.360485	-2.5761926	10.059441	7.585509	36.065235	-0.9156942	-0.0747276	0.063183315	0.15353017	-0.30319443	-10.134169	7.564905	0.7768333	-36.092495	10.141967	7.554446	36.092495	0.034777768	-0.6980643	0.34731692	0.07768333	-1.0166988	159.92915	208.01137	1302.6681	0.0012094933	9.24126	8.274536	36.119774	0.00012094932
2	2999	22.973509073257446	17.460537	16.582548	105.42657	5.3510084	20.979591	59.399616	0.0	59.399616	59.399616	53.0	0.0	0.0	0.0	0.0	0.0	0.0	0.0	0.0	0.0	0.0	0.0	0.0	0.0	0.0	0.0	0.0	0.0	0.0	0.0	8.233373	8.929823	41.937675	-3.47486	11.577597	11.154159	53.84074	-1.2010777	-0.077268735	0.06568207	0.16455407	-0.30520153	-11.654865	11.138743	1.0667568	-53.862137	11.668747	11.124201	53.862137	0.004323096	-0.6841661	0.35992175	0.106675684	-1.0190625	259.9075	482.7772	2901.13	1.8689158e-05	10.8001995	11.738397	53.88355	1.8689158e-06
3	3999	28.302695512771606	17.077888	8.235182	38.263966	5.8786683	22.044445	59.796833	0.0	59.796833	59.796833	53.0	0.0	0.0	0.0	0.0	0.0	0.0	0.0	0.0	0.0	0.0	0.0	0.0	0.0	0.0	0.0	0.0	0.0	0.0	0.0	9.046069	10.344884	58.180862	-0.5064567	12.620604	12.953299	71.834915	-0.72630024	-0.07845924	0.071593374	0.22800267	-0.30312753	-12.699063	12.935801	0.58159876	-71.88662	12.70052	12.934372	71.88662	0.0078225015	-0.70511425	0.34784612	0.058159877	-1.0261916	328.6012	735.21533	5167.6855	6.119153e-05	11.840158	13.523802	71.93836	6.1191527e-06
4	4999	34.576603174209595	22.184013	22.71988	109.465385	6.3513336	23.47619	60.312557	0.0	60.312557	60.312557	54.0	0.0	0.0	0.0	0.0	0.0	0.0	0.0	0.0	0.0	0.0	0.0	0.0	0.0	0.0	0.0	0.0	0.0	0.0	0.0	9.693829	9.1059	39.994812	-2.6318586	13.355648	11.939544	52.037384	-1.4091913	-0.07667764	0.06744161	0.09925501	-0.30516708	-13.432325	11.920088	1.3036335	-52.036907	13.452692	11.897098	52.036907	0.001794205	-0.7247905	0.34951058	0.13036335	-1.0178337	322.51587	512.2675	2707.8396	3.2191715e-06	12.671535	12.535307	52.03643	3.2191716e-07
5	5999	399.28278064727783	140.74924	87.11417	338.70142	44.097443	68.78571	619.8864	0.0	619.8864	619.8864	410.0	123.37894	81.984406	367.90317	-67.08326	54.136944	0.31321937	2.3551168	16.979652	-10.615821	-132.9902	0.92709273	0.026021639	0.99970007	0.90507185	-0.027143126	1.0440991	0.717004	5.682371	1.73226e-06	120.65258	26.324163	138.14897	2.8162203	125.6079	29.688963	149.78168	2.8162203	301.58917	51.46888	400.58762	-12.803648	175.98126	38.50171	286.23798	-18.480549	176.01389	38.352283	286.23798	0.13478363	1.5170652	0.62264156	3.447324	-1.8480548	32451.787	12916.712	81932.18	0.018166626	276.6055	148.95401	777.3377	0.0018166626
6	6999	745.6139266490936	334.71414	94.74003	465.18353	205.25542	175.16667	235.89896	0.0	235.89896	235.89896	134.0	328.2189	110.21541	554.5268	-271.38498	147.62772	1.5142467	2.727673	21.393847	-10.353356	-349.22824	1.0092393	0.05662216	1.1092967	0.91634536	-0.0016021347	1.1801555	0.8107381	7.8969793	3.993511e-06	85.01096	37.449963	131.4636	1.7307327	84.38071	40.00279	137.05508	1.7307327	409.9277	153.52124	560.66345	-79.30029	325.547	117.9345	440.2751	-81.13453	327.76193	111.631035	440.2751	1.3073926	4.0008717	1.9303868	7.694827	-8.113453	119889.38	54830.355	193842.16	1.7092752	1363.657	480.41498	2349.5776	0.17092752
7	7999	1097.2296137809753	381.77765	73.49283	470.64362	268.1878	239.0	213.6305	0.0	213.6305	213.6305	94.0	400.3526	141.03458	696.6903	-384.7796	138.29973	1.1438819	2.8907425	22.421545	-11.114999	-422.77368	1.170356	0.018626858	1.1850191	1.1095318	-0.019422406	1.1601348	0.83948636	7.650605	1.0728836e-06	90.65863	38.051605	134.44281	2.7487056	90.19583	38.480824	138.22362	2.7487056	507.90573	99.61018	672.9935	110.8577	417.7099	83.04781	591.0923	108.10899	417.7099	83.04781	591.0923	108.10899	6.3006086	4.2273364	25.40524	2.3340654	181378.5	63434.605	349390.1	11687.554	2508.2766	1384.6534	6813.848	737.1064
8	8999	1456.9345190525055	241.15593	37.687202	324.5246	201.81139	110.888885	1019.4532	0.0	1019.4532	1019.4532	1000.0	398.97235	159.46367	722.22614	-225.82372	115.899796	0.81085914	2.6853793	28.866146	-10.879405	-418.9371	1.2089446	0.0580977	1.2625599	1.0492078	0.019977577	1.0763398	0.79503864	8.7348175	1.8179417e-06	103.6421	3.993497	113.90494	96.82198	133.71979	3.6701844	143.46223	126.9227	385.6863	16.19955	419.5629	344.64838	251.96655	14.2043705	283.00308	215.77637	251.96655	14.2043705	283.00308	215.77637	1.8843867	0.09520092	2.1014614	1.6247926	63688.9	7101.462	80090.75	46559.44	475.9838	48.63743	588.7799	353.64227
9	9999	1815.4213659763336	1015.8795	0.0	1015.8795	1015.8795	1000.0	1004.7088	0.0	1004.7088	1004.7088	1000.0	237.37471	103.45085	435.65936	-229.79329	50.87657	-0.16713186	2.5069647	26.25552	-10.775231	-247.95447	0.83760566	0.10666987	1.0487756	0.6788003	-0.22237496	0.9189722	0.73805356	8.05982	1.2367964e-06	99.93643	4.8110404	110.46002	90.28702	129.15219	5.6283636	139.99855	114.46929	233.38913	5.885104	248.01566	217.88899	104.23694	5.344423	122.52337	90.350494	104.23694	5.344423	122.52337	90.350494	0.8094843	0.067414686	1.0703601	0.65885055	10893.903	1124.0752	15011.976	8163.212	84.69078	11.266549	131.14412	59.566536
10	10999	2169.055764436722	370.16354	108.15526	490.13022	228.0076	274.0	116.088036	0.0	116.088036	116.088036	78.0	180.23325	59.522385	388.99765	-291.85565	37.34125	0.022074493	2.4424677	23.539537	-9.22199	-187.90701	0.5879096	0.049532518	0.6785734	0.50669533	-0.52157485	0.9398635	0.7388557	8.448441	1.0728836e-06	60.598022	27.057312	103.44098	1.6532054	69.23259	32.17654	122.40625	1.6532054	177.40033	37.705444	228.6906	-49.119476	108.167725	32.170097	226.1661	-68.62067	108.71992	30.251474	226.1661	0.3040862	2.526401	3.0859299	22.616611	-5.0858316	12735.173	6715.474	51151.11	0.092468426	331.86432	515.1077	5115.111	0.0072022863
11	11999	2528.2880449295044	371.1109	277.61884	923.7371	196.79926	238.2	326.50812	0.0	326.50812	326.50812	139.0	170.6608	46.807842	259.90247	-295.03833	29.47512	0.32387123	2.5984435	25.25832	-10.252255	-177.23369	0.44516572	0.027379975	0.506559	0.4140365	-0.52678853	0.9980896	0.75862527	7.208635	1.5497208e-06	118.83904	49.248775	169.21367	2.2398615	122.4221	55.181297	184.5531	2.2398615	174.6268	47.57575	239.91107	-32.157173	52.204712	18.823652	88.757545	-34.41389	52.342285	18.437658	88.757545	0.13994746	0.7946884	1.0046172	5.2597623	-3.441389	3079.6616	1961.8448	7877.902	0.01958529	50.97366	68.58085	363.44427	0.001958529
12	12999	2873.4433789253235	345.5292	40.991795	435.43573	312.13205	158.16667	366.02335	0.0	366.02335	366.02335	175.0	173.25833	51.74503	253.73346	-94.928024	20.4677	0.36144212	2.6421053	25.827541	-13.743763	-179.18427	0.36502334	0.026906397	0.41393226	0.3267234	-0.63746536	0.99463844	0.7577765	7.5728908	1.5497208e-06	120.99512	47.17348	172.17259	2.657695	130.02531	51.772724	185.61595	2.657695	134.71904	60.11859	208.22876	-20.242283	4.6937366	12.30688	27.871738	-26.233505	10.826344	7.50205	27.871738	0.004469116	0.0058825794	0.17879032	0.5708591	-2.2944446	173.49048	193.3324	776.83374	1.9973e-05	1.4576863	2.435121	52.644764	1.3478285e-07
13	13999	3214.8230843544006	296.55905	117.227	428.8564	74.969765	149.71428	366.41922	0.0	366.41922	366.41922	186.0	152.17485	45.7456	237.25139	-95.63135	17.177696	0.28955036	2.6723008	26.700947	-11.45379	-156.84784	0.28449854	0.024733534	0.32665655	0.24426608	-0.8984314	0.97676635	0.753171	8.075224	2.9802322e-06	117.009575	38.978413	163.53696	2.4990652	125.0068	44.95514	182.96356	2.4990652	130.105	49.423897	229.75049	-17.55228	5.098198	41.305214	116.98119	-38.26664	30.015816	28.829897	116.98119	0.01641134	0.08972389	0.39467758	1.087574	-2.240513	1732.1123	3159.7947	13684.6	0.0002693321	15.046795	27.80906	122.98104	1.2911944e-05
14	14999	3559.467358112335	374.8311	118.21138	599.2883	270.2135	204.4	282.9387	0.0	282.9387	282.9387	133.0	143.60493	43.57278	255.21869	-105.44604	14.821373	0.7726297	2.8860843	29.153482	-12.144001	-148.09344	0.2172786	0.012819341	0.24419785	0.20175949	-0.32988304	1.0182532	0.7873689	8.558284	4.5895576e-06	117.020805	45.922977	165.46223	2.8964894	111.62521	43.747734	162.00993	2.8964894	153.73366	68.474945	238.98532	-33.906013	42.108444	29.488083	99.170975	-43.42413	43.87111	26.795404	99.170975	0.25790766	0.28983966	0.49280375	1.6779566	-4.342413	2642.6677	2523.4302	9834.883	0.066516355	21.788946	20.037556	188.5655	0.001179956
15	15999	3919.410445690155	302.53802	96.44577	421.52954	127.693954	153.6	1017.878	0.0	1017.878	1017.878	1000.0	171.45575	53.599636	260.24493	-102.510475	17.926918	0.9672326	2.885044	28.918959	-10.575606	-176.57109	0.23199576	0.0066372897	0.2406085	0.21644466	-0.050198182	1.0436826	0.8104185	7.897362	4.455447e-06	102.7251	3.7154121	114.88187	95.75848	133.04195	3.911711	145.83078	124.91929	170.55617	5.400789	187.73734	160.64291	37.514217	2.8925724	46.401184	23.380846	37.514217	2.8925724	46.401184	23.380846	0.2820604	0.021003457	0.34527287	0.16758339	1415.6833	218.87816	2153.0698	546.664	10.637486	1.5686855	16.02107	3.9182415
16	16999	4265.698552846909	418.76373	182.91754	784.09467	311.14954	227.0	320.91492	0.0	320.91492	320.91492	130.0	150.10121	41.49282	224.19272	-79.40967	12.948189	0.51630384	2.7038603	27.962282	-12.744595	-154.02621	0.19035758	0.012256142	0.21638384	0.17131875	-0.79518366	0.9420436	0.7608256	7.6551886	3.0994415e-06	119.5595	49.12693	175.18497	2.4668596	124.799225	53.576946	184.97342	2.4668596	132.39697	56.322216	186.69708	-6.40331	7.5977516	9.567636	36.405354	-20.443079	9.181822	8.059753	36.405354	0.0037482458	0.05497	0.15483025	1.0191493	-0.9943416	149.26547	240.89038	1325.3499	1.4049346e-05	1.4194763	2.287304	12.018995	3.972679e-07
17	17999	4615.431360006332	318.99957	105.05645	504.5493	90.173065	137.375	323.23816	0.0	323.23816	323.23816	152.0	147.00104	43.77303	222.83638	-75.160645	11.280994	0.77810675	2.711365	30.692795	-10.517278	-150.69029	0.15754361	0.0069577256	0.17128487	0.14891097	-0.40547827	0.97626215	0.77603996	7.7942624	2.682209e-07	114.06734	41.901134	159.84906	2.2733471	108.7303	41.714	157.96935	2.2733471	140.28201	58.557945	221.9732	15.105887	31.551716	23.708403	82.740135	-21.465036	33.1169	21.467882	82.740135	0.0049664755	0.4027973	0.67314464	5.2806573	-0.3603416	1557.5992	1644.9575	6845.9307	2.466588e-05	17.233995	28.054302	278.85342	2.4655085e-07
18	18999	4963.495917797089	478.70114	197.72902	798.7235	291.695	213.75	440.02097	0.0	440.02097	440.02097	184.0	152.85423	46.47266	247.80734	-82.70871	13.076399	1.28072	2.9488804	28.775803	-12.6127615	-156.8075	0.16961655	0.008699363	0.18108295	0.1498706	0.5073002	1.1162618	0.85696244	8.197231	3.8146973e-06	132.29335	51.44799	192.98393	2.2881486	131.2703	53.170715	198.99721	2.2881486	149.48758	50.82533	205.31918	-12.706826	18.217274	27.595251	120.27949	-46.69786	24.346165	22.374786	120.27949	0.010804349	0.236133	0.6182345	5.3750343	-1.7478782	1093.367	1920.4227	14467.155	0.00011673394	15.512313	42.085976	387.29752	9.247631e-07
19	19999	5307.0415122509	467.85742	155.69293	780.11053	272.31137	183.66667	272.19315	0.0	272.19315	272.19315	119.0	156.19926	45.066578	241.10185	-75.95572	13.287435	0.97122264	2.9394102	28.937424	-10.568737	-160.11447	0.18062088	0.0027596694	0.1840802	0.17551862	-0.049524583	1.0496625	0.8170897	7.0781317	2.026558e-06	104.04977	45.589508	159.46483	1.2943475	110.133255	49.295956	169.24176	1.2943475	144.77657	57.76251	211.65936	-8.1938095	34.643295	26.736279	131.86691	-14.612121	35.233463	25.953602	131.86691	0.03899767	0.45754623	0.9822925	8.672441	-1.2015926	1914.9863	2977.7788	17388.883	0.0015208181	30.874596	85.22908	752.11224	1.9885505e-05
20	20999	5656.432014226913	377.52963	114.66455	546.19324	185.58896	150.14285	401.32483	0.0	401.32483	401.32483	145.0	156.39603	46.874653	266.16907	-77.05143	13.817489	0.93367547	2.88024	27.614779	-11.37291	-160.13043	0.16936529	0.0031743883	0.17576613	0.16349171	-0.11748218	1.0295085	0.81146276	6.95673	6.966293e-07	144.09941	57.072803	210.57024	3.4452882	142.52722	57.431602	208.60513	3.4452882	141.56581	51.70746	197.0495	-2.6477175	-0.9614202	17.85976	41.655712	-67.990875	13.805093	11.371665	67.990875	0.017185083	0.044518	0.22829841	1.4148302	-0.9285653	319.89536	539.3151	4622.76	0.00029532705	3.0422757	4.856785	28.787226	2.731536e-06
21	21999	6003.359872817993	389.51483	153.90778	625.31067	258.4765	159.2	417.2658	0.0	417.2658	417.2658	187.0	161.8863	54.567608	272.7275	-71.532776	14.487146	1.3380866	3.0295138	31.700008	-10.556806	-165.90854	0.19190209	0.020321883	0.21334642	0.1633501	0.56390125	1.131468	0.8694215	9.2560005	1.2516975e-06	126.350945	60.121807	194.67125	1.6199101	131.62225	62.87835	205.02556	1.6199101	157.44966	55.89404	208.82117	-16.097427	25.82742	60.485733	203.99211	-46.911316	34.322742	56.10284	203.99211	0.015737785	1.2103723	3.7950928	20.399212	-1.9461167	4325.5796	10557.103	41612.78	0.00024767788	225.84888	716.98676	4161.2783	1.21762e-06
22	22999	6355.062137126923	441.0355	314.54984	860.1495	27.162338	164.16667	632.0533	0.0	632.0533	632.0533	200.0	158.09654	48.7153	232.46724	-61.893764	12.727887	0.6834487	2.8395216	31.494114	-10.332323	-161.60364	0.19480826	0.014295037	0.21397255	0.17194557	-0.5240941	1.0257825	0.8061251	9.239736	4.2915344e-06	187.14865	67.64368	263.37793	3.9580214	182.94846	66.858	255.12566	3.9580214	156.18826	45.856964	210.34848	-9.652045	-26.760208	25.930302	44.484882	-72.31377	32.529526	18.17468	72.31377	0.004891464	-0.06795896	0.30739248	2.5455444	-1.5760628	1388.489	1237.9146	5229.2812	2.392642e-05	7.4675374	6.705755	64.79796	1.3360088e-07
23	23999	6702.439063549042	587.3566	88.625824	779.4919	511.69812	194.33333	659.3821	0.0	659.3821	659.3821	216.0	163.9571	47.47202	253.701	-55.477684	11.268731	1.0042137	2.9333603	30.563347	-10.501465	-167.523	0.16756989	0.002976543	0.17380737	0.16409004	0.007329697	1.0762888	0.82245797	8.673304	2.2500753e-06	196.44106	61.917587	263.18777	4.326075	187.57011	59.670876	243.73228	4.326075	175.16273	52.024426	246.21677	-34.80686	-12.407367	21.133526	36.859474	-94.008316	20.668915	13.1668005	94.008316	0.07293613	-0.06676008	0.28982863	0.81141436	-4.3691916	600.56866	789.70233	8837.563	0.005319679	3.8247142	9.742899	190.89833	4.1186682e-05
24	24999	7050.007693052292	676.74097	82.38362	810.0209	606.24963	230.25	607.5947	0.0	607.5947	607.5947	193.0	175.18007	51.649242	261.17926	-61.857018	11.265676	1.0228121	2.994575	32.564796	-12.361066	-178.79768	0.17977802	0.0028480957	0.1838622	0.17381783	0.039738405	1.0893042	0.84258443	8.043427	1.0058284e-06	200.63014	68.26427	264.72223	4.2168765	199.10278	68.25206	260.06317	4.2168765	163.94951	54.18109	209.96268	-18.631466	-35.15328	15.725147	19.302492	-65.314316	35.35864	15.25778	65.314316	0.17529297	-0.16768007	0.123495355	0.76207227	-2.2848341	1483.0331	940.7447	4265.9595	0.030727623	6.6271863	3.8244345	52.204674	0.00023150034
25	25999	7399.86147403717	653.92126	45.66621	694.1788	572.9199	208.4	940.586	0.0	940.586	940.586	295.0	174.73845	50.58917	261.1756	-71.88788	10.915415	0.93931264	2.9031827	31.46386	-10.647182	-178.13776	0.17161456	0.0037900128	0.17708799	0.16429938	-0.10725658	1.0684347	0.8328734	8.2461815	6.556511e-07	230.94756	72.45138	315.6073	4.131009	226.52612	71.84287	295.72925	4.131009	175.3931	52.63646	238.11372	-12.632017	-51.133034	25.428373	19.238184	-110.81411	51.689632	24.27698	110.81411	0.25924328	-0.22619633	0.1357532	0.16414693	-1.7164183	3261.1897	2506.349	12279.767	0.06720708	12.791585	8.571984	42.768456	0.0011222552
26	26999	7747.984876394272	742.9381	29.435432	791.8062	718.9523	232.25	772.50366	0.0	772.50366	772.50366	240.0	175.28563	52.39612	248.51288	-69.96129	10.99314	1.0333254	2.9178314	32.19737	-9.642866	-178.595	0.16430153	0.0029965322	0.17167838	0.16074586	0.059554182	1.0891823	0.83973783	8.991597	4.582107e-06	220.3704	72.72532	284.25293	4.30726	216.17833	71.131996	277.74698	4.30726	181.45242	56.260212	230.55931	-15.054779	-34.72591	18.576498	7.0255437	-74.441376	34.895638	18.255674	74.441376	0.21736343	-0.16331367	0.11725668	0.061702743	-1.9455421	1550.9751	1123.1061	5541.5186	0.047246866	6.3302374	4.178482	37.851337	0.00038933978
27	27999	8098.982982635498	757.3165	47.119164	828.11176	710.4168	240.75	926.0377	0.0	926.0377	926.0377	297.0	178.79497	54.628353	260.02463	-100.70647	10.80307	1.061286	2.8551874	32.189003	-11.889637	-182.13394	0.18098913	0.00396379	0.18692239	0.17169437	0.105475485	1.0926318	0.83089286	9.543421	2.503395e-06	180.32721	77.824814	269.5824	2.8040912	180.4892	78.20915	266.57562	2.8040912	199.49405	48.504684	233.74078	-2.3699594	19.004866	67.53499	218.25755	-47.68437	48.61704	50.58205	218.25755	0.0066480627	0.6609915	2.5123596	21.825756	-0.65724105	4922.16	9410.215	47636.36	4.4196735e-05	125.40447	512.33954	4763.636	2.5565157e-07
28	28999	8444.490607261658	691.9127	232.94963	912.11884	272.65298	233.0	1134.0132	0.0	1134.0132	1134.0132	344.0	181.65498	55.034313	263.88196	-88.71919	10.43465	0.9945709	2.7639458	30.359726	-11.129747	-184.98029	0.18755472	0.00091492356	0.18937944	0.18566002	-0.009049148	1.0788321	0.80909693	8.189321	7.4505806e-08	227.9496	77.35074	313.93753	3.9247367	219.57845	74.993744	302.75375	3.9247367	194.37944	54.27179	239.9575	-6.0046096	-25.199018	46.22162	194.01247	-80.69379	45.673965	26.178566	194.01247	0.037612583	0.033597864	1.2582303	19.401247	-1.1113138	2771.4287	4093.1692	37640.84	0.0014147063	34.79282	227.73035	3764.084	2.5037363e-05
29	29999	8790.80202293396	681.7643	136.81258	846.2278	468.96902	220.25	750.0019	0.0	750.0019	750.0019	237.0	183.66698	54.52059	262.2122	-153.0567	10.446494	0.96826094	2.759707	32.88395	-11.28703	-186.94542	0.18233205	0.0026004652	0.18638323	0.17706184	-0.054133765	1.0667508	0.80239767	9.031866	3.2186508e-06	219.59956	71.61616	296.0026	4.32199	217.1363	70.70428	291.1397	4.32199	181.37225	58.709064	231.77173	-3.44394	-35.76406	16.329954	3.3393755	-83.71112	35.774902	16.306183	83.71112	0.03900362	-0.16976783	0.0808862	0.33393756	-1.2379413	1545.7355	1312.2728	7007.5522	0.0015212826	6.3838735	4.3954945	25.249672	6.808281e-05
30	30999	9136.598566770554	849.5185	53.720837	931.8868	798.62036	265.25	917.5235	0.0	917.5235	917.5235	293.0	184.8396	55.613613	259.9689	-145.6845	10.241884	0.97642237	2.7740386	33.95317	-10.920134	-187.96553	0.17691699	0.0024514028	0.18005751	0.17101109	-0.041158654	1.0635654	0.80853355	9.529272	4.7683716e-07	224.19804	71.48651	300.40402	4.2187943	224.14807	71.778625	293.11365	4.2187943	191.51265	59.614033	242.29977	-10.967185	-32.635433	15.68752	1.6362032	-64.04389	32.646038	15.665445	64.04389	0.13670404	-0.15668477	0.1321892	0.0114419125	-1.8908374	1311.1699	948.36584	4101.62	0.018687993	5.379886	3.6565747	39.333164	0.000113955204
31	31999	9485.141251802444	739.23267	51.01541	791.1923	663.445	235.25	1214.5402	0.0	1214.5402	1214.5402	371.0	187.38042	56.32544	260.91376	-135.0035	9.542135	0.9633432	2.7358704	34.652905	-11.270245	-190.48419	0.16835596	0.0031242117	0.17179005	0.16163148	-0.06569497	1.0510224	0.80333257	10.469119	3.4049153e-06	266.37793	64.14489	333.47894	4.370377	258.55872	62.78477	321.09827	4.370377	207.92911	43.355904	245.24272	3.157193	-50.629627	23.935333	13.078987	-98.35638	50.80176	23.567787	98.35638	0.7383094	-0.18140729	0.08225565	0.6723429	-0.34792718	3136.2595	2253.4302	9673.977	0.54510075	10.830588	7.0533853	30.198744	0.008199423
32	32999	9837.095400333405	790.0947	68.02552	891.2638	712.5635	248.75	860.11176	0.0	860.11176	860.11176	264.0	189.7581	57.603214	266.74036	-182.11685	8.91207	0.9984269	2.7244403	34.791687	-10.487069	-192.819	0.16158624	0.00041403054	0.16232327	0.16072084	-0.0028255128	1.0473483	0.7997889	10.170676	3.5762787e-07	216.87717	81.69371	307.21527	2.0000508	205.46028	78.81117	290.26843	2.0000508	208.25795	59.767857	284.28455	-13.271763	2.7976694	57.089928	234.96577	-111.05327	32.81507	46.80019	234.96577	0.029733736	0.3806765	2.0990925	23.214548	-1.8339918	3267.0864	9824.706	55208.914	0.0008840951	87.85661	456.15515	5389.1523	1.5724754e-05
33	33999	10184.642184734344	745.3334	265.74347	981.06616	319.2814	250.25	798.5392	0.0	798.5392	798.5392	248.0	191.86655	58.788998	268.04428	-182.88356	8.925678	0.98238534	2.739408	34.99698	-13.300753	-194.87419	0.15955473	0.00090929767	0.16120991	0.15709004	-0.032309953	1.0618898	0.81432104	11.070952	6.854534e-07	221.5391	71.91826	292.6336	4.3319416	219.90988	70.82894	284.8648	4.3319416	192.8521	62.220886	241.29135	-3.2851028	-27.057781	14.195313	5.5256376	-56.352364	27.14335	14.031	56.352364	0.067664735	-0.12678511	0.071755044	0.119212374	-0.8667156	933.63043	774.47205	3175.589	0.0045785164	3.8898265	2.7295592	11.743893	6.689744e-05
34	34999	10527.524686574936	831.0803	92.6453	976.7199	724.90344	260.75	1113.7301	0.0	1113.7301	1113.7301	346.0	192.31462	58.289864	271.0856	-195.52701	8.826688	1.0124371	2.786613	35.394157	-9.499775	-195.24602	0.15972973	0.0016839381	0.1624404	0.15665513	0.023009038	1.0610863	0.8200932	11.404203	6.109476e-06	227.59909	71.91678	291.28574	4.464243	226.34409	72.35392	289.44586	4.464243	196.41019	62.2943	246.68391	2.9470773	-29.933905	11.898015	11.276766	-53.639256	30.1129	11.43743	53.639256	0.06457655	-0.12607464	0.07301012	1.1276766	-0.34270138	1037.6016	639.0536	2877.1697	0.004170131	4.189094	2.0423305	12.716545	0.000109956105
35	35999	10879.919765472412	888.2278	168.0721	1148.7588	721.2957	279.5	894.2861	0.0	894.2861	894.2861	315.0	195.31041	59.64642	275.0181	-180.0716	9.292004	1.0127351	2.8011746	38.13042	-11.381027	-198.20113	0.1600126	0.0013065736	0.16292633	0.1580845	0.02329285	1.0528002	0.82008654	13.1213665	4.7683716e-07	277.49945	71.671814	351.39395	4.111699	273.39975	69.78673	342.85315	4.111699	219.73047	51.111057	266.74445	2.0796866	-53.6693	23.099453	3.0750172	-106.45384	53.69452	23.040762	106.45384	0.061137147	-0.18731034	0.058730807	0.25447646	-0.47838008	3413.9785	2503.3665	11332.421	0.003737751	11.165364	7.1540403	34.059998	0.00010223546
36	36999	11234.58013677597	2744.668	0.0	2744.668	2744.668	835.0	3042.2605	0.0	3042.2605	3042.2605	1000.0	198.49503	60.620625	279.08282	-139.99635	8.924521	1.0041858	2.7872977	36.274693	-10.854233	-201.37094	0.16262908	0.0006650819	0.1638406	0.16152905	0.0076338807	1.0561512	0.8195722	10.381663	1.4305115e-06	270.25494	62.45324	332.55423	4.525105	267.02393	61.98172	327.30313	4.525105	223.65546	47.48247	267.23758	9.733973	-43.368443	18.21642	7.335347	-79.53423	43.48883	17.927114	79.53423	0.5088003	-0.15407391	0.057783786	0.5208867	-0.42280057	2212.6597	1514.142	6325.694	0.25887778	7.5398593	4.588011	19.688606	0.0027304592
37	37999	11587.679418325424	1108.3989	116.50734	1271.0016	1004.0492	347.0	2982.791	0.0	2982.791	2982.791	1000.0	201.03247	61.50798	283.6758	-172.12402	8.553344	1.0216495	2.8245642	36.914856	-9.784097	-203.90375	0.16685987	0.0019322573	0.16945308	0.16373402	0.03884003	1.0646589	0.8253361	10.268694	1.1920929e-07	279.88943	49.380486	326.10895	4.8868403	283.13507	51.40825	329.37332	4.8868403	240.17413	38.991123	270.10303	17.237202	-42.96096	15.111021	15.036322	-65.27717	43.22887	14.326603	65.27717	0.042459868	-0.1393279	0.09582168	1.2916937	-0.20954074	2073.9868	1094.6752	4261.109	0.0018028403	6.9603252	3.3495479	16.684725	1.7048673e-05
38	38999	11951.463653326035	1762.8318	474.79938	2237.631	1288.0323	555.0	3050.3853	0.0	3050.3853	3050.3853	1000.0	204.40283	61.935963	289.28275	-159.94417	8.20673	0.9895466	2.7856297	38.689213	-11.820473	-207.26259	0.16820703	0.0014360689	0.17064221	0.16623975	-0.018585958	1.0510466	0.81996983	11.130408	1.0877848e-06	299.608	18.613914	328.46762	233.71732	302.04385	15.016748	327.08698	247.87708	261.1232	11.584342	281.2072	220.16281	-40.92063	6.872258	-22.960997	-56.36406	40.92063	6.872258	56.36406	22.960997	-0.13503866	0.018940957	-0.076729186	-0.17988598	1721.7264	550.8912	3176.907	527.2074	5.6519575	1.6552248	10.139104	1.7617786
39	39999	12306.518151521683	1125.8146	0.0	1125.8146	1125.8146	359.0	322.8802	0.0	322.8802	322.8802	144.0	208.0677	63.30485	348.1435	-163.94421	8.085207	0.9903773	2.769376	35.392868	-11.366823	-210.91063	0.16519496	0.0015248493	0.16768229	0.16291663	-0.01724543	1.0575899	0.8235646	9.727106	7.033348e-06	216.57681	82.26697	315.62488	2.0916579	220.15894	83.50801	316.7227	2.0916579	262.9674	16.613441	291.9654	108.87187	42.808453	83.016106	276.7256	-73.797516	66.14115	65.951385	276.7256	0.005325798	0.9942664	3.2968688	27.67256	-0.24712716	8724.237	15278.691	76577.055	2.8364122e-05	216.9687	821.22	7657.705	1.0927793e-07
40	40999	12661.452213287354	2428.479	0.0	2428.479	2428.479	792.0	302.84213	0.0	302.84213	302.84213	141.0	212.06842	63.500473	356.4174	-164.39685	9.159446	1.0471338	2.745278	37.248844	-11.800308	-214.77779	0.16815926	0.004555498	0.1767008	0.16325234	0.08356308	1.0744038	0.8283715	10.174886	3.5315752e-06	288.87967	62.700077	325.16592	1.2848595	295.09018	63.802956	329.65143	1.2848595	264.21863	11.553999	289.01178	187.47078	-30.87156	57.439255	256.40024	-133.23656	51.559227	39.92452	256.40024	8.030667	0.63330144	3.799872	25.640022	-0.41544592	4252.321	10599.74	65741.08	64.491615	184.97626	900.27026	6574.1074	0.24556297
41	41999	13022.634606838226	763.2569	1268.1826	2959.8074	27.765844	269.25	2895.443	0.0	2895.443	2895.443	1000.0	215.27483	63.57536	404.48373	-179.44884	10.638186	0.9403042	2.7018075	33.89284	-14.624872	-218.00406	0.1684877	0.005104652	0.17665674	0.16052212	-0.10611568	1.0418797	0.8098432	9.550061	1.013279e-06	293.98233	19.942337	321.0303	225.27258	300.85547	18.825052	330.08844	236.91272	266.62857	12.596522	291.8792	221.5622	-34.226955	9.707401	-10.783743	-64.68307	34.226955	9.707401	64.68307	10.783743	-0.11251725	0.027823191	-0.040078335	-0.20498194	1265.7184	660.68994	4183.899	116.28911	4.118968	2.0318387	13.258861	0.43219444
42	42999	13382.565452098846	701.9202	1164.9385	3027.9055	27.21887	260.4	3101.97	0.0	3101.97	3101.97	1000.0	217.8547	65.36002	507.31174	-96.56107	13.592571	1.072745	2.7417982	35.821903	-12.735233	-220.68315	0.17064418	0.006261929	0.17891148	0.16147782	0.12900272	1.0539367	0.81999487	9.76573	7.748604e-07	307.12494	21.353909	335.21716	235.40218	306.94827	17.509668	332.02905	246.23184	267.30017	11.677467	291.3427	222.88776	-39.648056	8.085457	-22.76345	-60.82439	39.648056	8.085457	60.82439	22.76345	-0.1283018	0.020752521	-0.078055106	-0.18524267	1637.3429	641.44434	3699.6064	518.17474	5.2523975	1.8611783	11.267272	1.9253153
43	43999	13733.036944389343	1545.9366	1233.9855	2779.922	311.95108	500.0	53.83877	0.0	53.83877	53.83877	46.0	221.09589	77.03475	800.8435	-86.407486	16.799635	1.1292752	2.7931945	33.4484	-14.461982	-224.26028	0.18484683	0.0065171686	0.2087145	0.17883806	0.21168701	1.0374441	0.81596524	10.425598	2.4437904e-06	72.7037	38.70474	119.08352	0.6400098	28.290363	17.712013	59.47935	-0.9923752	529.4973	210.64745	896.85144	241.89685	501.20694	199.08417	857.1463	197.87796	501.20694	199.08417	857.1463	197.87796	20.4629	9.679841	58.983112	3.7815385	290842.94	207578.36	734699.8	39155.684	9989.368	5256.248	34790.074	748.2831
44	44999	14081.646714925766	1180.3763	1266.1473	2955.7798	91.05485	450.66666	109.086945	0.0	109.086945	109.086945	85.0	237.96361	94.84349	813.554	-88.85403	23.373013	1.43576	2.6322107	31.344854	-10.827496	-242.036	0.25465462	0.019885324	0.28025636	0.20890702	0.61703026	1.0924817	0.830983	10.169338	3.2037497e-07	170.18886	95.00565	261.65546	1.2203563	175.80067	101.84912	273.84927	1.2203563	268.5471	34.07642	498.00803	172.70282	92.746376	122.76915	493.14474	-92.80113	104.2882	113.12879	493.14474	0.057222247	3.695697	8.106523	49.314472	-0.34952825	23674.154	36206.25	243191.73	0.0032743856	1094.7556	3011.137	24319.172	1.267474e-05
45	45999	14424.516355276108	212.0469	84.98404	297.03094	127.06287	180.0	17.489008	0.0	17.489008	17.489008	30.0	225.1555	81.87063	768.8218	-97.21832	26.972557	1.0393955	2.5999763	31.799095	-12.753624	-228.98119	0.27235967	0.006351754	0.2886825	0.26189464	0.04982155	1.0325613	0.8003422	9.379122	1.3113022e-06	8.519617	3.8698196	16.650164	0.600599	0.6589541	2.198893	8.504987	-4.841391	381.12094	46.112537	437.13028	220.89917	380.46198	46.879753	441.97168	220.2992	380.46198	46.879753	441.97168	220.2992	38.046196	4.687975	44.197166	22.029919	146949.03	34102.73	195338.95	48531.734	14694.902	3410.273	19533.896	4853.1733
46	46999	14779.58203291893	219.20027	565.72473	1819.0813	10.294889	133.11111	1055.3408	0.0	1055.3408	1055.3408	1000.0	242.47658	89.06205	502.879	-101.122574	29.357836	1.037408	2.486447	32.683784	-11.311851	-247.04765	0.31156775	0.0095958635	0.32313016	0.28878263	0.04587512	1.0220091	0.7861987	9.440494	5.2154064e-07	105.17004	10.745643	131.15599	73.35906	126.65556	13.026109	155.72154	87.457146	266.7104	17.881424	308.81827	238.88123	140.05482	9.171734	167.91502	120.551155	140.05482	9.171734	167.91502	120.551155	1.116131	0.13256654	1.9179928	0.83604795	19699.473	2602.9666	28195.455	14532.581	156.79623	25.77554	321.7283	107.29555
47	47999	15137.36143708229	1155.162	262.50803	1417.67	892.654	695.5	3155.973	0.0	3155.973	3155.973	1000.0	214.25348	64.83677	366.23456	-158.30148	18.002697	0.6764948	2.3539865	28.931568	-10.496456	-217.30313	0.25580946	0.020349829	0.29542512	0.22646803	-0.4375518	0.96521264	0.74655527	7.5784173	1.1920929e-06	191.37154	62.364216	309.15848	2.9688747	195.73267	60.845043	310.33197	2.9688747	206.7781	42.50955	265.22034	-12.726774	11.045441	54.616142	103.307	-102.78146	47.60264	28.963999	103.307	0.049227953	0.12979709	0.3342627	1.9010401	-1.5695649	3104.9243	2950.8364	10672.336	0.0024233912	18.416698	20.385895	79.19212	1.8704484e-05
48	48999	15490.862119913101	835.222	268.92752	1213.2537	610.1221	273.33334	3211.0078	0.0	3211.0078	3211.0078	1000.0	205.82698	62.015015	295.85587	-174.09212	13.542789	0.8070098	2.467908	28.699749	-10.771498	-208.48972	0.20469065	0.010303832	0.22642526	0.19024822	-0.30283093	1.0025626	0.77822655	7.157503	5.662441e-07	320.54337	24.519072	353.3255	240.68806	319.82523	20.92762	346.26968	251.18106	265.35428	15.103507	286.64362	217.53809	-54.47093	10.138162	-30.173748	-81.86275	54.47093	10.138162	81.86275	30.173748	-0.16946687	0.024509327	-0.09647767	-0.24505791	3069.8647	1124.4135	6701.51	910.45514	9.470214	3.0942528	20.061115	2.914269
49	49999	15847.14853143692	1033.5363	534.1339	1567.6702	499.4023	357.5	2838.791	0.0	2838.791	2838.791	1000.0	208.5765	62.4659	295.81598	-179.25803	14.280186	0.9587286	2.4960907	28.448494	-10.859324	-211.22952	0.18398666	0.002596902	0.1902244	0.18159558	-0.06938242	1.01016	0.7796325	7.521106	3.5762787e-07	307.09207	20.110338	345.4724	234.98605	311.58755	17.2911	339.142	245.89404	268.7403	14.066771	290.53198	221.37987	-42.847248	10.258278	-19.167027	-71.82287	42.847248	10.258278	71.82287	19.167027	-0.13686489	0.028754467	-0.06304442	-0.21516564	1941.1185	921.75037	5158.524	367.3749	6.152895	2.715873	15.453814	1.2083741
50	50999	16212.699744939804	2886.2546	0.0	2886.2546	2886.2546	1000.0	2866.4763	0.0	2866.4763	2866.4763	1000.0	213.62888	62.66066	296.32578	-180.15843	12.804188	0.9685544	2.4854429	29.196024	-11.104828	-216.24043	0.17944044	0.0025185756	0.18194073	0.1734295	-0.054304942	1.0041462	0.77731377	6.74587	1.8626451e-07	299.35858	18.276857	328.25232	231.47368	309.84738	16.292152	335.21613	249.11563	269.45148	14.125889	290.54376	220.94272	-40.395878	6.710021	-24.674757	-70.595825	40.395878	6.710021	70.595825	24.674757	-0.13014778	0.018886572	-0.07968089	-0.21823244	1676.8516	560.4781	4983.771	608.84357	5.3783183	1.6674216	15.406301	1.9661065
51	51999	16572.971477031708	2944.8088	0.0	2944.8088	2944.8088	1000.0	3097.4348	0.0	3097.4348	3097.4348	1000.0	217.4412	62.211834	296.7333	-162.52483	11.979349	0.9695387	2.5407956	31.061764	-10.809572	-219.9935	0.16757229	0.0023465601	0.17342071	0.16517986	-0.054023042	1.0062516	0.78279984	7.97505	1.0728836e-06	317.00803	23.330467	354.29474	240.28963	323.015	20.832354	355.66943	253.53854	274.23654	15.850141	295.34302	223.25078	-48.77844	8.64332	-29.938232	-74.33175	48.77844	8.64332	74.33175	29.938232	-0.15036081	0.020801965	-0.10617833	-0.2136278	2454.0432	853.9449	5525.2085	896.2977	7.5063543	2.3270936	15.879328	3.5326042
52	52999	16930.630971193314	3069.5105	0.0	3069.5105	3069.5105	1000.0	959.51025	0.0	959.51025	959.51025	304.0	221.7298	61.434223	299.0956	-181.26762	11.059612	0.97553426	2.5700397	27.895325	-10.82529	-224.27066	0.16286731	0.0022324764	0.16561875	0.15891214	-0.0444517	1.0135163	0.788403	7.8523903	4.3534674e-06	322.6456	22.061554	348.30344	245.16463	324.5307	18.46479	347.0593	258.1344	275.5631	15.27116	293.55884	222.16556	-48.967617	5.277498	-35.363766	-67.68628	48.967617	5.277498	67.68628	35.363766	-0.1507222	0.011825129	-0.11501896	-0.19959848	2425.6794	513.9363	4581.432	1250.596	7.4346	1.3359566	13.510077	4.34067
53	53999	17286.276864290237	3184.8362	0.0	3184.8362	3184.8362	1000.0	3169.9407	0.0	3169.9407	3169.9407	1000.0	227.26334	58.603294	302.49597	-162.38963	11.127953	0.9961215	2.6446092	28.606874	-10.847962	-229.85413	0.15802325	0.00043568297	0.1589123	0.15700038	-0.007098427	1.0408244	0.8078831	8.158907	3.5762787e-07	299.66068	57.063297	347.92557	4.3857746	301.72205	58.66971	351.11136	4.3857746	265.2022	27.433853	294.20013	84.540985	-36.519806	33.591103	114.03497	-65.614235	46.888786	16.232695	114.03497	0.09818676	-0.04208741	0.5628834	8.015521	-0.18965006	2462.0583	1597.7993	13003.976	0.00964064	13.778044	46.520786	642.4858	3.7604936e-05
54	54999	17650.85200381279	3137.036	0.0	3137.036	3137.036	1000.0	1306.2059	0.0	1306.2059	1306.2059	392.0	232.64519	58.90094	303.88913	-103.23553	10.751215	1.0106028	2.6216824	27.115646	-10.6229925	-235.24126	0.15926981	0.0022703204	0.16229875	0.15621825	0.019557431	1.0506172	0.8031936	7.830153	1.5199184e-06	306.2258	54.905544	350.10687	4.4047585	304.18918	56.885136	345.5557	4.4047585	273.358	23.58099	297.68802	121.8262	-30.83116	35.982483	162.38762	-61.502575	43.460697	18.880339	162.38762	0.13226017	-0.0052964357	0.79461783	13.0174675	-0.18575464	2245.299	2471.776	26369.74	0.017492754	18.260057	105.21582	1694.5447	6.398634e-05
55	55999	18009.576262950897	1734.0194	985.5591	3120.747	919.2897	525.3333	3063.6484	0.0	3063.6484	3063.6484	1000.0	233.26242	62.08778	307.98126	-125.645645	10.944724	0.973536	2.5940473	31.758045	-13.184254	-235.77083	0.15882732	0.0031057182	0.1625296	0.15370236	-0.048873555	1.032397	0.79954606	9.162649	3.33786e-06	315.95596	17.44752	337.3239	247.14424	315.81226	15.590484	334.5285	255.25844	282.44754	14.961868	300.6437	229.39664	-33.364735	4.759141	-19.987833	-46.582603	33.364735	4.759141	46.582603	19.987833	-0.105696514	0.014378735	-0.06273008	-0.15366223	1135.855	328.9428	2169.939	399.5135	3.590665	1.0009813	7.157987	1.2538384
56	56999	18360.634344816208	2990.9978	0.0	2990.9978	2990.9978	1000.0	2911.075	0.0	2911.075	2911.075	1000.0	227.99098	65.77755	307.72287	-114.46093	10.052113	0.9770083	2.551619	26.678112	-12.270448	-230.39163	0.15074807	0.0023322883	0.15439674	0.14744328	-0.043382525	1.0257188	0.7931173	6.805811	1.1026859e-06	299.14117	14.910057	321.51376	239.24956	305.69733	14.125867	326.45782	249.69197	278.78696	15.33897	300.07755	225.47993	-26.910345	5.537154	-11.678496	-42.878304	26.910345	5.537154	42.878304	11.678496	-0.08827025	0.018850245	-0.03755997	-0.14299545	754.8268	291.28952	1838.5488	136.38728	2.476541	0.96646756	6.131402	0.43870366
57	57999	18722.219038963318	3003.2854	0.0	3003.2854	3003.2854	1000.0	3056.8718	0.0	3056.8718	3056.8718	1000.0	229.14809	64.09248	306.45663	-96.868286	9.572946	0.985099	2.5513897	27.422436	-16.60311	-231.48676	0.14725958	0.0007410803	0.14875498	0.14482315	-0.028555553	1.0333441	0.79365873	7.316592	2.0235311e-06	308.32318	15.713359	334.03696	244.59665	311.1169	14.405544	334.17218	255.08429	279.24	14.798669	300.86768	225.76653	-31.876867	3.8688552	-22.780739	-44.245083	31.876867	3.8688552	44.245083	22.780739	-0.10267844	0.013155614	-0.071385376	-0.14124379	1031.1028	254.77065	1957.6274	518.9621	3.3199515	0.81762373	6.249343	1.6262118
58	58999	19085.569437026978	3095.2322	0.0	3095.2322	3095.2322	1000.0	2995.666	0.0	2995.666	2995.666	1000.0	232.70456	64.06802	308.37054	-90.683365	9.131532	0.96936285	2.5746765	28.154648	-10.895537	-235.02779	0.1415159	0.0023096267	0.14488839	0.13770357	-0.05989344	1.0343311	0.7924997	9.129474	1.1920929e-06	304.62082	15.248408	322.2273	240.69142	311.60446	14.138382	329.25406	254.03276	280.59583	14.177421	298.4383	227.23325	-31.008627	3.114649	-21.20283	-41.048313	31.008627	3.114649	41.048313	21.20283	-0.099686325	0.010582268	-0.066921234	-0.13483073	971.23596	193.98105	1684.9641	449.55997	3.1205466	0.62125546	5.5127416	1.4189196
59	59999	19439.755779981613	3111.869	0.0	3111.869	3111.869	1000.0	3054.0967	0.0	3054.0967	3054.0967	1000.0	235.54747	64.231224	309.65	-103.125595	9.063096	0.97918594	2.589521	28.534939	-12.643107	-237.81314	0.1353722	0.0009966075	0.13781573	0.13350093	-0.04155984	1.0286007	0.7917607	7.758965	7.003546e-07	296.03128	39.13593	346.48737	131.05113	302.91574	38.379097	346.75583	137.19226	284.00107	16.308773	308.52466	227.62372	-18.914667	39.122925	154.95654	-65.564674	37.658733	21.683819	154.95654	0.47704047	-0.040778138	0.19230126	1.1294845	-0.1994469	1888.368	3071.2925	24011.53	0.22756761	8.106172	19.80456	175.02101	0.000763846
60	60999	19793.38135457039	3124.27	0.0	3124.27	3124.27	1000.0	3191.0984	0.0	3191.0984	3191.0984	1000.0	238.18898	63.624184	312.3022	-116.031784	8.944359	1.0024616	2.6011732	30.140156	-10.803249	-240.43584	0.13356845	0.0006181541	0.13493152	0.13245548	0.005008851	1.0277917	0.79171187	8.410639	8.34465e-07	317.16666	18.75403	344.25873	243.83542	323.53613	17.632416	343.99683	257.63882	285.1503	15.697534	307.71194	230.18317	-38.38582	5.988326	-27.29558	-59.771008	38.38582	5.988326	59.771008	27.29558	-0.118505195	0.016317738	-0.08588122	-0.17687774	1509.3312	477.74664	3572.5732	745.04865	4.6410384	1.3753024	10.544035	2.398556
61	61999	20151.24199604988	3098.4197	0.0	3098.4197	3098.4197	1000.0	3090.9658	0.0	3090.9658	3090.9658	1000.0	240.02713	63.884464	312.7021	-121.56136	8.714475	0.97898585	2.6324303	26.621838	-10.872472	-242.27005	0.13120325	0.0013258673	0.1337113	0.12870656	-0.042578302	1.0244008	0.7952619	8.227371	2.9206276e-06	314.966	20.354784	345.4697	243.11066	322.2219	18.341785	347.08698	257.0646	286.40363	16.324972	311.5766	230.01672	-35.818268	4.9181347	-22.994503	-45.4048	35.818268	4.9181347	45.4048	22.994503	-0.111063346	0.0129431635	-0.071181186	-0.13621373	1307.1362	344.92508	2061.596	528.74713	4.0362787	0.9624004	6.101228	1.6367759
62	62999	20505.152587890625	3216.675	0.0	3216.675	3216.675	1000.0	3223.8848	0.0	3223.8848	3223.8848	1000.0	242.64966	63.877575	316.50888	-118.06114	8.104161	0.98848933	2.647884	25.671858	-10.199233	-244.8789	0.12877968	0.0005496086	0.12970571	0.12694697	-0.023623448	1.0244077	0.79534394	7.4751644	3.453344e-06	319.90588	16.871658	340.07297	250.4486	324.83487	15.015297	343.19104	263.54004	286.27505	14.924757	302.76804	230.69162	-38.559826	3.7450309	-29.974167	-50.321808	38.559826	3.7450309	50.321808	29.974167	-0.11889419	0.01199547	-0.09095636	-0.1570332	1500.8853	292.15686	2532.2844	898.4507	4.6240425	0.88568676	7.902195	2.726341
63	63999	20864.26876592636	3161.9382	0.0	3161.9382	3161.9382	1000.0	3207.5952	0.0	3207.5952	3207.5952	1000.0	244.85324	64.398735	317.45013	-134.08418	8.113755	1.0062941	2.6746953	27.321	-11.197836	-247.08119	0.12696701	0.0005643769	0.12787731	0.12551269	0.013040663	1.0238045	0.79854125	9.6785965	2.592802e-06	323.28018	18.722242	347.17267	250.43541	326.93893	16.320728	346.19617	262.99698	291.14963	16.64636	313.25262	231.17868	-35.78932	3.4149551	-25.712746	-48.00888	35.78932	3.4149551	48.00888	25.712746	-0.10975784	0.0118286535	-0.0779544	-0.14585993	1292.5374	249.46606	2304.8525	661.14526	3.9631715	0.781383	6.8857594	2.0044217
64	64999	21214.81453180313	3196.4873	0.0	3196.4873	3196.4873	1000.0	3288.014	0.0	3288.014	3288.014	1000.0	246.55193	64.66602	319.57904	-149.80244	8.362972	0.97829	2.6704729	28.082163	-11.155604	-248.73923	0.12585373	0.0013339989	0.12843733	0.12352524	-0.044938073	1.012738	0.7954666	6.878307	2.861023e-06	328.5327	20.259537	356.25406	254.95079	323.50882	19.317047	345.5741	263.50177	286.54	15.056576	307.04825	231.32048	-36.96882	9.632847	3.8190186	-52.93772	37.00433	9.495514	52.93772	0.09397334	-0.113461815	0.028250692	0.014012304	-0.15718912	1459.485	541.35583	2802.4023	0.008830988	4.4608335	1.5760784	8.321234	3.1807824e-05
65	65999	21570.761676073074	1564.8154	0.0	1564.8154	1564.8154	473.0	3177.807	0.0	3177.807	3177.807	1000.0	247.38515	65.00883	319.8951	-133.59816	7.836822	1.0066081	2.674065	30.852497	-10.257599	-249.50908	0.12429625	0.00071550265	0.12533142	0.123190135	0.01382911	1.0131955	0.797162	7.4922876	8.34465e-07	316.10345	18.012512	337.7268	246.23224	322.59702	15.521066	338.96906	261.73236	289.23016	15.510237	306.15253	232.07419	-33.366867	2.9016135	-26.101614	-43.004005	33.366867	2.9016135	43.004005	26.101614	-0.10364432	0.009879148	-0.07912563	-0.1364451	1121.7671	197.603	1849.3446	681.2943	3.4825559	0.61408347	5.8676863	2.0653067
66	66999	21926.24333548546	2147.839	1082.8081	3230.6472	1065.0309	661.0	3259.4302	0.0	3259.4302	3259.4302	1000.0	248.06647	65.47089	320.1361	-130.34688	7.5436144	0.98987585	2.6714625	29.112335	-12.923552	-250.14578	0.12352042	0.0007335927	0.12513329	0.12260871	-0.021093082	1.0100119	0.798204	8.664442	8.34465e-07	330.3303	20.172867	352.39127	252.67885	331.83624	17.984035	349.79507	260.08435	291.33185	15.91686	312.50137	232.11316	-40.504417	4.582924	-27.80355	-53.01355	40.504417	4.582924	53.01355	27.80355	-0.12198815	0.011417184	-0.09615686	-0.15522908	1661.6112	373.1688	2810.4365	773.0374	4.9877625	1.0171651	8.229244	2.8355343
67	67999	22287.783195495605	3194.8271	0.0	3194.8271	3194.8271	1000.0	3224.427	0.0	3224.427	3224.427	1000.0	247.91312	65.30541	320.32037	-114.51788	7.532456	0.9991046	2.6584058	33.639862	-10.705703	-250.0199	0.12241687	0.00041053456	0.12325018	0.1215754	-0.0018288951	1.0102526	0.79941285	10.6382065	5.364418e-07	318.6352	19.110155	338.8824	244.36974	323.83554	16.595507	342.50928	257.90268	290.60007	16.192844	309.2187	231.73041	-33.235485	3.0800784	-26.067127	-44.397366	33.235485	3.0800784	44.397366	26.067127	-0.10279744	0.009769788	-0.07910578	-0.13830698	1114.0841	209.88422	1971.1262	679.49506	3.4419503	0.6352442	6.1404657	2.0781486
68	68999	22648.45773625374	3206.2808	0.0	3206.2808	3206.2808	1000.0	3192.9067	0.0	3192.9067	3192.9067	1000.0	248.77809	65.153725	321.13745	-130.16718	6.9486475	0.9963502	2.657285	28.426329	-11.131135	-250.82425	0.12241967	0.00038978318	0.12323731	0.12158282	-0.007615997	1.0128248	0.80026865	7.158098	3.9339066e-06	318.92587	18.970627	345.26016	246.77324	322.8575	16.572105	345.92746	259.69092	292.58594	16.999235	314.3051	231.24004	-30.27153	3.4170506	-20.82676	-38.384468	30.27153	3.4170506	38.384468	20.82676	-0.094049856	0.011789468	-0.06347996	-0.117703065	928.0418	208.51714	1473.3673	433.75394	2.8828645	0.6530564	4.377517	1.3220818
69	69999	23000.746767520905	3200.2659	0.0	3200.2659	3200.2659	1000.0	3215.7869	0.0	3215.7869	3215.7869	1000.0	249.9895	65.435524	322.69443	-108.94267	6.8258204	1.0120713	2.6403341	30.610985	-10.44282	-252.021	0.122930676	0.0008076861	0.12428027	0.12155143	0.025339177	1.0149543	0.79943454	7.661109	1.2516975e-06	320.1863	20.858402	341.2123	243.81201	324.63773	18.450518	343.82504	258.30826	291.9935	16.434269	310.9625	233.29259	-32.644245	3.6177123	-24.055353	-43.385067	32.644245	3.6177123	43.385067	24.055353	-0.100480914	0.0087077655	-0.07351945	-0.12924294	1078.7345	240.15923	1882.2639	578.66003	3.307399	0.64631724	5.6072135	1.7685363
70	70999	23358.159222364426	3235.614	0.0	3235.614	3235.614	1000.0	3260.4414	0.0	3260.4414	3260.4414	1000.0	252.0686	65.64569	323.76492	-135.59529	6.7203307	0.9839038	2.6171238	27.489128	-11.119271	-254.07893	0.122727804	0.0010206822	0.12430738	0.120944165	-0.033711616	1.0103658	0.79645914	7.088076	1.6987324e-06	325.13904	20.643274	350.01788	248.07262	325.4712	18.063887	348.1083	258.5409	297.10794	17.729353	321.81824	233.21901	-28.363258	3.3485506	-21.609646	-38.233288	28.363258	3.3485506	38.233288	21.609646	-0.08732841	0.01051508	-0.06501105	-0.1135792	815.68726	199.75941	1461.7842	466.97684	2.507574	0.5918374	4.342506	1.4048657
71	71999	23717.42537379265	2910.67	0.0	2910.67	2910.67	866.0	3216.9048	0.0	3216.9048	3216.9048	1000.0	253.54207	65.54612	325.43698	-144.41273	6.7029963	1.0054188	2.6111255	26.391027	-10.641094	-255.53	0.12254365	0.00072764314	0.12411042	0.12106643	0.011478932	1.0134107	0.7944838	6.9082456	1.7285347e-06	319.76633	21.028975	344.40082	241.52982	323.55362	19.217764	345.58817	255.13304	296.4165	17.846678	318.01932	233.82175	-27.137064	2.893894	-19.024738	-32.632133	27.137064	2.893894	32.632133	19.024738	-0.08388514	0.007659893	-0.06128792	-0.09903637	744.795	152.69666	1064.8561	361.94067	2.2947817	0.42480636	3.166195	1.1856099
72	72999	24079.84021472931	3239.6187	0.0	3239.6187	3239.6187	1000.0	3232.7297	0.0	3232.7297	3232.7297	1000.0	254.02893	65.82006	325.7592	-117.102646	6.761968	0.9988537	2.629132	25.49627	-9.81089	-256.04663	0.12242876	0.00034713678	0.123229876	0.121764675	-0.0023720232	1.0166206	0.7991711	7.0588136	1.1175871e-06	319.1857	19.88063	343.06778	244.88399	325.92166	18.36353	344.6463	256.67926	295.04172	16.381174	311.96478	234.0567	-30.879932	3.3184924	-20.950586	-39.608387	30.879932	3.3184924	39.608387	20.950586	-0.094667785	0.0077664023	-0.07195924	-0.11607396	964.58276	205.00623	1568.8245	438.92703	2.9454963	0.54171413	4.597502	1.6798439
73	73999	24436.214577674866	3265.4382	0.0	3265.4382	3265.4382	1000.0	3250.8481	0.0	3250.8481	3250.8481	1000.0	255.43138	65.56443	327.12402	-160.11264	6.3841233	0.9960222	2.6418781	30.028301	-11.273151	-257.35812	0.12100971	0.0004892398	0.12204221	0.12016622	-0.008328701	1.0134978	0.7973989	6.9312863	4.917383e-07	321.78983	21.798775	346.50027	244.1386	323.63766	18.611336	343.36136	255.04546	295.56027	16.8188	315.99158	234.0105	-28.077404	3.0754385	-19.429502	-35.316784	28.077404	3.0754385	35.316784	19.429502	-0.0866892	0.007380614	-0.06961049	-0.10702699	797.7988	171.03593	1247.2751	377.50555	2.4535263	0.45948666	3.7798488	1.4417299
74	74999	24793.000418901443	3257.9712	0.0	3257.9712	3257.9712	1000.0	3330.6309	0.0	3330.6309	3330.6309	1000.0	256.72104	65.551994	326.99756	-134.37296	6.4169374	1.0058606	2.6455653	29.263597	-11.727471	-258.6576	0.12273136	0.00078116986	0.124365516	0.120968565	0.012418001	1.0180324	0.80143297	7.977771	2.7269125e-06	333.84595	21.606665	353.82553	253.64058	331.02936	18.689222	347.19998	261.50217	296.25537	16.213476	315.51022	235.1165	-34.77396	4.126982	-26.205166	-43.736668	34.77396	4.126982	43.736668	26.205166	-0.10489928	0.009415986	-0.08249125	-0.12913582	1226.2603	288.00485	1912.896	686.71075	3.6827223	0.755655	5.64797	2.3400168
75	75999	25151.85250401497	3286.622	0.0	3286.622	3286.622	1000.0	3312.3784	0.0	3312.3784	3312.3784	1000.0	258.28165	65.61131	327.43896	-125.289734	6.2490325	0.9952793	2.6433802	31.255322	-12.752342	-260.2425	0.12200575	0.00030481856	0.1227431	0.12148578	-0.009890541	1.0181122	0.80067146	7.6283484	6.7800283e-07	330.65518	22.199467	354.08966	250.17873	329.4756	18.982758	347.66068	257.6045	300.88794	17.669828	319.19696	237.1702	-28.58764	2.1944041	-20.39596	-34.036247	28.58764	2.1944041	34.036247	20.39596	-0.086812906	0.0051528653	-0.07393478	-0.10010907	822.06866	123.59143	1158.4661	415.99515	2.4892843	0.31057718	3.3849745	1.6148599
76	76999	25508.990522623062	3293.8157	0.0	3293.8157	3293.8157	1000.0	3342.1245	0.0	3342.1245	3342.1245	1000.0	260.19882	64.699715	328.6657	-104.63324	6.005944	1.0085878	2.626325	28.226604	-12.773901	-262.07086	0.12225359	0.00048980373	0.12318549	0.12155772	0.018092904	1.0229754	0.800542	6.823875	1.3113022e-06	333.89203	20.2015	357.26593	254.39395	332.79068	17.091158	352.51636	263.5254	293.67978	14.548816	313.14542	236.83177	-39.110893	4.3700824	-25.994343	-52.23039	39.110893	4.3700824	52.23039	25.994343	-0.11736938	0.010218744	-0.08424567	-0.15502122	1548.7596	330.4866	2728.0134	675.7059	4.630984	0.8766426	8.096818	2.378129
77	77999	25869.49028468132	3311.1924	0.0	3311.1924	3311.1924	1000.0	3313.8608	0.0	3313.8608	3313.8608	1000.0	261.90985	65.095894	329.2298	-130.64854	5.9037757	0.9930818	2.6397882	26.780418	-12.184195	-263.80734	0.12357504	0.00074241456	0.12442136	0.12172326	-0.01446484	1.0207558	0.7990783	7.579832	5.364418e-07	329.633	20.97104	352.11755	251.16835	329.721	18.166826	346.90353	260.74298	299.09122	16.452232	316.01898	237.1219	-30.629791	3.0916622	-23.62108	-40.354706	30.629791	3.0916622	40.354706	23.62108	-0.09285893	0.007333959	-0.07613936	-0.12019909	947.7425	192.31029	1628.5023	557.95544	2.8633468	0.50759697	4.850599	1.953896
78	78999	26219.369076013565	3295.724	0.0	3295.724	3295.724	1000.0	1482.1387	0.0	1482.1387	1482.1387	439.0	263.5098	64.77	329.6546	-125.5482	5.785563	0.9824602	2.629781	29.425179	-11.054636	-265.3781	0.11966599	0.0013308708	0.12210184	0.11784725	-0.037114363	1.0178419	0.7969729	6.6336246	1.7285347e-06	306.38846	53.05209	351.05737	28.725441	300.03912	51.207405	342.47427	26.494219	279.52917	43.915012	314.3275	31.865057	-20.509964	11.698221	16.098656	-36.30265	21.670362	9.37563	36.30265	0.22969337	-0.06313881	0.04420624	0.27544048	-0.10881356	557.507	351.07037	1317.8824	0.052759044	1.7640169	1.0352409	3.9502208	0.00019692804
79	79999	26581.669159173965	3314.65	0.0	3314.65	3314.65	1000.0	3315.0369	0.0	3315.0369	3315.0369	1000.0	264.67404	64.894005	331.08978	-104.069214	5.663372	0.99900997	2.6397812	26.203709	-11.536244	-266.53522	0.1188051	0.0002943761	0.11933975	0.118087836	-0.002069323	1.0204147	0.7997415	7.3828993	3.632158e-06	330.43524	22.292364	353.70633	249.20683	329.68777	18.99424	348.23294	258.33237	301.62933	17.729	323.3001	236.79898	-28.058422	2.528274	-20.173294	-35.96547	28.058422	2.528274	35.96547	20.173294	-0.08515397	0.006540031	-0.06985726	-0.105247006	793.66724	141.17007	1293.5149	406.96182	2.4017885	0.3753772	3.7852578	1.5506645
80	80999	26935.874933481216	3287.8738	0.0	3287.8738	3287.8738	1000.0	3316.7534	0.0	3316.7534	3316.7534	1000.0	266.15323	64.86034	331.51166	-110.5307	5.7614894	0.99246454	2.6515422	30.291763	-10.404626	-267.9877	0.11794971	0.00070787943	0.11893688	0.116403274	-0.016065506	1.0160102	0.79935914	7.876498	1.4230609e-06	329.89423	21.522131	355.8238	251.03316	330.1113	18.024105	349.7548	263.0541	302.56668	18.255114	322.99643	237.52243	-27.544651	2.1297183	-21.58567	-34.7711	27.544651	2.1297183	34.7711	21.58567	-0.0837367	0.008347236	-0.06359893	-0.106184624	763.24335	118.68976	1209.0293	465.94116	2.3205495	0.3866591	3.5829291	1.3770957
81	81999	27299.442183732986	1991.8854	0.0	1991.8854	1991.8854	590.0	3319.6755	0.0	3319.6755	3319.6755	1000.0	266.8221	65.29833	333.01797	-92.7508	5.7413397	0.98497945	2.6313367	26.79589	-10.573308	-268.6486	0.11611495	0.00076344836	0.11703346	0.11417372	-0.032386307	1.0071552	0.79732996	8.350088	1.4305115e-06	331.90845	20.442593	351.36685	253.0274	331.51907	16.945807	349.31985	265.23044	296.65726	15.988184	315.59015	237.31088	-34.86179	4.2462254	-26.039967	-52.46723	34.86179	4.2462254	52.46723	26.039967	-0.10520999	0.011906915	-0.07813568	-0.15614189	1233.3748	307.44397	2752.8103	678.0799	3.713583	0.873274	8.192333	2.0729964
82	82999	27652.72544336319	3306.8796	0.0	3306.8796	3306.8796	1000.0	3330.3875	0.0	3330.3875	3330.3875	1000.0	267.69662	65.39955	334.1096	-128.38554	5.956419	1.0069147	2.6577182	29.296106	-11.932389	-269.5106	0.115709975	0.0006874489	0.11674511	0.11406472	0.015038216	1.0075744	0.8010977	7.3926764	7.390976e-06	322.67285	30.942915	355.46396	192.29779	317.19107	31.118355	348.58057	182.55089	296.6779	25.965515	324.3371	176.0365	-20.513155	9.165224	12.61899	-33.824665	21.051853	7.849228	33.824665	0.007490967	-0.06301542	0.029400771	0.059193015	-0.10181133	504.79095	283.62753	1144.108	5.611459e-05	1.5576411	0.8604033	3.4437342	2.2954318e-07
83	83999	28013.230086803436	3346.1897	0.0	3346.1897	3346.1897	1000.0	3337.795	0.0	3337.795	3337.795	1000.0	268.3967	65.91865	334.21466	-161.18588	5.770284	0.99925286	2.6656196	30.526133	-13.073622	-270.22028	0.11545832	0.0005952834	0.11672128	0.11438043	-0.0015473099	1.0072712	0.8030137	8.571422	1.2777746e-06	333.1509	22.700165	356.74985	251.21536	327.52225	18.293541	348.15274	258.40466	305.13876	18.971619	324.48566	238.04228	-22.383509	1.9336599	-16.989416	-28.126062	22.383509	1.9336599	28.126062	16.989416	-0.0686905	0.008417813	-0.050928824	-0.09241246	504.76047	87.22778	791.0754	288.6403	1.5515924	0.3164572	2.5508494	0.865251
84	84999	28374.62742114067	3418.166	0.0	3418.166	3418.166	1000.0	3347.119	0.0	3347.119	3347.119	1000.0	269.1541	65.67249	335.17987	-163.67207	5.856862	1.0016531	2.648	32.11318	-12.409274	-270.91025	0.11561612	0.00044375862	0.11674873	0.11496685	0.0036243782	1.0066627	0.8019878	9.639882	2.3543835e-06	333.47305	20.995916	355.94522	254.4913	330.2555	17.65031	346.67078	261.27255	299.2812	17.083096	321.56372	238.36626	-30.974335	5.8635907	-21.217659	-50.202663	30.974335	5.8635907	50.202663	21.217659	-0.0938092	0.016808754	-0.0629056	-0.14990593	993.7911	389.69672	2520.3074	450.18906	3.0001771	1.1288906	7.525677	1.3347096
85	85999	28735.78332734108	3332.2134	0.0	3332.2134	3332.2134	1000.0	3353.089	0.0	3353.089	3353.089	1000.0	269.8891	65.36995	334.74033	-127.720055	5.681899	1.0024712	2.6310785	28.272917	-10.6956215	-271.64075	0.11573787	0.0003019323	0.11634445	0.11511153	0.0053809052	1.0089467	0.8013486	7.494508	4.61936e-07	294.56857	91.15637	356.0076	3.3318384	292.95984	89.14707	350.06042	3.3318384	302.00317	21.195232	328.35443	238.25894	9.043296	81.57945	321.56427	-33.43882	52.610737	63.000774	321.56427	20.003447	0.5429182	2.8185656	32.15643	-0.10276806	6736.9873	16772.773	103403.586	400.13785	157.45218	853.333	10340.358	1.2404724
86	86999	29095.74140882492	1801.1472	1533.2305	3334.3777	267.9168	557.0	3336.918	0.0	3336.918	3336.918	1000.0	270.06308	65.99527	335.08078	-138.73708	5.8632083	1.0556178	2.586901	27.453846	-13.1020155	-271.82663	0.12032542	0.0028987296	0.12650648	0.11596835	0.1174735	1.0169625	0.8030312	8.75982	4.0233135e-07	334.445	21.661465	356.8734	255.37776	330.49634	18.815092	349.09476	261.46957	304.96515	18.232552	326.1074	242.88144	-25.531199	4.39877	-18.00582	-44.59763	25.531199	4.39877	44.59763	18.00582	-0.077309445	0.012783003	-0.054764565	-0.13264243	671.19116	239.7662	1988.9485	324.20953	2.0269527	0.70015335	5.9155383	1.0218074
87	87999	29456.37212729454	3334.7292	0.0	3334.7292	3334.7292	1000.0	3343.41	0.0	3343.41	3343.41	1000.0	270.9207	65.77601	334.06735	-132.48105	5.9221797	0.9840305	2.5206368	27.80123	-12.918554	-272.66678	0.12610638	0.0010987245	0.12737323	0.12342056	-0.03313901	1.0046064	0.7897787	7.915914	1.5497208e-06	333.90747	20.997774	353.27505	255.39603	332.1245	19.550037	349.91113	260.99146	306.26346	18.702387	324.11014	241.59644	-25.861048	4.125772	-18.73326	-41.781143	25.861048	4.125772	41.781143	18.73326	-0.07791159	0.011590668	-0.05555044	-0.12153208	685.81573	235.80675	1745.6641	350.93503	2.0592797	0.67041856	5.0777497	1.0406408
88	88999	29818.473808050156	3338.2056	0.0	3338.2056	3338.2056	1000.0	3348.878	0.0	3348.878	3348.878	1000.0	271.80997	65.26191	335.66473	-132.75452	5.548336	0.96827877	2.5029926	28.325518	-10.9785385	-273.5553	0.120971665	0.0020048097	0.12369673	0.11709375	-0.06714416	0.99537665	0.78421825	7.7809362	3.2037497e-07	335.4684	22.11982	356.05316	254.78062	332.78998	19.726526	352.619	258.66034	308.1245	19.274864	327.57837	241.92381	-24.66547	2.7034395	-16.546364	-33.617306	24.66547	2.7034395	33.617306	16.546364	-0.07426503	0.008352428	-0.059692126	-0.09684514	615.69403	134.4297	1130.1233	273.78214	1.8511286	0.4018439	3.255673	1.0452809
89	89999	30178.646829128265	3325.3423	0.0	3325.3423	3325.3423	1000.0	3354.6553	0.0	3354.6553	3354.6553	1000.0	272.21097	64.866104	335.9678	-114.34892	5.2663746	0.97413677	2.5447114	28.009665	-10.091721	-273.92282	0.11496586	0.0011623848	0.1170871	0.112021096	-0.05599375	0.9976546	0.78717256	8.272489	1.1920929e-07	333.42255	22.405575	360.81802	254.40817	328.96155	20.824278	353.6246	261.4466	301.43524	19.263943	326.6251	242.78973	-27.52633	5.7069387	-8.815531	-44.006226	27.52633	5.7069387	44.006226	8.815531	-0.08355427	0.016248725	-0.029293595	-0.12784146	790.2681	311.51456	1936.5477	77.713585	2.3885221	0.9000563	5.62582	0.25823858
90	90999	30541.18586921692	3329.0388	0.0	3329.0388	3329.0388	1000.0	3350.5413	0.0	3350.5413	3350.5413	1000.0	273.05984	64.60169	336.32266	-111.643814	5.1463876	0.9686695	2.5787516	29.274483	-12.48161	-274.7416	0.10847644	0.0013565623	0.11201816	0.106219396	-0.069367446	0.9958204	0.7888063	7.8430257	8.6426735e-07	334.67645	24.152706	359.27493	251.4478	330.13602	20.774208	351.1717	257.98398	309.5856	20.529652	329.3183	240.55978	-20.55041	2.0350456	-14.999099	-25.738981	20.55041	2.0350456	25.738981	14.999099	-0.062451057	0.006890314	-0.044423383	-0.082913205	426.46072	83.95022	662.4951	224.97296	1.2944884	0.2554431	2.1341014	0.6663107
91	91999	30890.742727279663	3344.8643	0.0	3344.8643	3344.8643	1000.0	3368.8008	0.0	3368.8008	3368.8008	1000.0	273.94937	64.63962	336.65915	-104.49904	5.1297703	0.982724	2.6190503	27.676561	-11.43614	-275.60535	0.10444838	0.0009224581	0.106397405	0.10323964	-0.038938522	1.0025946	0.795612	7.6243663	2.1457672e-06	314.60474	53.99969	357.27875	38.814816	309.46634	52.4667	350.63162	39.994686	289.72952	43.47496	321.42822	42.486633	-19.736822	13.700978	24.758234	-39.364117	21.888367	9.907491	39.364117	0.154807	-0.058165602	0.045549314	0.10825946	-0.11516581	577.259	382.594	1549.5338	0.023965206	1.7626141	1.0948652	4.532527	7.610372e-05
92	92999	31255.878403186798	3341.3313	0.0	3341.3313	3341.3313	1000.0	3347.923	0.0	3347.923	3347.923	1000.0	275.21225	63.949673	337.4997	-77.866974	4.973865	0.98932827	2.6520514	27.42853	-11.914421	-276.84042	0.10223396	0.0009815083	0.10380181	0.10088701	-0.024288177	0.99995196	0.7983689	7.6952934	5.066395e-07	333.67603	21.726484	354.11523	253.83514	335.37308	18.724062	352.71188	265.94702	309.5412	20.065712	328.29767	240.40555	-25.83186	3.054933	-18.777962	-36.420433	25.83186	3.054933	36.420433	18.777962	-0.0774941	0.011819963	-0.055130657	-0.11229676	676.61755	162.64116	1326.4478	352.61182	2.0349214	0.54633045	4.0898967	1.0352414
93	93999	31613.820636749268	3359.0144	0.0	3359.0144	3359.0144	1000.0	3366.105	0.0	3366.105	3366.105	1000.0	276.0199	63.64588	338.95377	-84.545074	4.83181	0.98134124	2.6607747	29.693611	-12.52323	-277.6627	0.09875746	0.00087926956	0.10134114	0.09764389	-0.0429422	1.000699	0.80034596	7.73743	1.1324883e-06	335.7325	22.30108	360.24002	253.32535	333.34103	19.917046	353.81104	260.40295	309.20853	19.733961	330.79395	240.81155	-24.132515	2.7066765	-14.199156	-37.337383	24.132515	2.7066765	37.337383	14.199156	-0.0726125	0.008720963	-0.041678503	-0.10579311	589.70435	131.73018	1394.0803	201.61603	1.7722505	0.38906989	3.950038	0.5917996
94	94999	31973.071430921555	3362.2185	0.0	3362.2185	3362.2185	1000.0	3343.255	0.0	3343.255	3343.255	1000.0	276.47263	63.86427	339.2537	-76.72572	4.756235	1.0048057	2.6975935	29.191898	-12.674557	-278.08426	0.09766639	0.00069275004	0.098949336	0.09655107	0.011199904	1.0091537	0.8068176	9.849546	3.2186508e-06	335.56894	21.941622	357.0688	254.50168	335.55093	19.26264	355.0314	264.33258	308.93326	19.501156	327.15723	239.59889	-26.61769	3.1614885	-19.383268	-36.61805	26.61769	3.1614885	36.61805	19.383268	-0.07961561	0.010542178	-0.056656245	-0.10495698	718.4965	172.80585	1340.8817	375.71112	2.1483185	0.520391	3.84332	1.0982498
95	95999	32334.725268125534	3367.5002	0.0	3367.5002	3367.5002	1000.0	3374.232	0.0	3374.232	3374.232	1000.0	277.63794	63.497307	339.32312	-86.42911	4.6645875	0.98633146	2.7034214	28.196499	-12.255138	-279.20657	0.09824083	0.0005558291	0.099085175	0.096861	-0.031713393	1.0050093	0.8040022	7.443425	5.9604645e-08	337.21692	23.601215	358.66818	253.61362	333.0189	19.58521	349.4115	261.08307	312.15564	21.13305	330.25143	239.49849	-20.86323	2.6441593	-15.189464	-28.425753	20.86323	2.6441593	28.425753	15.189464	-0.06316836	0.010991392	-0.044557743	-0.090409085	442.26596	112.63914	808.02344	230.7198	1.3450519	0.40319723	2.5561063	0.6768082
96	96999	32694.75507235527	3357.2507	0.0	3357.2507	3357.2507	1000.0	3384.4744	0.0	3384.4744	3384.4744	1000.0	278.008	63.91825	340.39072	-98.21623	4.6300945	1.0063887	2.7294488	27.610966	-10.203207	-279.623	0.09757202	0.00047719417	0.09831385	0.09654373	0.014950977	1.0053325	0.8049696	9.768392	2.0861626e-06	337.90857	25.028887	363.22998	251.53499	336.79803	21.872911	359.155	261.88632	314.45493	22.393597	337.1673	240.91861	-22.343107	2.9738202	-15.176094	-33.527706	22.343107	2.9738202	33.527706	15.176094	-0.06672066	0.010569155	-0.043656416	-0.09581438	508.0581	138.19838	1124.1069	230.31384	1.5185784	0.43918318	3.2124362	0.6625339
97	97999	33058.188213825226	3369.9336	0.0	3369.9336	3369.9336	1000.0	3383.6895	0.0	3383.6895	3383.6895	1000.0	279.16977	63.05737	341.7942	-90.63666	4.5239806	0.9862959	2.6786656	26.243011	-10.389596	-280.71225	0.0971568	0.00064544677	0.09816826	0.09568708	-0.031951856	1.0036978	0.80230534	8.463153	1.3783574e-06	336.87723	23.016533	358.9583	253.16301	337.0339	20.325804	357.22388	262.4601	312.31732	20.744238	333.14294	240.77502	-24.716595	2.9312184	-16.452568	-33.464184	24.716595	2.9312184	33.464184	16.452568	-0.073673494	0.010209248	-0.047824923	-0.09476707	619.5021	143.54259	1119.8517	270.68698	1.8470734	0.4454015	3.1713028	0.78684276
98	98999	33422.10589385033	3365.1626	0.0	3365.1626	3365.1626	1000.0	3378.0237	0.0	3378.0237	3378.0237	1000.0	279.9008	63.74645	342.26578	-90.15945	4.454576	1.0096933	2.7098265	28.146374	-11.678738	-281.50458	0.09610654	0.0004596943	0.09754219	0.09515093	0.022725469	1.0091698	0.8072051	9.685059	3.516674e-06	336.90833	22.90257	358.616	254.4487	336.39902	20.17819	355.63852	263.62732	312.3713	20.699574	333.28122	240.85683	-24.027687	3.3071604	-12.786514	-35.93026	24.027687	3.3071604	35.93026	12.786514	-0.07176122	0.011100054	-0.03725945	-0.10426084	588.26715	160.46245	1290.9836	163.49493	1.757303	0.48874527	3.746119	0.47641847
99	99999	33779.53792858124	3360.9944	0.0	3360.9944	3360.9944	1000.0	3376.0715	0.0	3376.0715	3376.0715	1000.0	281.04993	63.489296	342.14584	-74.92876	4.4766436	0.99275947	2.6984816	32.21819	-10.840858	-282.6284	0.096731514	0.00044017818	0.097548515	0.09592493	-0.016864395	1.0107782	0.8057749	8.340848	2.9858202e-06	334.11453	23.002106	357.23056	251.60864	334.81033	20.2906	356.14896	262.69662	310.95065	19.987068	332.63913	241.44849	-23.859678	2.8293102	-12.560171	-33.723343	23.859678	2.8293102	33.723343	12.560171	-0.071459495	0.008748346	-0.03647542	-0.098869264	577.28925	134.61975	1137.2639	157.7579	1.7260112	0.38525775	3.334202	0.4581375
100	100999	34141.74359512329	3362.8364	0.0	3362.8364	3362.8364	1000.0	3402.1904	0.0	3402.1904	3402.1904	1000.0	282.6563	63.11009	343.10565	-81.78115	4.4721627	0.9877054	2.720486	29.789799	-11.757924	-284.2188	0.09500328	0.00085149123	0.096395604	0.09372341	-0.028865406	1.0107328	0.80875045	7.4974923	2.2053719e-06	337.468	24.107103	361.2552	253.79454	335.36847	20.212492	356.0388	261.81213	310.05774	19.826971	333.76974	242.64938	-25.31074	4.7100353	-13.175292	-40.996933	25.31074	4.7100353	40.996933	13.175292	-0.07558594	0.013624384	-0.0383882	-0.12166154	662.8181	256.42175	1680.7485	173.58832	1.9736389	0.7358285	4.98775	0.50577575
101	101999	34503.78468322754	3354.1895	0.0	3354.1895	3354.1895	1000.0	3402.4316	0.0	3402.4316	3402.4316	1000.0	283.34183	63.298523	343.77386	-81.15152	4.397059	0.99492115	2.7166872	32.327297	-11.754556	-284.88467	0.09442341	0.0004303582	0.09506994	0.0933628	-0.01197487	1.0049874	0.80604255	7.8310313	6.109476e-07	338.7553	24.996923	360.80777	251.85405	338.08154	22.92942	363.20282	257.96115	315.01227	21.71241	336.49493	242.46452	-23.069275	2.7640414	-14.526217	-32.129894	23.069275	2.7640414	32.129894	14.526217	-0.06828099	0.007419882	-0.044387016	-0.09934091	539.8313	123.17002	1032.3301	211.01099	1.5920594	0.33994177	3.1918128	0.68745893
102	102999	34855.33883333206	3376.3306	0.0	3376.3306	3376.3306	1000.0	3405.7925	0.0	3405.7925	3405.7925	1000.0	284.7923	63.227974	344.934	-85.03906	4.3585286	1.0001876	2.7287405	29.240982	-11.846464	-286.34344	0.094506115	0.0006949564	0.095567994	0.09343221	0.00051769067	0.9989432	0.80705255	8.313881	3.6358833e-06	337.59766	23.310232	360.21954	251.98453	332.56152	19.817083	351.62744	256.29587	312.96252	19.994343	334.77707	243.51193	-19.598965	3.1918242	-6.652948	-28.539448	19.598965	3.1918242	28.539448	6.652948	-0.059145875	0.010243471	-0.019570544	-0.087441616	394.30713	121.91594	814.5001	44.26172	1.1895078	0.37369755	2.4955356	0.13020182
103	103999	35215.43217778206	3380.7805	0.0	3380.7805	3380.7805	1000.0	3374.501	0.0	3374.501	3374.501	1000.0	286.18655	62.76913	344.2222	-88.19787	4.3102784	0.98570853	2.7071548	31.43956	-11.448029	-287.7395	0.09270464	0.00061773596	0.09358807	0.0913865	-0.033971656	0.9921494	0.80440944	8.514265	2.0861626e-07	336.32468	24.947702	362.05936	250.579	332.1847	21.901283	353.26987	256.5191	317.53183	22.15342	341.1638	243.43869	-14.652874	2.6223474	-8.76555	-22.993908	14.652874	2.6223474	22.993908	8.76555	-0.044348974	0.008644073	-0.0254858	-0.06891517	221.58342	79.49877	528.71985	76.83487	0.67072284	0.24472535	1.5846293	0.22339706
104	104999	35576.53834629059	2014.5244	1351.638	3366.1624	662.8864	614.5	3375.9812	0.0	3375.9812	3375.9812	1000.0	287.0213	62.232727	345.29355	-99.47687	4.3394895	0.9975707	2.7358336	27.843502	-11.00956	-288.53616	0.09174283	0.00031496427	0.09242858	0.09113836	-0.0057683494	0.9978669	0.80459607	7.0879254	2.0861626e-06	333.21628	23.043182	355.019	250.96158	335.02036	20.100742	354.36188	262.72827	315.47263	20.832117	337.03284	243.9967	-19.547693	3.1581445	-10.664247	-27.036367	19.547693	3.1581445	27.036367	10.664247	-0.058681943	0.010731601	-0.03128706	-0.082885414	392.08612	119.70823	730.96515	113.726166	1.1784531	0.37470835	2.2401118	0.33365294
105	105999	35932.83127498627	3382.2036	0.0	3382.2036	3382.2036	1000.0	3388.06	0.0	3388.06	3388.06	1000.0	287.6847	61.978737	346.36703	-80.336174	5.1324687	0.9928625	2.7301657	30.63618	-10.312733	-289.19614	0.09033338	0.00042574183	0.091232784	0.08966545	-0.017080102	0.9963386	0.8030815	8.41531	1.4901161e-06	319.23636	47.851547	356.50772	61.92818	313.65048	49.331646	352.6568	59.160652	301.27887	42.304195	333.02475	67.02489	-12.371585	14.106529	33.406445	-32.163826	17.68396	6.27119	33.406445	0.01797463	-0.034234826	0.05946107	0.3909833	-0.3215577	352.0503	195.56099	1115.9906	0.00032308736	1.1878976	0.9958529	10.342526	1.00741e-06
106	106999	36291.306463718414	3395.3718	0.0	3395.3718	3395.3718	1000.0	176.71481	0.0	176.71481	176.71481	81.0	289.19244	61.439953	346.6114	-98.30643	5.1742725	0.96526647	2.7242978	29.45102	-10.9894905	-290.67712	0.08646076	0.0014740769	0.08997822	0.084916845	-0.08448704	0.9870394	0.8001075	7.5621057	6.854534e-07	323.87076	71.365944	363.18326	3.2273345	319.52017	70.763435	359.04984	3.2273345	316.30566	22.521187	338.57068	244.79538	-3.214507	60.839603	304.96848	-78.710945	33.566856	50.843445	304.96848	11.084734	0.30192357	2.1961517	30.49685	-0.24023049	3711.79	13144.342	93005.78	122.87133	93.52249	640.5504	9300.578	0.35790044
107	107999	36649.93495106697	3397.5269	0.0	3397.5269	3397.5269	1000.0	3397.9817	0.0	3397.9817	3397.9817	1000.0	289.7967	62.008507	347.20712	-101.031	5.874657	1.0040566	2.7403314	28.982021	-11.312488	-291.32263	0.086206086	0.0005226678	0.08715266	0.08507726	0.010016818	0.98811996	0.8037185	7.342138	1.3709068e-06	339.24692	22.385145	362.27374	255.21112	337.61902	20.009525	363.39752	263.30984	315.927	19.394981	338.45465	246.49658	-21.692019	4.620406	-11.012196	-51.17283	21.692019	4.620406	51.17283	11.012196	-0.06428227	0.013112747	-0.032180596	-0.15100329	491.89185	233.7519	2618.6582	121.26846	1.4524305	0.6703483	7.727265	0.35437903
108	108999	37007.475029706955	3409.9019	0.0	3409.9019	3409.9019	1000.0	3486.652	0.0	3486.652	3486.652	1000.0	290.88623	61.025482	348.2476	-102.50938	5.367388	1.0119476	2.7159452	29.883945	-11.556969	-292.41116	0.08568905	0.00073180336	0.08749229	0.08481412	0.02928336	0.9877751	0.80225277	8.019833	3.5762787e-07	345.9469	23.794329	369.62323	259.92468	341.0019	21.571062	366.10373	262.56146	320.47632	21.15785	344.33997	246.55104	-20.525578	2.8407803	-14.159877	-29.51774	20.525578	2.8407803	29.51774	14.159877	-0.060333457	0.0084891915	-0.040367603	-0.08898195	429.36935	118.71835	871.297	200.50212	1.2597489	0.34447458	2.6265461	0.5716003
109	109999	37365.68065261841	3398.3687	0.0	3398.3687	3398.3687	1000.0	652.02606	0.0	652.02606	652.02606	227.0	291.17157	60.959976	349.28433	-102.91316	5.377814	0.9979235	2.7483032	32.965763	-12.606172	-292.68314	0.088120535	0.0006231407	0.08933168	0.08724262	-0.0049815406	0.9912455	0.80853033	8.88823	4.23193e-06	314.91946	51.545692	364.4946	96.05879	311.9413	48.66965	355.58176	102.04663	316.71603	20.244202	339.90314	246.51274	4.774724	50.9138	234.56165	-42.681915	31.293928	40.44382	234.56165	0.0009891691	0.058804214	0.31450066	2.2985733	-0.1273575	2615.0122	7765.2134	55019.168	9.784555e-07	15.580963	58.281986	539.15717	3.0683265e-09
110	110999	37725.86428070068	3417.9287	0.0	3417.9287	3417.9287	1000.0	3419.0444	0.0	3419.0444	3419.0444	1000.0	291.71835	60.584126	349.8251	-103.598785	5.181068	0.99971503	2.7361476	27.697365	-10.534316	-293.1698	0.08696538	0.00024987114	0.08739936	0.08640762	-0.00064397004	0.9923632	0.80661696	7.423422	2.9802322e-07	312.9143	66.89444	368.38214	2.4280329	310.99875	67.05862	364.1911	2.4280329	320.80475	22.926804	348.3189	140.68277	9.805977	64.09588	327.63483	-66.277756	34.323265	55.01229	327.63483	3.1527429	0.332052	2.3104727	32.763485	-0.18688259	4204.439	14455.105	107344.586	9.939787	95.703285	696.8592	10734.458	0.031001063
111	111999	38086.12291049957	3432.8562	0.0	3432.8562	3432.8562	1000.0	3444.8103	0.0	3444.8103	3444.8103	1000.0	291.97168	61.17434	350.67505	-114.40779	4.235918	1.0065981	2.7599902	25.953468	-11.540791	-293.4182	0.08799028	0.00037703445	0.08886272	0.08707699	0.016115913	0.9900105	0.8062571	8.783315	4.61936e-07	339.23798	23.110107	361.2669	255.16548	336.95212	19.725882	357.09668	264.08542	315.09387	19.39527	338.23743	246.85355	-21.858217	6.4673667	-9.13438	-52.30987	21.858217	6.4673667	52.30987	9.13438	-0.064844	0.018441359	-0.02639077	-0.15444833	519.6085	350.8797	2736.3225	83.43691	1.534425	1.0138639	8.079172	0.24106334
112	112999	38443.52455949783	3442.5344	0.0	3442.5344	3442.5344	1000.0	3432.5295	0.0	3432.5295	3432.5295	1000.0	292.65625	60.436142	348.93173	-107.70147	5.0110626	0.99985254	2.7503204	28.71012	-14.335781	-294.10852	0.08835671	0.00031775658	0.08902712	0.08765924	-0.00029101563	0.99653375	0.8116993	7.8346214	4.8428774e-06	290.69202	105.77883	366.0675	2.9317055	285.91592	102.94526	356.79526	2.9317055	314.67203	24.265888	340.81384	245.8791	28.756058	90.92425	310.82687	-61.921062	52.80517	79.40871	310.82687	7.3719854	0.87408686	3.4333332	31.082687	-0.17611083	9094.13	20569.754	96613.34	54.34617	238.40646	1020.47363	9661.335	0.1575239
113	113999	38802.24519777298	3131.2837	0.0	3131.2837	3131.2837	898.0	3423.6462	0.0	3423.6462	3423.6462	1000.0	293.06854	60.62774	353.9676	-76.02617	4.5044365	0.98626775	2.7695823	32.36226	-11.698469	-294.52313	0.086321734	0.00070896087	0.08813154	0.0852605	-0.033437166	0.9888299	0.80905765	8.168611	1.3411045e-06	342.48364	22.810934	367.1599	257.67142	334.8422	19.469137	357.3693	257.6436	317.6275	19.694603	341.4084	246.93155	-17.214668	6.029048	-3.2407546	-42.00553	17.214668	6.029048	42.00553	3.2407546	-0.051451106	0.017757876	-0.009565692	-0.12662798	332.69434	266.83856	1764.4647	10.50249	0.99144626	0.79000604	5.319076	0.031000061
114	114999	39160.96017789841	2020.7064	0.0	2020.7064	2020.7064	616.0	3390.3167	0.0	3390.3167	3390.3167	1000.0	291.72278	60.677536	356.59952	-94.56981	6.6714244	1.0139246	2.7602427	33.87327	-10.548446	-293.13467	0.08798531	0.0006733913	0.0886859	0.08614358	0.03403435	0.9836052	0.813608	7.9775796	2.3841858e-06	339.5104	22.687756	362.50458	253.65956	336.8678	20.368927	358.68558	257.1181	321.07986	20.270803	339.62537	245.83188	-15.787939	3.2534082	-4.6211505	-29.447924	15.787939	3.2534082	29.447924	4.6211505	-0.04698829	0.009915596	-0.014048581	-0.083824016	259.84372	103.60913	867.1802	21.35503	0.7724701	0.30914125	2.4684432	0.064920604
115	115999	39503.00712347031	3378.0403	0.0	3378.0403	3378.0403	1000.0	170.46602	0.0	170.46602	170.46602	80.0	291.2899	60.18635	359.3642	-104.2571	6.6962075	1.0265905	2.8082767	34.28135	-10.463201	-292.69345	0.08916864	0.00090814754	0.09184434	0.08776608	0.06409395	0.9890662	0.81820846	8.309924	1.4901161e-07	170.94444	96.28607	338.4533	2.3212771	156.73997	91.22514	313.59686	-6.720033	292.8534	36.4927	343.04358	92.053375	136.11343	95.41107	328.5923	-10.371901	136.2918	95.1561	328.5923	0.020099608	3.335148	6.9699464	32.859226	-0.034261167	27630.137	29010.338	107972.88	0.00040399423	884.41077	2116.1204	10797.288	1.3268177e-06
116	116999	39865.22715306282	960.1566	1394.5679	3375.3809	134.70013	309.25	3422.8777	0.0	3422.8777	3422.8777	1000.0	291.14893	60.237774	354.27835	-83.91197	6.160683	1.0733231	2.7198398	32.329025	-11.376364	-292.54	0.09816364	0.003370719	0.1031505	0.091851875	0.17104968	1.0124792	0.81861705	7.8532934	1.1408702e-06	302.34183	91.96436	362.31622	2.9193728	299.09177	91.05883	356.9319	2.9193728	312.73526	23.329342	339.16278	243.85736	13.643505	79.25301	307.41122	-32.26054	44.02397	67.2984	307.41122	9.445772	0.60322297	2.9313164	30.741121	-0.09529888	6467.186	17176.426	94501.66	89.22262	167.25609	854.8341	9450.165	0.32954237
117	117999	40222.096997499466	2571.9053	805.5873	3377.4924	1766.3179	771.0	3407.9348	0.0	3407.9348	3407.9348	1000.0	291.17798	60.49386	351.9389	-97.539246	8.38855	0.9243272	2.7336977	32.3085	-12.220573	-292.58856	0.097351894	0.003936423	0.10281124	0.09205379	-0.17626862	0.98909646	0.807053	8.392454	1.4901161e-06	339.49454	23.12887	363.0467	256.17892	336.3649	21.46308	356.14505	260.25363	319.05673	21.15729	338.55136	245.17834	-17.308199	2.6186776	-11.391769	-29.121315	17.308199	2.6186776	29.121315	11.391769	-0.051585767	0.0078078145	-0.032824095	-0.086023964	306.43124	94.40656	848.05096	129.77242	0.91134363	0.27353632	2.5051308	0.37392452
118	118999	40578.16352343559	1224.393	0.0	1224.393	1224.393	356.0	3443.646	0.0	3443.646	3443.646	1000.0	292.30118	60.2591	358.10846	-114.607315	9.886586	0.96163243	2.772939	25.83245	-12.073775	-293.7012	0.08880801	0.0017134738	0.0920523	0.08674788	-0.09249506	0.98930347	0.8090966	9.161447	6.631017e-07	340.5935	24.44807	366.0066	256.9854	330.5819	21.97326	357.91354	260.51245	317.56076	20.437336	338.0494	245.62701	-13.021132	11.502562	33.541576	-27.347406	16.480453	5.5003138	33.541576	0.03989884	-0.038666345	0.03558912	0.11015012	-0.077288546	301.8588	176.25494	1125.0372	0.0015919174	0.9107293	0.5310403	3.6946087	4.8877355e-06
119	119999	40940.22389578819	2380.871	1034.2272	3415.0984	1346.644	697.0	3414.0503	0.0	3414.0503	3414.0503	1000.0	291.58755	61.221764	362.09677	-114.75342	7.084402	1.0307866	2.787813	31.368742	-11.444954	-292.97992	0.0888879	0.0012847093	0.09135916	0.08714834	0.0744968	0.99805444	0.8132668	8.663561	7.003546e-07	338.53003	23.131723	363.12747	254.86224	334.99588	22.671965	358.68356	252.22241	317.93323	20.863522	338.8484	245.2185	-17.062668	3.6526427	-6.578505	-27.378864	17.062668	3.6526427	27.378864	6.578505	-0.050725162	0.009816173	-0.02359853	-0.081030846	304.47647	119.65921	749.6022	43.276726	0.89997816	0.34092107	2.2185326	0.16056387
120	120999	41300.85622501373	3415.4548	0.0	3415.4548	3415.4548	1000.0	3446.4663	0.0	3446.4663	3446.4663	1000.0	291.2236	61.38321	357.17307	-144.42	8.437039	0.9907708	2.7331438	26.091492	-11.53068	-292.59793	0.09179535	0.0007891713	0.09320496	0.08992103	-0.022105847	0.9925697	0.80317736	8.126629	1.14142895e-05	342.7038	26.062147	367.96902	253.8179	337.24615	23.509912	363.0568	257.89023	320.532	22.86844	344.44385	244.42014	-16.714142	3.0130458	-10.105145	-29.075237	16.714142	3.0130458	29.075237	10.105145	-0.04964938	0.00862943	-0.028501408	-0.08130734	288.44104	104.63264	845.36945	102.11397	0.853476	0.2941779	2.3640301	0.28801087
121	121999	41659.90164518356	3396.5037	0.0	3396.5037	3396.5037	1000.0	3505.6936	0.0	3505.6936	3505.6936	1000.0	291.88663	61.470608	358.24094	-138.48155	5.2002387	0.9814536	2.7436786	28.330442	-12.3147745	-293.27158	0.08821629	0.0008981594	0.089966446	0.08702716	-0.0448963	0.9885869	0.8017844	8.077409	2.026558e-06	344.26938	26.307219	370.76898	255.33148	334.32254	23.954767	362.52628	255.0484	323.6518	23.851767	348.7892	245.0939	-10.670746	2.9897974	-2.0023842	-31.829866	10.670746	2.9897974	31.829866	2.0023842	-0.032044422	0.008877699	-0.0058629094	-0.09003985	122.8037	71.18358	1013.1403	4.009543	0.36728975	0.20408277	2.8659563	0.011739797
122	122999	42018.99217057228	3430.0325	0.0	3430.0325	3430.0325	1000.0	3499.1748	0.0	3499.1748	3499.1748	1000.0	292.6194	61.275654	357.46268	-137.37181	6.9061866	1.0063722	2.7275484	27.285954	-10.709738	-294.02536	0.08787541	0.00038843564	0.08855982	0.08706252	0.015558336	0.9882492	0.7997074	7.7723703	1.4305115e-06	344.5525	24.87041	372.4765	259.68652	329.9149	23.535494	362.37073	261.02197	316.27756	22.331602	343.55133	245.59608	-13.63733	6.7569556	18.666056	-28.506605	14.47992	4.686697	28.506605	0.011168237	-0.04107084	0.021290993	0.06342396	-0.08993608	231.63321	119.20223	812.62646	0.00012472951	0.7020955	0.36310798	2.5637722	4.5640058e-07
123	123999	42375.02007460594	3426.838	0.0	3426.838	3426.838	1000.0	3490.178	0.0	3490.178	3490.178	1000.0	293.19638	61.086746	356.75833	-174.81725	7.4816775	0.99191624	2.7369	31.392225	-11.013177	-294.53458	0.087705486	0.0005769121	0.088843815	0.08698455	-0.019619431	0.9843935	0.7982341	7.474867	1.7881393e-07	346.32828	26.259539	372.16397	254.38182	341.5962	23.002632	366.3059	262.43753	321.821	23.061234	345.0426	245.55766	-19.775206	2.7301383	-12.307335	-28.235506	19.775206	2.7301383	28.235506	12.307335	-0.05815461	0.00886717	-0.035135277	-0.085648805	398.51248	109.26923	797.24384	151.47049	1.171271	0.3270646	2.387534	0.43242162
124	124999	42734.19686818123	3435.9995	0.0	3435.9995	3435.9995	1000.0	3514.7927	0.0	3514.7927	3514.7927	1000.0	293.67206	61.005043	360.8609	-121.7428	8.116143	1.0047143	2.7376494	30.895485	-10.671002	-295.01297	0.08745848	0.00028023426	0.08803699	0.08695834	0.011544836	0.98740715	0.79923624	8.045687	2.3841858e-06	347.09073	25.359993	374.73914	258.36053	341.4183	21.65692	367.2431	264.66177	322.03418	22.700272	345.8288	245.11801	-19.384127	3.137169	-12.326505	-29.000174	19.384127	3.137169	29.000174	12.326505	-0.057198483	0.0109884	-0.03498612	-0.08863529	385.58624	123.25018	841.0101	151.94272	1.1407133	0.39041516	2.5704389	0.43125656
