Epoch	TotalEnvInteracts	Time	AverageEpRet	StdEpRet	MaxEpRet	MinEpRet	EpLen	AverageTestEpRet	StdTestEpRet	MaxTestEpRet	MinTestEpRet	TestEpLen	AverageQ1Vals	StdQ1Vals	MaxQ1Vals	MinQ1Vals	LossQ1	AverageLogPi	StdLogPi	MaxLogPi	MinLogPi	LossPi	AverageAlpha	StdAlpha	MaxAlpha	MinAlpha	LossAlpha	AveragePreTanh	StdPreTanh	MaxPreTanh	MinPreTanh	AverageMCDisRet	StdMCDisRet	MaxMCDisRet	MinMCDisRet	AverageMCDisRetEnt	StdMCDisRetEnt	MaxMCDisRetEnt	MinMCDisRetEnt	AverageQPred	StdQPred	MaxQPred	MinQPred	AverageQBias	StdQBias	MaxQBias	MinQBias	AverageQBiasAbs	StdQBiasAbs	MaxQBiasAbs	MinQBiasAbs	AverageNormQBias	StdNormQBias	MaxNormQBias	MinNormQBias	AverageQBiasSqr	StdQBiasSqr	MaxQBiasSqr	MinQBiasSqr	AverageNormQBiasSqr	StdNormQBiasSqr	MaxNormQBiasSqr	MinNormQBiasSqr
0	999	14.35867953300476	22.293045	23.317293	132.62253	5.2394886	24.625	60.34344	0.0	60.34344	60.34344	53.0	0.0	0.0	0.0	0.0	0.0	0.0	0.0	0.0	0.0	0.0	0.0	0.0	0.0	0.0	0.0	0.0	0.0	0.0	0.0	7.096712	5.535892	27.360485	-2.5761926	10.059441	7.585509	36.065235	-0.9156942	-0.0747276	0.063183315	0.15353017	-0.30319443	-10.134169	7.564905	0.7768333	-36.092495	10.141967	7.554446	36.092495	0.034777768	-0.6980643	0.34731692	0.07768333	-1.0166988	159.92915	208.01137	1302.6681	0.0012094933	9.24126	8.274536	36.119774	0.00012094932
1	1999	20.555076122283936	20.814556	20.167421	124.153015	5.428253	23.5	60.34344	0.0	60.34344	60.34344	53.0	0.0	0.0	0.0	0.0	0.0	0.0	0.0	0.0	0.0	0.0	0.0	0.0	0.0	0.0	0.0	0.0	0.0	0.0	0.0	7.096712	5.535892	27.360485	-2.5761926	10.059441	7.585509	36.065235	-0.9156942	-0.0747276	0.063183315	0.15353017	-0.30319443	-10.134169	7.564905	0.7768333	-36.092495	10.141967	7.554446	36.092495	0.034777768	-0.6980643	0.34731692	0.07768333	-1.0166988	159.92915	208.01137	1302.6681	0.0012094933	9.24126	8.274536	36.119774	0.00012094932
2	2999	27.003382205963135	17.460537	16.582548	105.42657	5.3510084	20.979591	59.399616	0.0	59.399616	59.399616	53.0	0.0	0.0	0.0	0.0	0.0	0.0	0.0	0.0	0.0	0.0	0.0	0.0	0.0	0.0	0.0	0.0	0.0	0.0	0.0	8.233373	8.929823	41.937675	-3.47486	11.577597	11.154159	53.84074	-1.2010777	-0.077268735	0.06568207	0.16455407	-0.30520153	-11.654865	11.138743	1.0667568	-53.862137	11.668747	11.124201	53.862137	0.004323096	-0.6841661	0.35992175	0.106675684	-1.0190625	259.9075	482.7772	2901.13	1.8689158e-05	10.8001995	11.738397	53.88355	1.8689158e-06
3	3999	32.43151092529297	17.077888	8.235182	38.263966	5.8786683	22.044445	59.796833	0.0	59.796833	59.796833	53.0	0.0	0.0	0.0	0.0	0.0	0.0	0.0	0.0	0.0	0.0	0.0	0.0	0.0	0.0	0.0	0.0	0.0	0.0	0.0	9.046069	10.344884	58.180862	-0.5064567	12.620604	12.953299	71.834915	-0.72630024	-0.07845924	0.071593374	0.22800267	-0.30312753	-12.699063	12.935801	0.58159876	-71.88662	12.70052	12.934372	71.88662	0.0078225015	-0.70511425	0.34784612	0.058159877	-1.0261916	328.6012	735.21533	5167.6855	6.119153e-05	11.840158	13.523802	71.93836	6.1191527e-06
4	4999	38.89189434051514	22.184013	22.71988	109.465385	6.3513336	23.47619	60.312557	0.0	60.312557	60.312557	54.0	0.0	0.0	0.0	0.0	0.0	0.0	0.0	0.0	0.0	0.0	0.0	0.0	0.0	0.0	0.0	0.0	0.0	0.0	0.0	9.693829	9.1059	39.994812	-2.6318586	13.355648	11.939544	52.037384	-1.4091913	-0.07667764	0.06744161	0.09925501	-0.30516708	-13.432325	11.920088	1.3036335	-52.036907	13.452692	11.897098	52.036907	0.001794205	-0.7247905	0.34951058	0.13036335	-1.0178337	322.51587	512.2675	2707.8396	3.2191715e-06	12.671535	12.535307	52.03643	3.2191716e-07
5	5999	401.4471764564514	109.284515	68.34209	226.92519	41.294506	57.058823	403.08273	0.0	403.08273	403.08273	205.0	113.81324	71.9432	325.3582	-55.12974	75.28933	0.2639495	2.4725215	16.256044	-11.644591	-122.456856	0.92003536	0.0328174	0.99970007	0.8887756	-0.03369822	1.0884242	0.73961157	6.4483414	2.682209e-07	112.01788	46.446472	176.67426	0.9979723	113.49572	48.24507	186.34459	0.9979723	307.72577	76.95642	555.9335	116.53509	194.23004	103.27172	515.4059	28.446903	194.23004	103.27172	515.4059	28.446903	3.747767	6.6851964	50.216972	0.2791168	48390.363	53097.273	265643.25	809.2263	1169.656	2829.8938	25217.445	7.940009
6	6999	762.882688999176	393.13882	115.61042	534.8744	183.70312	203.8	426.84497	0.0	426.84497	426.84497	189.0	316.09006	107.271034	618.0111	-180.00464	251.9498	1.6092011	3.0063581	26.058153	-11.205477	-335.63177	1.0033057	0.06735269	1.1183722	0.8995789	0.00057268713	1.3218892	0.8557572	8.121797	3.784895e-06	122.61808	45.774307	179.08856	3.166276	126.61121	49.184998	188.44473	3.166276	386.47968	88.76637	504.7669	-56.768864	259.86844	64.61694	498.80945	-60.142372	260.67905	61.26508	498.80945	3.4816468	2.9453843	4.8329134	49.880947	-6.0142374	71706.96	29569.332	248810.88	12.121863	912.3012	2163.845	24881.088	0.56644154
7	7999	1124.1458296775818	143.75328	145.59471	446.02866	-1.4639027	90.63636	63.196747	0.0	63.196747	63.196747	108.0	424.17056	120.41835	688.9594	-248.58072	320.40775	1.4024581	3.0384772	28.660702	-11.268789	-447.10358	1.2709699	0.07740134	1.3582286	1.1185637	-0.075813554	1.2575736	0.86867446	8.864992	1.4901161e-06	52.50167	48.647274	148.16718	0.23226511	51.956593	52.20606	153.15312	-3.1702983	440.07852	87.82172	547.76697	-64.490616	388.12195	96.0965	513.96265	-70.264145	388.6581	93.904526	513.96265	1.5116941	21.320662	18.59802	51.396267	-7.0264144	159873.19	61138.78	264157.62	2.285219	9556.613	8840.899	26415.764	0.2285219
8	8999	1476.7491126060486	291.0807	141.83171	437.72272	11.597393	166.83333	149.1379	0.0	149.1379	149.1379	176.0	351.9663	122.64825	557.74023	-293.71725	222.61626	0.46575806	2.9972308	30.949247	-11.194188	-369.52536	1.170801	0.08266838	1.3034161	1.0132787	0.07508575	1.0435454	0.83248925	8.903611	3.3974648e-06	33.286552	27.67518	88.89275	-3.377318	39.185608	33.81936	106.62457	-7.3365736	354.6584	14.5430565	406.5197	147.99881	315.47275	39.464123	406.46628	148.55775	315.47275	39.464123	406.46628	148.55775	16.203232	13.237564	40.646626	2.2404692	101080.484	24267.672	165214.83	22069.408	5547.5527	4871.181	16521.482	528.53436
9	9999	1832.364697933197	59.32266	114.84178	418.45898	5.8114343	68.09091	1058.1155	0.0	1058.1155	1058.1155	1000.0	252.19518	101.529045	381.74796	-290.8675	123.55742	0.6542074	2.791849	24.315544	-10.044789	-264.86044	0.90076935	0.04479161	1.0128423	0.8572534	-0.02288918	1.0523932	0.8164726	11.479094	1.3336539e-06	123.78442	21.351635	158.05339	3.161338	134.88644	23.484076	160.6555	3.161338	277.12775	72.341	339.75165	-69.58852	142.24127	56.19087	209.79004	-128.05107	144.82068	49.162598	209.79004	0.0941328	1.0006942	0.5133726	1.6142462	-2.190309	23389.99	10845.674	44011.863	0.008860985	170.311	81.83586	338.6528	0.00012032738
10	10999	2186.6625742912292	572.76276	204.19186	785.2461	297.17056	400.66666	685.5766	0.0	685.5766	685.5766	496.0	208.23293	79.07644	363.79468	-194.18803	71.17928	0.24223833	2.5979407	22.277035	-11.32469	-217.27234	0.72216064	0.08031278	0.8624574	0.60256445	-0.25490603	1.0099242	0.77496797	7.690547	7.3295087e-07	124.12408	30.524914	157.51233	2.5921414	137.62787	36.52102	171.57582	2.5921414	168.57716	51.93576	238.67242	33.476276	30.94929	31.23611	98.10219	-40.17854	37.92055	22.26174	98.10219	0.052049063	0.3475283	0.8676947	9.468689	-0.28684458	1933.5531	1753.6543	9624.039	0.0027091051	22.072008	64.62343	896.56067	1.7369797e-05
11	11999	2547.3309626579285	390.82666	0.0	390.82666	390.82666	205.0	1012.8146	0.0	1012.8146	1012.8146	1000.0	175.05196	59.16801	253.58403	-136.85796	45.3653	0.36497256	2.517007	24.797586	-10.203829	-182.2183	0.52666014	0.03799057	0.6023388	0.45848647	-0.40719855	0.97836167	0.7495669	7.4305763	4.351139e-06	101.821144	2.890041	110.70378	96.641655	128.11119	2.5533009	134.38718	122.8811	204.65656	5.0033364	219.18399	188.36629	76.54537	4.2972345	88.41123	59.925556	76.54537	4.2972345	88.41123	59.925556	0.59772986	0.03555091	0.7066916	0.46656194	5877.66	655.7799	7816.5464	3591.0723	45.89719	5.1843524	62.479477	27.958982
12	12999	2890.719662427902	632.88354	323.2901	1027.4685	242.52567	454.25	325.76654	0.0	325.76654	325.76654	132.0	160.84306	48.787178	248.0656	-130.52234	34.179985	0.39452097	2.5697882	21.03197	-12.87183	-166.59369	0.3948648	0.029760525	0.4583087	0.35554647	-0.54892087	0.9947031	0.7671746	6.523182	0.0	125.67603	42.794716	168.8346	3.6264446	122.304665	44.51267	167.64308	3.6264446	173.73347	49.10339	221.82794	13.657683	51.428814	18.708862	87.06319	3.4205313	51.428814	18.708862	87.06319	3.4205313	0.5353683	0.41423926	4.4974847	0.13430364	2994.9446	1822.6915	7579.9985	11.700034	29.037062	23.220053	202.80191	0.7561571
13	13999	3235.7329449653625	331.33542	45.552853	401.8482	264.79498	137.42857	450.3826	0.0	450.3826	450.3826	189.0	173.14401	52.318306	240.5178	-182.5634	31.216484	0.82315373	2.6539881	24.838135	-10.55815	-178.85779	0.33954796	0.0066150366	0.35548213	0.3229986	-0.19076572	1.0593404	0.79449344	8.06797	6.3180923e-06	142.69656	37.10278	194.66228	2.8321714	148.8075	39.66353	195.32826	2.8321714	174.41003	52.310383	233.27109	4.764882	25.60255	20.782711	70.17489	-23.166847	27.699625	17.89252	70.17489	0.018017724	0.1711161	0.15610401	1.2292075	-0.21611084	1087.4116	1102.9708	4924.515	0.0003246384	6.9425907	6.849498	32.79781	1.9064662e-06
14	14999	3579.447311401367	639.2098	410.92203	1165.5786	162.74796	329.66666	191.0157	0.0	191.0157	191.0157	89.0	167.02365	48.73601	238.15974	-175.3492	28.668215	0.7499663	2.7924137	27.713268	-11.694448	-172.28972	0.29514948	0.014126758	0.32290673	0.27084008	-0.30375877	1.0290136	0.79943484	8.48832	1.9669533e-06	134.92351	66.02406	223.38481	2.2823327	129.55019	63.030727	213.80478	2.2823327	168.58601	42.31239	220.60521	1.1105983	39.035835	53.704872	170.89192	-54.254208	48.818584	44.997284	170.89192	0.091507144	1.0253897	2.6166117	17.089191	-0.64910054	4408.01	6107.9043	29204.049	0.008373558	135.32227	406.79672	2920.405	4.1365216e-05
15	15999	3927.7048354148865	330.70572	124.976875	612.9466	195.59026	125.125	647.9073	0.0	647.9073	647.9073	283.0	168.36	47.726875	251.70436	-195.65561	29.104443	0.98822004	2.8650098	28.658741	-11.191185	-173.48817	0.263626	0.0023521758	0.27078387	0.2607417	-0.015404468	1.0621773	0.81851697	9.262973	1.3411045e-06	163.55962	53.67395	293.93463	3.2825184	158.47852	52.626995	264.05396	3.2825184	169.70528	52.684666	255.81664	-44.29004	11.226752	33.600918	68.42013	-98.63118	29.553991	19.535177	98.63118	0.026321482	0.0642089	0.34747335	1.3978525	-4.775877	1255.0615	1573.1901	9728.11	0.0006928204	8.023381	11.898315	228.09003	2.745778e-06
16	16999	4273.184871673584	490.2088	79.62173	594.1762	353.44736	206.4	839.9463	0.0	839.9463	839.9463	263.0	177.18982	52.31498	258.49673	-227.55597	29.48464	0.99443924	2.8317683	26.915653	-10.918291	-182.38069	0.2799909	0.006131794	0.28797945	0.26644862	-0.007229988	1.0419778	0.81893605	9.976239	7.301569e-07	223.56883	72.06386	307.10638	3.842321	204.47163	65.7353	274.08337	3.842321	177.90535	53.591705	241.60074	6.916485	-26.5663	25.080156	69.0594	-100.20843	30.18135	20.588066	100.20843	0.090235986	-0.09428975	0.22895361	2.669704	-0.386325	1334.7823	1717.2185	10041.729	0.008142533	6.1307254	7.618865	71.27319	3.9062947e-05
17	17999	4619.2301416397095	566.4049	270.11273	908.64825	232.78638	190.8	326.28717	0.0	326.28717	326.28717	127.0	180.56454	52.40654	259.7706	-250.7827	28.03115	1.073128	2.7593417	32.882652	-11.376263	-185.50694	0.26817542	0.011330665	0.28790566	0.25460196	0.094340146	1.0757772	0.81731856	10.140242	4.351139e-06	173.07947	68.2858	263.20334	3.3544717	168.38452	65.88121	254.93283	3.3544717	171.29366	59.14743	247.41986	-12.926116	2.9091387	33.787067	88.15946	-79.01293	26.638468	20.986214	88.15946	0.090065874	0.090167895	0.30996123	2.5533633	-1.839785	1150.0289	1429.4202	7772.091	0.008111862	7.2698717	8.778313	65.19665	5.3338557e-05
18	18999	4967.312097787857	453.55353	252.64119	777.1859	93.01181	171.2	350.69653	0.0	350.69653	350.69653	181.0	184.27686	55.205265	258.93964	-246.08517	28.323671	0.90560883	2.7404065	28.250233	-11.08621	-189.11394	0.27267984	0.009198788	0.28771916	0.25701222	-0.12271696	1.0178901	0.79928696	8.932868	2.0861626e-06	198.79636	62.16637	278.87543	2.7679453	192.81728	60.371845	268.14407	2.7679453	187.48323	47.89802	245.80598	-1.7576684	-5.3340406	40.413467	90.3909	-103.220505	31.707378	25.619183	103.220505	0.008986131	0.023686443	0.2507167	1.3214334	-0.45256138	1661.7004	2178.1272	10654.473	8.075055e-05	9.1370945	12.858009	74.25299	3.409615e-07
19	19999	5310.889057397842	745.40625	117.96752	948.3557	655.7596	284.75	1182.7974	0.0	1182.7974	1182.7974	406.0	177.13828	52.063744	248.57309	-247.73148	25.99155	0.96068794	2.7030053	25.35	-11.314186	-181.69943	0.24830115	0.0043706745	0.25697854	0.24385405	-0.054386858	1.0126073	0.7950218	8.776275	6.556511e-07	137.94838	86.67437	267.4986	1.3650557	133.27835	86.80627	267.93875	1.3650557	201.6439	42.58025	246.86086	-21.581741	68.36558	87.267296	223.65152	-57.274193	90.169556	64.489426	223.65152	0.058759462	2.3854659	4.886735	22.365152	-3.1319606	12289.433	13888.007	50020.004	0.0034526743	454.2696	1009.75244	5002.0005	1.5106732e-05
20	20999	5660.66485953331	546.6933	229.33147	870.33954	310.34262	226.5	635.858	0.0	635.858	635.858	215.0	176.66751	51.742374	252.18404	-227.9582	25.342176	0.987162	2.7339604	25.026573	-10.525935	-180.9046	0.24017215	0.0012039223	0.24384236	0.23825672	-0.018183963	1.0393517	0.8076181	7.6515565	7.1525574e-07	212.17902	68.36076	281.34738	3.9620655	204.0171	68.49824	274.82605	3.9620655	189.92612	53.128235	245.18748	-24.485472	-14.090997	31.37121	80.75967	-97.16935	29.049574	18.407368	97.16935	0.053033028	-0.032674503	0.28810966	1.1700865	-2.9532235	1182.709	1346.031	9441.882	0.0028125022	6.7417154	9.542742	87.215294	1.2341913e-05
21	21999	6010.567163467407	712.7894	102.685715	835.96924	547.3042	236.4	612.8536	0.0	612.8536	612.8536	217.0	186.98747	55.363846	254.19942	-212.6646	24.375023	1.1104518	2.7336307	27.179932	-10.970119	-191.42278	0.2653788	0.013010676	0.27851614	0.23893012	0.14971484	1.0742338	0.8142377	8.860631	2.4437904e-06	202.7136	73.72252	281.02057	2.2594197	196.9377	72.56514	270.70633	2.2594197	199.31526	52.909046	242.01001	-17.61066	2.3775527	47.87315	201.7857	-63.88644	31.129156	36.448143	201.7857	0.011003733	0.24275437	1.433123	17.414442	-2.6525362	2297.491	6167.233	40717.473	0.00012108214	46.673714	241.36327	3032.628	5.48658e-07
22	22999	6365.4356055259705	941.0897	20.069122	961.1589	921.0206	319.5	665.2945	0.0	665.2945	665.2945	292.0	190.18845	55.49735	275.87445	-194.56454	24.405731	0.99815935	2.6877916	25.781853	-10.845628	-194.51363	0.27805823	0.002091382	0.28151464	0.27413726	-0.0022912568	1.0620894	0.8005699	7.8805537	2.1457672e-06	215.11626	59.694073	297.12027	2.1264894	216.69315	59.735416	288.63763	2.1264894	225.88683	26.531012	265.92914	18.338417	9.193682	50.39311	209.57724	-90.39953	34.578476	37.793095	209.57724	0.015066509	0.33164412	1.8485024	20.786066	-0.33797228	2623.9888	6650.2354	43922.62	0.00022699969	61.236	369.68503	4336.4336	1.0452363e-06
23	23999	6714.469970703125	679.7828	510.70303	1190.4858	169.07976	263.0	740.4175	0.0	740.4175	740.4175	237.0	193.322	55.610806	265.3597	-195.15181	24.312265	0.9578334	2.69346	24.811562	-10.627857	-197.47354	0.27007988	0.0045457967	0.27856138	0.2608608	-0.055253968	1.0540965	0.8062533	7.8225355	1.847744e-06	229.97456	69.44992	292.46027	4.3054457	224.42749	70.223946	289.4508	4.3054457	202.19304	52.424496	246.00383	-32.299282	-22.234428	25.320332	35.7446	-86.206924	29.622038	16.063128	86.206924	0.011240191	-0.0786094	0.24382928	0.8012952	-3.6604729	1135.4893	1051.6199	7431.6333	0.00012634188	5.1226444	7.9787064	133.9906	6.402277e-07
24	24999	7064.354008436203	1642.5114	810.60065	2782.898	971.0818	559.6667	874.89746	0.0	874.89746	874.89746	281.0	193.48758	54.016216	257.7039	-162.05623	22.302528	0.9210855	2.722601	24.220007	-12.286534	-197.42882	0.24756262	0.008112244	0.2608612	0.23221526	-0.11058966	1.0557945	0.8058582	8.50662	3.784895e-06	205.88722	73.15653	282.4045	2.2592497	206.27898	73.109924	283.5022	2.2592497	207.18365	51.338387	251.41129	-20.095846	0.90467316	47.381195	217.10843	-60.475636	30.10836	36.59622	217.10843	0.023542957	0.23826177	1.6008663	21.710842	-2.430284	2245.7964	6504.0015	47136.07	0.00055427087	50.189354	324.21317	4713.607	5.3006897e-06
25	25999	7421.198553323746	776.926	83.8873	884.0243	649.8343	286.75	2395.767	0.0	2395.767	2395.767	1000.0	192.21739	54.029694	257.22202	-142.27786	21.948563	0.9652926	2.7570822	23.787142	-10.976889	-195.99397	0.22472529	0.0038308422	0.23217966	0.22016846	-0.051529158	1.0473143	0.8058572	8.058776	2.682209e-07	252.21483	19.154766	284.82697	189.95377	246.42432	15.134109	278.71445	199.31174	232.48738	9.883791	261.4182	195.77792	-13.936916	14.805802	18.4971	-58.020966	16.157179	12.344834	58.020966	0.0042488566	-0.053839177	0.057814408	0.083392285	-0.21885902	413.44937	550.7061	3366.4324	1.8052782e-05	1.6043085	2.0995147	12.698411	7.717093e-08
26	26999	7766.680008888245	1018.78894	127.00369	1145.7926	891.7852	355.5	2279.3784	0.0	2279.3784	2279.3784	844.0	192.05783	54.981434	261.7729	-117.65808	21.929766	1.0483227	2.7499895	26.688519	-10.87469	-195.74916	0.22846414	0.0064108917	0.23679447	0.21925147	0.07147533	1.060764	0.8090222	8.244925	8.34465e-07	254.73616	39.583294	306.5153	3.9390788	252.10541	38.25836	298.70834	3.9390788	224.96985	32.51642	258.2646	-19.25241	-27.135561	21.787687	49.540035	-99.892	28.702639	19.67741	99.892	0.044808507	-0.11120126	0.13899645	0.2423426	-2.6442447	1211.042	1499.7789	9978.411	0.0020078022	4.730071	5.975492	69.9203	8.336513e-06
27	27999	8125.906117677689	2575.7166	0.0	2575.7166	2575.7166	1000.0	2684.006	0.0	2684.006	2684.006	1000.0	191.78455	53.75636	256.09842	-117.890594	20.081789	0.9499131	2.630801	23.373066	-12.35286	-195.28073	0.22847189	0.005855738	0.23709291	0.21955699	-0.07399928	1.0295485	0.78609586	7.372143	1.5646219e-06	274.90036	20.203423	317.39798	217.15245	276.32138	16.052366	310.78464	228.89716	233.89479	10.322858	260.1249	174.32605	-42.426575	16.064064	-13.188523	-126.70589	42.426575	16.064064	126.70589	13.188523	-0.15146011	0.049147625	-0.050304193	-0.42090514	2058.068	1752.9144	16054.382	173.93715	7.2106657	5.680815	53.331158	0.663438
28	28999	8475.890944004059	670.2475	681.6743	1788.0631	109.4292	272.5	852.5864	0.0	852.5864	852.5864	287.0	193.2502	53.046284	259.6089	-133.43127	20.282526	0.96852523	2.6215174	23.832632	-11.2751255	-196.61754	0.2142781	0.0036155789	0.21952352	0.20868108	-0.048473433	1.0069222	0.7799975	7.069253	1.1324883e-06	184.85963	61.887024	262.6722	3.169879	179.0215	62.665894	256.48016	3.169879	203.65302	63.860832	258.58026	-3.1628861	24.63152	32.375298	138.23659	-40.059578	28.835205	28.694988	138.23659	0.005902407	0.1753195	0.30226606	2.3682375	-0.8900868	1654.8716	2981.9324	19109.354	3.4838413e-05	12.50758	27.941103	224.83693	1.6309217e-07
29	29999	8819.705518484116	1192.9243	512.02014	1875.771	642.8451	389.33334	339.1798	0.0	339.1798	339.1798	154.0	196.45045	53.713165	263.05246	-147.60413	20.74171	0.9892035	2.656739	29.427584	-10.962434	-199.83472	0.20868565	0.0026344524	0.212343	0.20446362	-0.01695313	0.999399	0.7879072	7.595341	3.837049e-07	146.46553	72.83052	266.55917	0.9351956	145.144	71.5126	263.74005	0.9351956	200.64566	60.63435	256.9307	-45.321667	55.50165	50.955395	229.8579	-54.46972	62.797955	41.63295	229.8579	0.021371542	0.71767837	1.7061032	20.125134	-4.6756506	5676.8853	7475.345	52834.65	0.00045674277	92.743	303.81287	4050.2102	1.9848758e-06
30	30999	9166.124260663986	911.8823	418.26706	1437.184	413.72223	306.66666	939.25836	0.0	939.25836	939.25836	298.0	198.48541	53.2695	262.53363	-166.02992	21.509893	0.9794191	2.663249	28.08759	-12.388523	-201.79813	0.20234309	0.0018423053	0.20496607	0.19836639	-0.032910734	0.9910909	0.790822	7.4030633	4.4703484e-07	243.64848	69.00104	321.0903	3.7282872	234.68057	66.821335	310.541	3.7282872	216.72746	51.2999	261.67697	-17.77727	-17.953096	31.315601	68.56614	-86.814064	29.659294	20.574415	86.814064	0.07109982	-0.049047314	0.19194253	1.8563899	-2.2361903	1302.9806	1522.2252	7536.6816	0.0050551845	5.340766	6.049208	50.005474	3.0151308e-05
31	31999	9518.54377746582	1110.0889	266.78867	1313.6285	733.1954	346.33334	903.29865	0.0	903.29865	903.29865	285.0	199.95724	53.409264	266.62772	-175.89922	21.079332	1.0155734	2.6687293	27.548094	-10.876581	-203.24081	0.200461	0.0022974906	0.20415933	0.19682716	0.025066266	0.99235076	0.79131126	7.710786	1.66893e-06	229.95032	67.33312	296.62222	3.5131662	215.53397	65.85082	283.11032	3.5131662	205.25273	63.21582	265.9407	-15.238737	-10.281246	16.661196	41.72288	-47.099854	16.404074	10.686714	47.099854	0.038165085	-0.05706916	0.19782609	1.2688043	-1.8751904	383.29953	408.1579	2218.3962	0.0014565736	2.3440084	4.155826	50.670914	5.7650795e-06
32	32999	9867.16910123825	2604.6428	0.0	2604.6428	2604.6428	870.0	999.1893	0.0	999.1893	999.1893	340.0	201.68375	53.99584	266.7299	-188.66072	20.034344	0.99910104	2.5976362	26.964725	-15.984193	-204.94476	0.2036153	0.0009515886	0.2055025	0.20223777	-0.0013878832	0.99013686	0.7827287	7.2752085	5.5730343e-06	242.2192	72.766525	308.21594	2.1992755	238.57036	71.369026	303.0074	2.1992755	217.49953	47.50033	258.58026	-16.325027	-21.070814	39.81129	117.60318	-80.8124	40.618103	19.470175	117.60318	0.13313365	0.0036057516	0.41975823	3.462849	-1.9418467	2028.918	1942.0289	13830.507	0.017724568	12.232945	21.752693	143.78642	7.13227e-05
33	33999	10216.221034765244	1082.2233	70.64344	1166.98	994.0413	336.0	1516.7028	0.0	1516.7028	1516.7028	473.0	203.56041	53.839493	270.29907	-191.40962	19.77037	0.9910415	2.6023138	25.679478	-13.467155	-206.84656	0.20206235	0.0012383559	0.20337403	0.19896637	-0.0142986495	1.0015867	0.79019547	7.8894157	3.6805868e-06	245.89	69.74149	328.86798	3.1141422	242.44159	71.190895	330.39938	3.1141422	215.77438	51.74031	263.76514	-14.289333	-26.667217	30.360111	61.53504	-93.70172	34.068256	21.730871	93.70172	0.032650054	-0.066351496	0.24878775	3.8704238	-1.7403475	1632.8768	1818.6837	8780.013	0.0010660259	6.6927056	8.684039	149.8018	4.675997e-06
34	34999	10569.001846075058	1650.3113	73.88019	1724.1915	1576.4312	534.0	1843.4019	0.0	1843.4019	1843.4019	595.0	207.1904	54.069386	271.55048	-199.35216	19.411531	1.0133626	2.6073823	23.741745	-11.190243	-210.39693	0.20295778	0.0017362436	0.20550382	0.19984081	0.021424847	1.0010798	0.7828107	6.7988048	9.834766e-07	270.31604	34.590534	305.84085	43.033737	266.53027	34.745575	294.3155	43.094204	239.70071	31.996208	269.21146	60.00554	-26.829546	11.658937	19.312525	-83.07293	27.202682	10.759619	83.07293	0.37695825	-0.098176666	0.05549794	0.39242715	-0.3890768	855.75543	651.67834	6901.1123	0.14209753	3.2117805	2.4411378	32.32175	0.000590686
35	35999	10924.484388589859	948.10284	325.69547	1406.5607	680.421	317.66666	2855.2883	0.0	2855.2883	2855.2883	1000.0	210.23546	55.49765	275.15576	-190.0184	20.217382	0.9802315	2.5691118	27.12573	-12.510022	-213.362	0.20311484	0.0018515169	0.20532557	0.19789277	-0.03165778	0.9828355	0.76795495	7.397851	1.8291175e-06	281.30682	13.420426	298.65878	230.36328	282.5048	12.259442	302.86786	241.9268	251.96925	12.573984	271.8274	188.10455	-30.535551	11.901005	5.488124	-84.94302	30.620975	11.679454	84.94302	0.56216043	-0.107440986	0.040786684	0.0215845	-0.31109238	1074.0536	787.2725	7215.3174	0.31602436	3.7632105	2.7260876	26.425129	0.0012205137
36	36999	11276.813851594925	2700.656	0.0	2700.656	2700.656	902.0	2767.9382	0.0	2767.9382	2767.9382	1000.0	211.45775	55.80593	276.42078	-191.09616	19.651754	0.97717714	2.5814555	28.064922	-11.112978	-214.53427	0.19398452	0.0017096256	0.19787002	0.19033933	-0.037362136	0.97775507	0.7703308	7.8982453	3.33786e-06	272.17856	31.323706	308.72223	141.07774	271.45114	33.843945	312.46472	125.64253	251.1553	11.499737	269.11414	206.53983	-20.2958	32.790115	101.46306	-98.9406	33.12251	19.748692	101.46306	0.031717636	-0.056098554	0.15983403	0.79200727	-0.32388523	1487.1115	1670.4944	10294.753	0.0010060085	6.221979	10.092489	80.35948	3.8113637e-06
37	37999	11630.258500099182	2954.2598	0.0	2954.2598	2954.2598	1000.0	2900.4924	0.0	2900.4924	2900.4924	1000.0	213.21072	55.66821	276.68283	-166.74008	18.284758	0.98232174	2.5834517	27.712328	-10.410757	-216.12367	0.18812034	0.0013544423	0.19035052	0.18465602	-0.029533995	0.97541595	0.77246946	7.300515	7.4505806e-07	265.16266	54.67018	310.2319	3.0516229	260.33585	54.102444	301.56158	3.0516229	234.49066	56.21002	273.0204	-88.53122	-25.845188	17.032057	37.893093	-98.167076	27.807625	13.594139	98.167076	0.05851963	-0.14910336	0.55653226	0.21116924	-9.816708	958.06464	936.48883	9636.775	0.0034245476	7.8125377	50.43912	963.6775	1.3128751e-05
38	38999	11983.061101675034	1307.3451	190.90756	1457.7499	1037.9718	429.66666	953.8044	0.0	953.8044	953.8044	295.0	216.1168	56.716816	282.83432	-174.32787	18.036142	1.0025746	2.5893824	29.191872	-11.059539	-219.02493	0.1844734	0.00069636793	0.18561779	0.1832585	0.004384864	0.97681206	0.77336425	7.9502125	1.7285347e-06	239.36028	69.54005	299.11322	2.9430814	233.05048	70.73971	297.54523	2.9430814	223.38454	73.246666	271.3468	-67.86085	-9.66594	28.464245	81.3348	-76.6863	25.53735	15.858356	81.3348	0.14156514	-0.13592458	0.69632566	0.5251936	-7.6686306	903.6437	1157.2191	6615.35	0.02004069	10.866262	46.78806	588.0789	7.870777e-05
39	39999	12339.326531410217	809.0327	103.93177	915.59906	668.08295	290.33334	1060.6572	0.0	1060.6572	1060.6572	332.0	218.20227	57.52512	283.23605	-182.5884	17.905329	1.0091016	2.5919704	25.128006	-11.6665	-221.09692	0.1871906	0.00093632773	0.18863666	0.18543924	0.015313656	0.9906616	0.78002065	7.6580257	2.682209e-07	280.5077	16.26061	302.33984	206.53452	281.13058	15.706547	304.86002	200.35262	251.26631	14.140093	272.2282	172.72885	-29.864265	11.320291	11.320969	-102.88369	30.059965	10.789895	102.88369	0.70390946	-0.105347805	0.039127428	0.048376795	-0.37329102	1020.0233	872.9007	10585.053	0.49548855	3.585984	3.0926137	38.405556	0.0020498522
40	40999	12690.742149114609	1605.0127	311.76715	1916.7798	1293.2455	544.5	1522.2881	0.0	1522.2881	1522.2881	560.0	217.26361	57.660652	282.25616	-178.4009	19.002487	0.9960974	2.5764117	26.585167	-11.715119	-220.04562	0.18748029	0.00058629847	0.1885915	0.1858277	-0.006462204	0.9870974	0.77982867	7.021082	4.172325e-07	224.47131	51.00613	267.38046	3.2892451	224.66116	54.551918	269.8392	3.2892451	237.09615	45.07014	269.81763	15.696917	12.434985	27.154	89.42263	-33.61808	20.834497	21.398418	89.42263	0.022333406	0.095764905	0.25018296	4.233149	-0.21206638	891.96844	1641.1512	7996.4062	0.00049878104	5.7101803	12.984358	179.19553	1.927589e-06
41	41999	13041.504574775696	1403.7542	521.18665	1924.9408	882.5675	494.5	1703.4955	0.0	1703.4955	1703.4955	616.0	216.90764	56.90721	278.5885	-171.62712	18.701715	1.0207837	2.585597	27.371552	-13.5978365	-219.68774	0.19172513	0.0028638234	0.1964284	0.18713109	0.03450669	0.9923964	0.78333104	6.946334	3.6023557e-06	216.52063	60.72171	270.5425	2.957193	218.27226	63.50366	276.95935	2.957193	224.93878	61.584446	270.0865	-12.931702	6.666519	23.46051	82.22951	-29.517763	17.515022	16.972387	82.22951	0.023074454	0.025384367	0.22362898	1.6538188	-2.1088102	594.83795	1107.4703	6761.692	0.00053243036	3.7882032	7.4434276	44.47081	2.049168e-06
42	42999	13404.026770591736	2706.882	0.0	2706.882	2706.882	1000.0	2609.4631	0.0	2609.4631	2609.4631	1000.0	218.21558	56.873623	280.79282	-153.36098	18.306923	0.98598266	2.566624	26.132277	-12.213309	-220.99922	0.19127966	0.0014473944	0.19441643	0.18902916	-0.023073638	0.99191344	0.7773771	6.402751	2.3841858e-07	274.1193	12.764441	293.78998	223.29602	282.53928	10.904334	302.89264	240.7086	254.12857	8.5419235	273.6522	221.60072	-28.410713	6.3747406	-14.5056715	-47.803562	28.410713	6.3747406	47.803562	14.5056715	-0.10015735	0.02021961	-0.05324039	-0.16429175	847.8059	383.06595	2285.1804	210.4145	2.9731603	1.2749006	7.8537307	0.7722876
43	43999	13763.281937360764	2079.4998	0.0	2079.4998	2079.4998	706.0	2774.7266	0.0	2774.7266	2774.7266	1000.0	221.41714	56.440514	282.05905	-164.0512	17.839249	1.010583	2.570081	29.132092	-15.141214	-224.11281	0.1904226	0.0009650322	0.19313876	0.1891279	0.017563792	1.0042131	0.77498144	7.239761	2.0563602e-06	291.86374	16.883387	323.24792	227.35367	295.78195	13.572935	318.31052	240.67145	256.84482	8.271353	272.50995	225.17696	-38.937153	9.66485	-14.808721	-63.098946	38.937153	9.66485	63.098946	14.808721	-0.13067235	0.028504075	-0.05989306	-0.20131782	1609.5115	760.42017	3981.477	219.2982	5.3621464	2.3955398	12.702942	0.8869396
44	44999	14119.034789562225	2888.5178	0.0	2888.5178	2888.5178	1000.0	2895.4026	0.0	2895.4026	2895.4026	1000.0	223.89603	57.00847	286.20474	-177.66737	17.604412	0.9853206	2.5542102	26.844017	-13.950985	-226.60806	0.19013593	0.0011194053	0.19270056	0.18817784	-0.02429465	0.99841774	0.77112335	7.1054287	9.164214e-07	303.30618	19.505192	332.1567	232.1452	297.86194	14.758803	317.3255	239.74063	261.0037	8.80722	273.55417	224.50473	-36.85823	9.47652	-12.096431	-57.994537	36.85823	9.47652	57.994537	12.096431	-0.12268993	0.027606701	-0.048603766	-0.18405394	1448.3334	683.6639	3363.3665	146.32364	4.782514	2.137315	10.674123	0.58793205
45	45999	14482.519973278046	1789.3971	0.0	1789.3971	1789.3971	549.0	2983.6194	0.0	2983.6194	2983.6194	1000.0	225.5826	56.996887	284.5186	-187.05989	17.247005	0.97014844	2.5645764	27.47844	-13.059544	-228.2695	0.18445095	0.0032686878	0.1885569	0.17897412	-0.05054367	0.9898269	0.7709526	7.295968	2.7418137e-06	303.75198	15.775554	323.52625	235.38545	305.81662	13.520758	321.5306	248.7487	262.37354	8.934561	277.9798	225.47646	-43.443073	6.632173	-22.832859	-60.787796	43.443073	6.632173	60.787796	22.832859	-0.14149588	0.01762019	-0.08794811	-0.18921441	1931.2861	544.45483	3695.1562	521.3394	6.262325	1.6320516	11.501926	2.0081067
46	46999	14845.583806037903	2996.5813	0.0	2996.5813	2996.5813	1000.0	2957.4192	0.0	2957.4192	2957.4192	1000.0	227.87279	56.710693	286.99597	-178.62721	17.12879	0.9855795	2.568768	25.444115	-11.721317	-230.49084	0.17641446	0.0012000322	0.17906843	0.17454612	-0.024930473	0.99069387	0.7730655	6.9486055	1.5683472e-06	300.56232	17.825785	320.05148	232.14253	297.5598	15.2073345	315.00592	236.4494	263.7562	10.707851	283.23398	224.91699	-33.80363	7.6513653	-11.193958	-53.667816	33.80363	7.6513653	53.667816	11.193958	-0.11283443	0.022441147	-0.04681322	-0.17501229	1201.2291	506.60468	2880.2344	125.304695	3.9845042	1.5985674	9.392528	0.5240252
47	47999	15204.193217754364	3006.278	0.0	3006.278	3006.278	1000.0	2994.603	0.0	2994.603	2994.603	1000.0	230.89526	56.970848	291.46667	-185.92966	16.730978	0.9999427	2.592266	28.224548	-10.409319	-233.45485	0.17513677	0.0011089098	0.17758383	0.17333192	-3.561497e-05	0.9923887	0.7779023	6.8451595	5.90086e-06	308.55392	15.957921	325.96417	244.83832	306.91348	14.541634	324.03708	248.17793	268.17935	11.071453	282.907	226.0054	-38.734158	5.9020033	-21.092327	-58.54596	38.734158	5.9020033	58.54596	21.092327	-0.12579055	0.015821822	-0.08307763	-0.18745181	1535.1687	454.6127	3427.6294	444.88623	4.9634624	1.3620574	10.974546	1.7523005
48	48999	15567.114499807358	3043.837	0.0	3043.837	3043.837	1000.0	2921.3755	0.0	2921.3755	2921.3755	1000.0	234.25911	57.20993	294.92047	-175.7627	16.614508	0.9987155	2.598694	27.975294	-13.948638	-236.85257	0.17389338	0.0007867109	0.17575696	0.17246878	-0.0021833915	0.98571527	0.7755099	7.5453753	1.1697412e-06	294.37863	14.044422	308.6326	232.70642	299.84055	13.868567	313.56842	242.3414	268.9916	11.257242	282.2014	222.60706	-30.848932	5.0172515	-11.676309	-52.81705	30.848932	5.0172515	52.81705	11.676309	-0.10256079	0.014800378	-0.046469748	-0.19176626	976.8294	294.28836	2789.6409	136.3362	3.2362666	0.9386549	10.128529	0.54259515
49	49999	15926.054311990738	3045.8743	0.0	3045.8743	3045.8743	1000.0	2851.479	0.0	2851.479	2851.479	1000.0	236.54407	57.60378	299.42035	-183.16608	16.37136	1.0062261	2.6067255	26.450129	-11.389178	-239.13745	0.17499647	0.00074719184	0.1765253	0.17368914	0.010879162	0.981102	0.77487344	6.4841733	5.662441e-07	290.62106	15.782302	314.48706	229.82156	298.22244	15.309084	315.36905	241.8381	265.86905	9.623269	284.6179	228.86037	-32.35339	7.8314795	-8.253113	-55.56142	32.35339	7.8314795	55.56142	8.253113	-0.107551545	0.02279212	-0.030818865	-0.17893912	1108.0739	475.66757	3087.0713	68.11387	3.6573462	1.4915354	9.942112	0.25435156
50	50999	16287.552820205688	1716.2418	934.9305	2960.5955	706.98553	551.0	3038.309	0.0	3038.309	3038.309	1000.0	238.52686	57.395893	302.17142	-175.78749	15.7817335	0.9920207	2.5999053	27.292133	-14.003299	-241.02089	0.17591096	0.0010112891	0.17762227	0.17382883	-0.013857682	0.98379433	0.7696097	6.7035117	3.6358833e-06	307.0306	21.76867	330.92712	229.77864	309.84763	19.596912	332.4262	239.68214	272.98978	11.919281	290.7232	229.12158	-36.85786	9.038615	-4.857679	-54.33266	36.85786	9.038615	54.33266	4.857679	-0.117608614	0.02468366	-0.01815393	-0.1667876	1440.1984	562.52277	2952.0378	23.597044	4.5560784	1.6676072	9.062014	0.08818596
51	51999	16637.141663074493	3128.1558	0.0	3128.1558	3128.1558	1000.0	741.6263	0.0	741.6263	741.6263	223.0	239.99205	58.25195	302.66412	-167.78912	15.63323	0.9525893	2.6147041	28.246136	-10.217131	-242.45874	0.16689257	0.0036027017	0.17381977	0.16062786	-0.08476131	0.9744519	0.76388174	6.9295506	2.6524067e-06	217.98367	73.30305	293.9059	4.1853642	207.13081	69.41952	279.35822	4.1853642	219.10196	65.71396	277.17712	5.867172	11.971155	14.9076605	52.139675	-38.687836	14.578694	12.369663	52.139675	0.010099205	0.09835208	0.21745872	2.5689232	-0.31452432	365.54688	523.6072	2718.5457	0.00010199395	2.6921308	5.588362	66.30709	3.8493536e-07
52	52999	16995.51435828209	3136.7761	0.0	3136.7761	3136.7761	1000.0	3009.3489	0.0	3009.3489	3009.3489	1000.0	242.08517	58.375313	304.0785	-158.75807	15.189559	0.98927754	2.675097	25.455612	-12.491203	-244.50224	0.15718108	0.0013418096	0.160703	0.15541308	-0.019635653	0.9814213	0.7704318	7.3101473	3.874302e-07	307.46414	15.65333	332.95444	243.84677	310.76	15.863848	333.7326	247.55829	277.7471	12.937942	291.68118	228.46527	-33.0129	5.591295	-19.093023	-54.40851	33.0129	5.591295	54.40851	19.093023	-0.105902076	0.01478449	-0.07262283	-0.16533647	1121.1141	393.5643	2960.2856	364.54358	3.5760431	1.1405334	8.99571	1.4725565
53	53999	17356.6854596138	3128.1099	0.0	3128.1099	3128.1099	1000.0	3013.4385	0.0	3013.4385	3013.4385	1000.0	243.8867	58.93578	299.2876	-171.80551	14.7523775	1.0153319	2.7223592	31.12479	-10.334674	-246.31091	0.16038416	0.00092445215	0.16211358	0.15766373	0.02817484	0.9937408	0.7799474	7.743997	7.096678e-07	307.31845	16.241854	325.59637	239.14894	310.26703	16.388937	327.92587	244.3188	280.3437	12.374541	292.71967	230.64409	-29.9233	6.0554304	-11.852842	-45.97181	29.9233	6.0554304	45.97181	11.852842	-0.095887974	0.016177965	-0.048513833	-0.1421807	932.07214	351.33038	2113.4072	140.48987	2.96583	1.0333633	6.536304	0.5750268
54	54999	17711.103103160858	2983.7786	0.0	2983.7786	2983.7786	1000.0	2934.877	0.0	2934.877	2934.877	1000.0	244.96233	58.394474	302.12775	-171.13786	14.5479355	1.0280744	2.7057018	27.035158	-11.237158	-247.33879	0.1645924	0.0020891132	0.16894276	0.16160247	0.050564237	1.0049127	0.7865768	7.0838346	1.013279e-06	292.7671	13.852146	310.36517	231.71446	297.4888	13.32442	311.62524	238.21877	279.85803	13.188994	293.04523	234.04155	-17.630745	4.3164644	-3.9397182	-41.232174	17.630745	4.3164644	41.232174	3.9397182	-0.059250657	0.014615825	-0.014884947	-0.13925992	329.475	161.5495	1700.0923	15.521379	1.106684	0.55122846	5.7419896	0.06483969
55	55999	18065.53573489189	3069.0186	0.0	3069.0186	3069.0186	1000.0	3026.0308	0.0	3026.0308	3026.0308	1000.0	246.22173	58.461193	302.8248	-171.53197	14.252801	0.995946	2.6628869	28.237265	-10.660902	-248.59099	0.16973032	0.00082970684	0.17150092	0.16816013	-0.007162491	0.9924588	0.7779487	8.799884	1.66893e-06	301.40298	21.874838	331.3175	222.11258	301.35184	22.405344	328.7069	218.21417	278.51526	14.950844	296.7981	220.06262	-22.836576	9.494752	18.801184	-44.48814	23.469833	7.799137	44.48814	0.57216763	-0.07395878	0.02995349	0.07521441	-0.13810603	611.65967	344.4473	1979.1945	0.32737583	1.9707048	1.0471461	6.10524	0.0012380441
56	56999	18422.54520058632	3092.1313	0.0	3092.1313	3092.1313	1000.0	3116.6804	0.0	3116.6804	3116.6804	1000.0	248.11794	58.389915	302.97037	-190.51828	14.239811	0.99384207	2.684783	31.498337	-10.940216	-250.48134	0.16759692	0.0005849663	0.16874473	0.16645487	-0.010966252	0.99323153	0.7830541	7.6778064	2.9802322e-06	316.48572	20.207302	341.28586	240.35547	312.0859	18.154337	332.39166	241.65738	283.46524	13.625858	299.60257	234.25919	-28.620647	6.143788	-6.426085	-45.763103	28.620647	6.143788	45.763103	6.426085	-0.09101561	0.016570972	-0.02659172	-0.14022447	856.8875	322.69962	2094.2617	41.29457	2.705378	0.95366687	6.4171066	0.17088066
57	57999	18784.885360717773	3144.4802	0.0	3144.4802	3144.4802	1000.0	3131.5747	0.0	3131.5747	3131.5747	1000.0	250.05702	58.427822	304.7151	-212.1238	14.173299	1.0040627	2.6895278	28.522614	-14.561593	-252.32672	0.1663859	0.0007268615	0.16764428	0.16496907	0.0073269447	0.99929386	0.7873078	7.455266	3.874302e-07	315.9159	19.234386	336.52692	243.98412	314.46924	19.217764	334.2419	243.6056	285.31607	13.799839	300.3055	236.73518	-29.153126	6.65092	-6.699562	-47.542286	29.153126	6.65092	47.542286	6.699562	-0.09184919	0.017270068	-0.027501676	-0.14426573	894.13947	364.68774	2260.2688	44.884132	2.79156	1.0507566	6.8587217	0.18424919
58	58999	19142.09076523781	3131.9966	0.0	3131.9966	3131.9966	1000.0	3203.751	0.0	3203.751	3203.751	1000.0	252.21938	58.434875	305.14386	-212.49028	14.210624	1.0098877	2.6567461	27.490215	-10.387374	-254.53844	0.16903172	0.0008974714	0.17052728	0.16745292	0.01764634	0.9956781	0.781792	7.427788	1.1026859e-06	321.1442	20.965841	343.24945	244.99664	321.50577	19.259035	341.37228	251.65033	286.0962	13.159003	300.14008	237.8547	-35.40957	7.237397	-13.506188	-55.660892	35.40957	7.237397	55.660892	13.506188	-0.109239675	0.017859248	-0.053670462	-0.16850694	1306.2174	469.6513	3098.135	182.41713	3.9963527	1.3234407	9.379247	0.7248834
59	59999	19497.27330493927	3159.1523	0.0	3159.1523	3159.1523	1000.0	3194.3325	0.0	3194.3325	3194.3325	1000.0	254.88994	57.915096	304.35327	-214.55908	14.043885	0.9728531	2.6429253	28.307262	-12.935377	-257.19714	0.16678643	0.0016942271	0.17044657	0.16337971	-0.048589926	0.9858022	0.7786034	7.7755256	1.937151e-06	310.47375	24.419823	339.53183	222.89694	308.44138	26.578136	336.8037	216.06447	285.19397	12.109101	298.57	239.06558	-23.247452	19.633791	49.578884	-51.36963	27.941998	12.048841	51.36963	0.2611832	-0.07040273	0.0657872	0.22884838	-0.15367907	925.9297	622.4434	2638.8389	0.06821667	2.9179087	1.9302615	11.315638	0.0002349424
60	60999	19851.469197511673	3156.8066	0.0	3156.8066	3156.8066	1000.0	3162.463	0.0	3162.463	3162.463	1000.0	258.20346	56.809875	305.51675	-207.55057	13.53995	0.9874727	2.6625843	28.14659	-10.953225	-260.45248	0.16006784	0.0012361903	0.1633399	0.15799075	-0.022797948	0.98873544	0.7796351	7.6939096	2.0191073e-06	300.05276	52.099277	342.5055	4.3409753	293.70575	51.38101	333.1868	4.3409753	270.1837	47.998055	297.70654	-9.667532	-23.52203	10.046015	4.7507124	-45.00039	23.531557	10.023675	45.00039	0.14688474	-0.09034883	0.11334457	0.016461542	-1.7592293	654.2083	460.11258	2025.035	0.021575129	2.3700936	2.5626795	35.678905	7.910926e-05
61	61999	20207.663079977036	3126.96	0.0	3126.96	3126.96	1000.0	3156.7432	0.0	3156.7432	3156.7432	1000.0	259.98187	57.02159	306.86136	-210.91466	13.393203	0.987995	2.7098913	29.341053	-10.708846	-262.24515	0.15840797	0.00071229105	0.15967445	0.15657276	-0.02209998	0.9958048	0.7901328	8.018225	5.364418e-07	299.37247	55.45181	335.40436	4.771074	295.0033	55.992413	339.7239	4.771074	278.07028	42.97263	302.1837	13.014636	-16.932995	19.15343	42.22629	-40.937992	23.602314	9.824004	42.22629	0.11672546	-0.04049896	0.095875405	0.82435626	-0.12175384	653.5802	427.2458	1783.0596	0.013624833	2.2732284	1.516917	10.5706005	4.75033e-05
62	62999	20567.003612041473	3176.2656	0.0	3176.2656	3176.2656	1000.0	3080.6672	0.0	3080.6672	3080.6672	1000.0	262.0291	56.331963	307.4566	-218.2842	13.053165	0.98010415	2.720747	30.701042	-11.491568	-264.24167	0.153581	0.0010920186	0.15659967	0.15162586	-0.03715228	1.0005687	0.7895762	7.810217	7.748604e-07	308.63968	15.927487	323.81473	245.14366	313.825	16.366827	328.75735	246.8583	289.31107	11.665044	300.8029	243.65833	-24.513966	5.2948914	-3.0968428	-32.32353	24.513966	5.2948914	32.32353	3.0968428	-0.077444784	0.014316444	-0.012388049	-0.09908311	628.9704	225.63547	1044.8104	9.590435	1.9740069	0.6666795	3.2027156	0.038363837
63	63999	20921.093749046326	2733.6064	0.0	2733.6064	2733.6064	846.0	3136.1091	0.0	3136.1091	3136.1091	1000.0	262.72348	56.606026	307.53955	-230.4358	13.205434	1.0000895	2.720143	30.854006	-10.101251	-264.9525	0.15067287	0.0008783877	0.15210404	0.14874528	0.00024462867	1.003504	0.7939347	7.987832	1.6242266e-06	316.2014	17.214724	337.25766	247.5869	319.33228	17.716602	335.2286	248.35233	289.8413	12.675489	303.112	229.81934	-29.490942	6.055732	-4.093355	-50.836033	29.490942	6.055732	50.836033	4.093355	-0.091615394	0.01619431	-0.01648205	-0.1811333	906.38745	308.39777	2584.3022	16.755558	2.798891	0.9112316	9.208098	0.067466885
64	64999	21270.370260715485	3202.9937	0.0	3202.9937	3202.9937	1000.0	1361.2283	0.0	1361.2283	1361.2283	399.0	262.4824	56.782574	308.65634	-248.72894	12.699529	1.0151889	2.6935008	30.3448	-11.030411	-264.6734	0.15350638	0.0009775427	0.15596499	0.1515151	0.028541977	0.9996582	0.790705	7.465991	2.2947788e-06	288.07703	65.54741	340.4898	3.960658	282.00125	65.04353	332.59665	3.960658	269.32935	53.81151	305.50446	9.379667	-12.6718855	18.21072	36.22659	-44.655144	19.430462	10.708134	44.655144	0.035859823	-0.022653237	0.16652995	3.6226587	-0.13529031	492.207	397.07632	1994.0819	0.001285927	1.8787538	4.628473	131.23657	5.260851e-06
65	65999	21618.749313116074	3215.4207	0.0	3215.4207	3215.4207	1000.0	3229.9807	0.0	3229.9807	3229.9807	1000.0	263.24963	56.757545	309.5933	-230.65564	12.560146	1.0040314	2.6700904	28.95132	-14.721998	-265.3538	0.15603696	0.00045755078	0.15697835	0.15528387	0.0075471983	0.99289227	0.78528833	9.964649	4.8428774e-06	283.19202	67.25569	336.5505	3.8033702	275.64566	66.808136	331.71777	3.8033702	265.26785	61.3328	306.53357	-24.09642	-10.377787	20.65539	67.61493	-43.69712	20.015606	11.563701	67.61493	0.16686645	-0.051433496	0.25215277	0.3426601	-3.3433259	534.3436	596.55426	4571.7783	0.027844414	3.0762544	8.681083	114.941605	9.9940764e-05
66	66999	21972.370497465134	3229.63	0.0	3229.63	3229.63	1000.0	3204.0842	0.0	3204.0842	3204.0842	1000.0	264.76562	56.80112	310.39212	-221.40779	12.2286215	0.9803398	2.656821	31.028917	-10.196387	-266.8364	0.1537117	0.0019130555	0.15718463	0.15088479	-0.036736984	0.98646224	0.7827781	7.8746004	2.9802322e-07	259.27316	78.80143	324.25525	3.6987429	250.88911	75.77181	316.72238	3.6987429	252.0437	67.48416	306.19794	12.015017	1.154596	16.7268	54.92576	-59.42206	13.5748825	9.840811	59.42206	0.0044299434	0.045436848	0.22437994	3.2944758	-0.3075686	281.119	406.14426	3530.981	1.96244e-05	1.856662	5.436846	108.53571	6.57937e-08
67	67999	22328.238290786743	1055.5604	187.45914	1319.4365	901.5217	313.66666	3149.8418	0.0	3149.8418	3149.8418	1000.0	265.44534	58.16573	313.3035	-211.71075	12.152046	1.0021696	2.627654	32.420624	-10.738518	-267.5183	0.15116668	0.0005107705	0.15218611	0.15010706	0.004142645	0.98354477	0.7810486	8.469312	2.3841858e-07	323.1364	20.309856	347.18912	248.02391	314.47757	20.430777	335.32364	251.96182	294.07028	16.10907	313.4573	238.17877	-20.40731	9.396125	16.837425	-37.929085	21.23221	7.3443017	37.929085	0.066949345	-0.06385971	0.02919093	0.05939845	-0.11979193	504.74548	291.90692	1438.6155	0.004482215	1.5749639	0.8729516	4.5032177	1.6033542e-05
68	68999	22688.092552900314	1338.5013	0.0	1338.5013	1338.5013	392.0	3197.6077	0.0	3197.6077	3197.6077	1000.0	264.64972	59.37453	315.15677	-202.28171	11.979522	1.0141238	2.5932765	31.829796	-9.668316	-266.6751	0.15447989	0.00092209084	0.15561819	0.15189783	0.026508965	0.97074383	0.7770654	8.28297	4.7683716e-07	301.13828	55.05841	339.24146	3.4429624	293.12277	58.10028	333.99344	3.4429624	278.65082	60.58345	314.70404	-122.32295	-14.471945	15.787098	35.774147	-135.01651	18.473888	10.834441	135.01651	0.002162272	-0.119549714	0.71830904	0.17929044	-11.841867	458.66968	944.93994	18229.459	4.6754208e-06	7.8036957	76.03862	1454.3707	1.537744e-08
69	69999	23045.4602394104	3166.0461	0.0	3166.0461	3166.0461	1000.0	3178.8965	0.0	3178.8965	3178.8965	1000.0	265.49905	59.71768	316.10602	-203.46477	12.12117	0.9953805	2.5899613	29.685963	-10.836284	-267.494	0.15561318	0.0008600575	0.1571582	0.15411483	-0.008559387	0.9647324	0.77560544	9.004068	2.5853515e-06	298.2432	54.251812	332.37656	2.8238492	297.5493	55.565197	331.29318	2.8238492	279.38092	56.464027	312.39752	-35.155632	-18.168383	8.620171	17.478298	-68.079605	18.766048	7.2272305	68.079605	0.23570926	-0.089403875	0.24443606	0.06372573	-3.2241497	404.39746	406.84482	4634.8325	0.055558857	2.7310927	12.56289	151.0324	0.0003374987
70	70999	23404.632419347763	3167.3699	0.0	3167.3699	3167.3699	1000.0	3168.0898	0.0	3168.0898	3168.0898	1000.0	267.44907	58.932697	316.9498	-213.61938	12.020443	0.97983533	2.5896447	29.73171	-13.784515	-269.4389	0.15180154	0.0023521269	0.15467547	0.14738755	-0.037974354	0.96128345	0.7743896	7.2606263	2.9802322e-07	314.89575	17.9443	334.6808	244.23799	317.2431	17.439177	332.0826	251.71597	300.3124	16.846624	316.93378	238.8121	-16.930685	3.0550773	-8.319302	-26.22361	16.930685	3.0550773	26.22361	8.319302	-0.05339042	0.009165665	-0.026199164	-0.08154794	295.98154	106.48258	687.67773	69.210785	0.9304411	0.31980926	2.0890818	0.21795875
71	71999	23764.756614923477	2988.5017	147.33154	3135.8333	2841.1702	927.0	3232.1772	0.0	3232.1772	3232.1772	1000.0	269.05487	59.066208	318.502	-211.03261	11.601361	0.97400826	2.6075296	29.8224	-12.103297	-271.04626	0.14586486	0.0022426944	0.14924319	0.14215617	-0.049988527	0.9596319	0.7708253	8.212744	8.7171793e-07	321.21814	19.6184	342.23843	247.40402	319.94354	17.3649	339.04907	253.80751	300.97723	17.255682	317.93976	239.55714	-18.966295	3.7583766	-8.662752	-28.86212	18.966295	3.7583766	28.86212	8.662752	-0.059389256	0.011604959	-0.0266377	-0.086409174	373.84573	146.52739	833.022	75.043274	1.1678835	0.43994904	2.493952	0.23075579
72	72999	24128.99450492859	1938.803	0.0	1938.803	1938.803	588.0	3069.9277	0.0	3069.9277	3069.9277	1000.0	269.8856	59.690845	318.59912	-200.9648	11.919908	1.0146571	2.628782	32.480247	-11.45801	-271.90057	0.1429225	0.0011657622	0.14601637	0.14159997	0.028420841	0.95679986	0.7711061	7.8142715	5.185604e-06	310.5518	15.948958	323.57208	246.2746	314.97076	15.679836	330.04657	253.02686	299.90356	15.491082	313.5382	241.21918	-15.067196	3.2249258	-4.6657114	-23.6019	15.067196	3.2249258	23.6019	4.6657114	-0.047880933	0.010080791	-0.0147605	-0.08458846	237.42053	94.27684	557.0497	21.768866	0.7529117	0.29227486	1.9715724	0.068868235
73	73999	24488.013974428177	2256.4297	881.1111	3137.5408	1375.3186	703.5	3127.5305	0.0	3127.5305	3127.5305	1000.0	270.241	59.289547	317.60178	-181.1321	11.3331995	0.98538375	2.6134794	30.171059	-11.389591	-272.1982	0.14484674	0.00080544077	0.14620206	0.14316282	-0.028213555	0.9573005	0.7702527	8.44481	9.894371e-06	312.79388	15.918584	327.5024	246.42555	318.5636	16.595133	333.7882	254.74513	299.94528	15.921549	314.0731	240.5799	-18.618345	3.5231957	-8.793501	-29.12472	18.618345	3.5231957	29.12472	8.793501	-0.058442898	0.0106273675	-0.027784815	-0.08958839	359.05573	129.50348	848.24927	77.32566	1.1239089	0.39346817	2.6092365	0.2443258
74	74999	24844.937265634537	3162.3787	0.0	3162.3787	3162.3787	1000.0	3132.4922	0.0	3132.4922	3132.4922	1000.0	270.1199	59.529713	318.88617	-170.61623	11.413936	0.9829206	2.6311474	32.566837	-11.594258	-272.0857	0.13980316	0.0010184188	0.14311306	0.13846779	-0.033439953	0.95533806	0.77205414	10.240316	1.7881393e-06	317.1375	16.845577	329.65164	248.507	320.0887	17.258762	336.10703	255.72983	299.10815	16.077442	313.28235	240.14975	-20.980577	2.926605	-11.502203	-32.204582	20.980577	2.926605	32.204582	11.502203	-0.06550256	0.00797525	-0.036000986	-0.09855604	448.7496	127.45226	1037.1351	132.30067	1.3958328	0.3660046	3.1739564	0.41409063
75	75999	25210.239484786987	2754.9631	0.0	2754.9631	2754.9631	841.0	3104.074	0.0	3104.074	3104.074	1000.0	270.7209	59.418873	319.6775	-208.23718	11.267692	0.98868734	2.6179707	30.440306	-12.758157	-272.64636	0.13757895	0.0010084312	0.13920297	0.13561313	-0.022384468	0.95936954	0.7757551	7.760785	4.142523e-06	311.23447	15.788858	324.94196	247.05417	315.95453	15.39857	329.69638	255.82187	299.0681	15.976462	312.7163	240.69308	-16.886377	3.0033293	-7.571478	-28.649437	16.886377	3.0033293	28.649437	7.571478	-0.053636234	0.01015455	-0.023924412	-0.08818546	294.1697	99.849014	820.7902	57.327274	0.93487245	0.32190067	2.5264637	0.18114315
76	76999	25577.934391498566	3106.5215	0.0	3106.5215	3106.5215	1000.0	3119.9436	0.0	3119.9436	3119.9436	1000.0	271.4848	58.638145	319.4046	-201.9958	10.967539	0.9832502	2.6270378	30.384188	-13.733045	-273.35394	0.13473742	0.0011894966	0.13636427	0.13213117	-0.03358744	0.9657877	0.7780596	8.42448	4.7683716e-07	311.5429	16.488905	326.2379	245.12671	315.02557	16.065472	327.96463	252.21474	299.34262	15.622255	315.12143	241.29878	-15.682967	3.0437799	-7.550553	-22.973845	15.682967	3.0437799	22.973845	7.550553	-0.04979863	0.0094625885	-0.023400089	-0.07123355	255.22003	95.131294	527.7975	57.010853	0.8086914	0.29683584	1.617136	0.17668362
77	77999	25934.319703817368	3110.83	0.0	3110.83	3110.83	1000.0	3168.809	0.0	3168.809	3168.809	1000.0	272.27414	58.53972	319.47995	-189.49397	11.093047	0.99940526	2.6349556	27.40598	-10.985313	-274.1574	0.13191138	0.0005375004	0.13268244	0.13068533	-0.0011427031	0.96726596	0.77892387	7.188052	8.165836e-06	316.29797	17.20397	331.0424	248.47008	320.74838	17.64829	336.73602	255.96793	301.84607	16.413395	315.83395	242.46147	-18.902336	2.6949759	-13.385866	-28.214172	18.902336	2.6949759	28.214172	13.385866	-0.058865823	0.007159313	-0.0413376	-0.084026344	364.56116	106.441605	796.03955	179.18143	1.1306345	0.3033996	2.3707337	0.5617892
78	78999	26290.247346401215	3143.4807	0.0	3143.4807	3143.4807	1000.0	3141.4973	0.0	3141.4973	3141.4973	1000.0	273.7095	57.34093	319.5295	-186.39388	10.792361	0.979734	2.6225212	29.3601	-10.44242	-275.58054	0.13054755	0.0014938574	0.1327099	0.12800667	-0.04127665	0.96601593	0.77687967	7.2629895	1.1920929e-07	316.2025	17.727097	333.56247	247.12466	320.7802	17.615187	341.41824	254.69734	301.1848	15.775636	315.91846	242.86769	-19.59537	3.2466881	-11.397428	-30.752653	19.59537	3.2466881	30.752653	11.397428	-0.06091426	0.008306338	-0.039171245	-0.09192283	394.5195	133.08653	945.72565	129.90137	1.2194347	0.37397173	2.826871	0.5024991
79	79999	26653.587272644043	3122.8696	0.0	3122.8696	3122.8696	1000.0	3150.7585	0.0	3150.7585	3150.7585	1000.0	275.0396	56.994797	318.91675	-198.00124	10.420005	0.98236006	2.6300678	27.194912	-10.807003	-276.90112	0.12582321	0.0009803429	0.12803088	0.12431533	-0.036457416	0.96756625	0.77815574	7.209737	1.9967556e-06	315.11154	17.295662	337.13818	246.97858	318.18857	16.970566	336.3538	254.50934	298.61835	14.281621	312.19202	245.08838	-19.570246	5.6149077	-9.076363	-37.308075	19.570246	5.6149077	37.308075	9.076363	-0.06108769	0.015715478	-0.033140093	-0.11155006	414.5217	243.61874	1391.8926	82.380356	1.2829405	0.7183628	4.1617184	0.32238534
80	80999	27017.25754094124	3130.2683	0.0	3130.2683	3130.2683	1000.0	3141.0903	0.0	3141.0903	3141.0903	1000.0	275.2152	56.897266	318.21576	-193.34094	10.200706	0.97345924	2.6565363	29.530272	-12.20723	-277.00226	0.12150588	0.0017375202	0.12442151	0.11863391	-0.05584576	0.9671858	0.78220326	7.7747564	4.3660402e-06	304.78644	30.6946	332.37277	162.97668	304.18253	35.597862	336.2348	146.52356	298.28107	16.570345	315.3819	243.40894	-5.9014583	27.912003	105.270325	-29.350328	22.484118	17.56051	105.270325	0.9580297	-0.006120269	0.12875552	0.7184532	-0.090892956	813.9072	1733.9485	11081.841	0.9178209	3.5571203	9.690909	75.631805	0.0030303732
81	81999	27375.62286233902	3124.8394	0.0	3124.8394	3124.8394	1000.0	3107.6436	0.0	3107.6436	3107.6436	1000.0	275.84573	56.12412	319.45288	-176.74158	9.855103	0.97573364	2.6422315	28.361103	-9.855775	-277.61215	0.11717384	0.0013161437	0.11917688	0.11446636	-0.052074593	0.9624716	0.77765435	7.925355	3.5613775e-06	313.02158	16.392572	327.24295	245.26169	315.44473	16.827133	333.8225	251.19778	298.9952	15.483676	314.37634	242.18208	-16.449543	3.7472243	-8.365275	-28.201212	16.449543	3.7472243	28.201212	8.365275	-0.051999636	0.010853188	-0.027237559	-0.087254666	284.62912	129.89081	795.30835	69.97784	0.8950579	0.39069897	2.4606874	0.23082054
82	82999	27732.308918714523	3127.0242	0.0	3127.0242	3127.0242	1000.0	3115.801	0.0	3115.801	3115.801	1000.0	276.48615	56.343117	320.18134	-195.682	9.71801	0.9842882	2.6606443	29.024052	-10.557533	-278.23712	0.11271059	0.00060071726	0.1144495	0.11155723	-0.034220416	0.9602289	0.7795461	8.52906	4.3809414e-06	313.82257	18.0591	338.8472	245.62163	316.3556	17.022367	330.7549	253.7919	300.56177	16.516136	315.60513	242.49265	-15.793839	3.8299644	-8.989957	-41.098404	15.793839	3.8299644	41.098404	8.989957	-0.049912877	0.011520047	-0.028018871	-0.1273206	264.11398	173.77795	1689.0789	80.81932	0.8312996	0.53094953	5.2326736	0.25188845
83	83999	28090.58267903328	3144.3928	0.0	3144.3928	3144.3928	1000.0	3194.7678	0.0	3194.7678	3194.7678	1000.0	276.6694	56.639904	321.2731	-195.96347	9.70227	1.012637	2.672072	28.095274	-11.291033	-278.4271	0.11244328	0.0007288724	0.11405662	0.11110138	0.02764937	0.9636337	0.78191936	7.8013225	1.4305115e-06	319.64774	18.309542	337.25818	248.81738	321.10962	18.989443	337.26813	252.95094	301.6944	17.202164	318.25653	241.11935	-19.415186	3.1002927	-10.929214	-28.287062	19.415186	3.1002927	28.287062	10.929214	-0.06029711	0.00805359	-0.035921767	-0.08558985	386.5613	117.1357	800.15784	119.44771	1.1942804	0.33338413	2.4210851	0.40078938
84	84999	28449.169549942017	3154.9768	0.0	3154.9768	3154.9768	1000.0	3148.4263	0.0	3148.4263	3148.4263	1000.0	277.80902	55.975143	322.9615	-198.32652	9.437879	0.9775592	2.678014	28.292019	-12.146256	-279.49774	0.11242397	0.0011593793	0.114181556	0.11008579	-0.04910156	0.96192294	0.7834784	9.449589	1.3411045e-06	317.24893	17.481026	332.96252	248.6316	319.64844	17.601883	333.81934	253.92683	301.09378	16.811993	317.33197	241.3623	-18.554636	2.3824944	-11.9957485	-27.944027	18.554636	2.3824944	27.944027	11.9957485	-0.058066357	0.0068418453	-0.038071055	-0.08489954	349.95078	90.94552	780.8686	143.898	1.0920281	0.26514927	2.3724349	0.46903238
85	85999	28803.635312318802	3123.1497	0.0	3123.1497	3123.1497	1000.0	3157.877	0.0	3157.877	3157.877	1000.0	278.59113	55.83224	323.052	-204.71324	9.152987	0.995172	2.7115412	30.640995	-13.030204	-280.2785	0.109318085	0.00040659026	0.11005664	0.10833895	-0.010606272	0.9664393	0.78815013	8.939402	3.3825636e-06	297.29303	50.51812	328.91147	4.3412514	293.97592	54.285297	332.04022	4.3412514	285.87552	47.971863	314.54578	32.21785	-8.10039	11.719635	46.436916	-30.224787	13.025431	5.7709913	46.436916	0.06418875	-0.008169912	0.2167656	4.6436915	-0.1910249	202.96617	140.92712	2156.3872	0.004120195	1.159759	8.308134	215.63872	1.5311049e-05
86	86999	29160.74201464653	3153.4978	0.0	3153.4978	3153.4978	1000.0	3145.509	0.0	3145.509	3145.509	1000.0	278.96072	55.995235	323.49002	-208.58115	9.454683	0.9894248	2.6811512	29.122263	-11.374503	-280.685	0.107652076	0.00044492385	0.109071575	0.106882915	-0.023478474	0.96517235	0.78804743	7.7686577	2.503395e-06	315.67654	17.329908	332.5375	247.86542	314.84338	16.567215	334.9515	255.08762	302.3095	16.59998	316.2241	241.67157	-12.533875	5.991558	5.635686	-22.733566	12.848389	5.283533	22.733566	0.017261678	-0.039774373	0.018992085	0.019158933	-0.06923227	192.99677	117.374954	516.81506	0.00029796554	0.6111398	0.3639073	1.5738964	9.792152e-07
87	87999	29513.915594816208	3132.0483	0.0	3132.0483	3132.0483	1000.0	3218.2905	0.0	3218.2905	3218.2905	1000.0	279.6255	55.637756	323.86633	-49.12092	8.864393	1.0022517	2.7082932	30.50999	-10.746246	-281.26007	0.10736072	0.00040472075	0.108205386	0.10654583	0.0050863493	0.96756166	0.793583	8.242744	8.34465e-07	302.8238	49.475433	341.61166	5.4566536	280.14716	46.544655	326.65564	5.4566536	287.08862	41.33851	318.01965	41.72473	6.9414563	15.218918	53.29043	-18.742575	12.675815	10.914348	53.29043	0.0046547065	0.039572466	0.16082919	3.6268077	-0.057751864	279.7993	416.65256	2839.8699	2.1666294e-05	1.4120727	5.2821116	131.53735	7.1487776e-08
88	88999	29870.38584971428	1724.188	282.59497	2006.783	1441.593	522.5	3217.2893	0.0	3217.2893	3217.2893	1000.0	279.8562	55.9879	324.07758	-206.88582	9.331885	0.9905353	2.7080424	28.088982	-11.294722	-281.49808	0.106160864	0.00093593606	0.10779662	0.104867384	-0.021124432	0.96412843	0.78860146	7.9913616	5.9604645e-07	321.25864	19.58692	340.34015	249.36717	318.96542	19.245209	339.08774	251.2928	303.74533	17.6459	320.16296	241.96198	-15.220109	5.9285445	8.202533	-23.323214	15.549423	5.0014787	23.323214	0.08909952	-0.047429707	0.017855903	0.026574973	-0.074487	266.79935	131.19678	543.9723	0.007938724	0.8264051	0.38874066	1.6596045	2.6637326e-05
89	89999	30227.583089590073	3196.404	0.0	3196.404	3196.404	1000.0	3165.7996	0.0	3165.7996	3165.7996	1000.0	278.90903	56.802105	326.4813	-162.58452	9.323438	1.05535	2.6843808	30.167992	-10.096544	-280.5477	0.11102289	0.0030537324	0.115700595	0.105891496	0.12184882	0.97182375	0.7913154	8.923924	1.7881393e-07	318.1115	17.809053	334.7365	245.56953	321.2441	18.103119	337.2857	249.9815	307.1369	16.34081	321.16925	242.33273	-14.107244	2.8789265	-6.413544	-21.301723	14.107244	2.8789265	21.301723	6.413544	-0.043700133	0.00771782	-0.022785766	-0.066150256	207.30254	80.22495	453.7634	41.13355	0.6382025	0.2337341	1.4091144	0.15961777
90	90999	30596.31632709503	3149.3408	0.0	3149.3408	3149.3408	1000.0	3181.716	0.0	3181.716	3181.716	1000.0	278.71146	57.068474	325.36624	-176.57468	9.140912	1.0113505	2.6806347	28.396488	-12.094617	-280.3329	0.117585555	0.0009164518	0.118977785	0.11564762	0.024402456	0.9722157	0.7937589	7.7612195	5.9604645e-08	317.85922	18.127907	333.48306	245.03703	317.56833	17.913013	335.46558	243.69069	307.5213	16.714138	321.70355	243.00519	-10.046996	3.537808	1.8294569	-38.175	10.06147	3.4964318	38.175	0.011761808	-0.03144309	0.011156119	0.0070539536	-0.11857084	113.45821	82.378426	1457.3307	0.00013834012	0.3549036	0.26457065	4.526442	5.462596e-07
91	91999	30957.828565597534	3171.7498	0.0	3171.7498	3171.7498	1000.0	3232.178	0.0	3232.178	3232.178	1000.0	278.92206	57.074444	323.67197	-169.40894	9.43132	1.0022662	2.6413913	32.053436	-10.19656	-280.51926	0.11819472	0.00030272006	0.11877907	0.117594115	0.0048782085	0.9667321	0.7888827	9.02648	4.172325e-07	324.16086	20.370815	344.72583	246.98277	321.16922	17.837696	337.9503	248.39273	305.85873	15.86064	321.46033	242.97223	-15.31051	3.4789445	-3.665887	-22.866356	15.31051	3.4789445	22.866356	3.665887	-0.047407	0.009603099	-0.011425166	-0.06948429	246.51472	100.352	522.8702	13.438727	0.7587062	0.2945085	1.5888524	0.041883368
92	92999	31320.70790886879	3150.3152	0.0	3150.3152	3150.3152	1000.0	3201.6035	0.0	3201.6035	3201.6035	1000.0	279.29584	56.6426	322.0225	-170.29413	9.417412	0.9841852	2.6252482	30.365993	-9.68609	-280.90863	0.11716246	0.0008165497	0.11871543	0.11560963	-0.033860005	0.96625936	0.78715533	8.641738	1.2665987e-06	322.49924	18.447939	337.73355	247.64757	323.05887	18.943497	340.5542	247.29124	306.6069	16.07003	320.89	242.70654	-16.451975	4.2302847	-3.0818372	-26.646471	16.451975	4.2302847	26.646471	3.0818372	-0.050486013	0.011437419	-0.012271282	-0.07935982	288.5628	136.30414	710.0344	9.497721	0.87856776	0.39500087	2.114659	0.037818097
93	93999	31682.96080994606	3215.3591	0.0	3215.3591	3215.3591	1000.0	3262.1545	0.0	3262.1545	3262.1545	1000.0	279.95038	56.08621	322.04926	-164.0028	9.308088	0.98161334	2.629864	35.26558	-12.083816	-281.55536	0.113800466	0.0006286717	0.11560191	0.11220944	-0.039894793	0.96444696	0.78216255	8.260511	3.091991e-07	324.35114	19.553024	343.0585	248.1025	324.41058	18.766426	340.67642	250.38063	306.97427	16.58776	321.96814	243.55463	-17.436306	3.3046963	-6.5048127	-26.394985	17.436306	3.3046963	26.394985	6.5048127	-0.05347922	0.008625369	-0.025957793	-0.078029074	314.94577	109.174805	696.69525	42.31259	0.9602187	0.31099185	2.0595763	0.16885059
94	94999	32037.06641292572	3094.6465	0.0	3094.6465	3094.6465	916.0	3270.924	0.0	3270.924	3270.924	1000.0	280.5195	55.92439	323.05148	-176.69035	9.157832	0.97658116	2.6715422	33.945255	-11.933918	-282.1058	0.10911579	0.0014264621	0.11218948	0.10724912	-0.05165956	0.9582873	0.78153306	8.911248	3.5762787e-07	321.97137	28.902372	346.97812	178.02586	306.39206	31.930342	341.8639	165.0086	300.03033	25.041664	322.4698	174.4747	-6.3617325	13.647639	31.869144	-35.45061	13.152718	7.330466	35.45061	0.00501668	-0.017457278	0.04660153	0.14806964	-0.1285732	226.72969	199.50423	1256.746	2.5167077e-05	0.7409226	0.68759996	4.5579987	7.960659e-08
95	95999	32389.934352874756	2930.0535	0.0	2930.0535	2930.0535	841.0	3232.8606	0.0	3232.8606	3232.8606	1000.0	280.81973	56.51751	325.3844	-178.02673	8.802909	0.99947095	2.6532485	31.418154	-12.056501	-282.34677	0.1085804	0.0007755234	0.109628744	0.10681449	-0.0010989131	0.9505011	0.7782314	8.2208395	1.1026859e-06	320.65085	25.142326	343.19336	195.36766	310.7567	31.07081	340.34686	179.51776	298.61823	24.978088	320.329	177.86934	-12.138502	10.756021	21.541218	-30.062418	14.725346	6.7970133	30.062418	0.05514589	-0.03679317	0.034765653	0.07790668	-0.09056178	263.0352	178.96098	903.74896	0.0030410693	0.81832784	0.5339416	2.7225058	1.18494445e-05
96	96999	32747.067468881607	2245.9036	1029.4551	3275.3586	1216.4485	676.0	3219.297	0.0	3219.297	3219.297	1000.0	281.00833	56.21076	326.2219	-176.43279	8.938379	0.99539953	2.6760552	30.287764	-11.085068	-282.55856	0.10637223	0.00087266107	0.107801676	0.10486818	-0.010206236	0.9533197	0.78441525	11.664772	2.1457672e-06	276.4785	77.1059	351.22467	4.347649	256.7701	74.0002	334.97977	4.347649	277.25864	55.549393	326.21173	19.596024	20.488531	41.87704	189.14323	-25.007435	28.144295	37.166718	189.14323	0.00771882	0.25411898	1.1579158	16.167768	-0.076442495	2173.4663	5720.0386	35775.164	5.9580187e-05	33.437946	194.7666	2964.958	1.967114e-07
97	97999	33099.782298088074	1904.1809	558.0728	2462.2537	1346.108	558.5	1053.8118	0.0	1053.8118	1053.8118	309.0	281.19586	56.32972	326.21985	-178.35265	8.902536	1.0115193	2.6641924	31.035625	-10.172872	-282.70865	0.1075854	0.0007613505	0.10904004	0.106641	0.025713973	0.95552605	0.78642094	9.659708	2.8014183e-06	260.12787	77.73636	328.2292	3.192336	242.71658	75.13379	314.8325	3.192336	255.5331	75.56103	318.57886	-50.038403	12.816504	19.39819	87.81523	-57.56555	16.737225	16.137465	87.81523	0.013471395	0.028993452	0.35449126	0.90535194	-5.756555	540.5525	991.7547	7711.515	0.00018147848	4.5083423	14.691415	331.37927	5.9696873e-07
98	98999	33457.5644569397	1420.0287	0.0	1420.0287	1420.0287	407.0	3111.4202	0.0	3111.4202	3111.4202	1000.0	279.6931	57.336586	326.0862	-180.92705	8.793617	1.0151502	2.620719	34.0412	-10.710708	-281.21896	0.11051865	0.00083974237	0.11150703	0.10860209	0.033471625	0.94543606	0.7820563	8.546516	1.1026859e-06	311.23083	16.764572	327.26962	244.44669	311.0882	16.029593	326.35248	247.32695	296.40686	15.1243	313.9041	240.57062	-14.681372	5.9776506	-5.8186793	-44.89707	14.681372	5.9776506	44.89707	5.8186793	-0.046966285	0.018398723	-0.018750913	-0.14188676	251.275	266.6963	2015.7472	33.85703	0.79893947	0.8358181	6.3703	0.10910555
99	99999	33817.81672787666	3202.4675	0.0	3202.4675	3202.4675	1000.0	2990.214	0.0	2990.214	2990.214	1000.0	279.4185	56.555305	325.2841	-185.91937	8.792418	1.0125773	2.6016083	32.54585	-12.113734	-280.92105	0.1126268	0.0010666141	0.114061676	0.11090636	0.027506951	0.95201004	0.78332156	10.976875	3.6824495e-06	307.78104	16.35672	327.1119	243.18571	311.29428	16.65399	332.3584	245.59734	297.6621	15.216259	314.21368	239.59065	-13.632183	3.8078792	-2.0873704	-27.002434	13.632183	3.8078792	27.002434	2.0873704	-0.043597654	0.011265909	-0.006775416	-0.085747	200.33636	105.66544	729.1315	4.3571157	0.6365979	0.32291964	2.315378	0.014142804
100	100999	34179.82151436806	3139.6455	0.0	3139.6455	3139.6455	1000.0	3037.449	0.0	3037.449	3037.449	1000.0	279.4775	55.912605	323.7891	-179.33348	8.633207	0.96261674	2.6143303	33.39432	-11.280031	-280.9415	0.11101242	0.0022768355	0.1140381	0.10678648	-0.0823286	0.9462002	0.7775361	10.136759	6.854534e-07	291.00735	50.746735	331.03934	3.5326588	281.8949	56.202038	333.664	3.5326588	280.8762	46.838596	316.9901	-28.486889	-1.0187014	19.370193	65.907005	-45.81544	16.352116	10.433141	65.907005	0.0011525287	0.002321907	0.17010295	0.7408574	-2.6439276	376.24216	612.1396	4343.733	1.3283225e-06	2.214893	6.723513	121.13271	4.4431103e-09
101	101999	34544.403744220734	3163.772	0.0	3163.772	3163.772	1000.0	3038.3618	0.0	3038.3618	3038.3618	1000.0	279.8527	55.73756	323.6897	-157.06534	8.448274	0.966597	2.6307569	31.104923	-11.683237	-281.29507	0.104217485	0.0017503597	0.106969185	0.10113646	-0.0755634	0.9447113	0.7794592	8.643921	3.5017729e-06	307.4685	15.035226	331.2656	243.99849	308.59955	15.252845	327.67975	242.41177	294.88913	14.36926	311.85938	239.60217	-13.710391	6.200568	-1.6894007	-42.940403	13.710391	6.200568	42.940403	1.6894007	-0.044182315	0.019326193	-0.0056941994	-0.13618091	226.42184	237.15384	1843.8782	2.8540745	0.7250329	0.7513659	5.847663	0.009619785
102	102999	34904.72737956047	3165.5056	0.0	3165.5056	3165.5056	1000.0	3170.2693	0.0	3170.2693	3170.2693	1000.0	280.64444	55.31055	323.41898	-164.70503	8.71166	0.9875862	2.6556337	31.33128	-10.580342	-282.10815	0.099881835	0.00047813368	0.10117657	0.09906503	-0.028532505	0.94326633	0.77958834	8.78766	1.6987324e-06	308.74854	27.342468	339.02917	197.57593	306.21262	31.62593	341.2809	175.03203	299.5643	16.187103	317.2879	239.36084	-6.648369	28.81812	119.62171	-37.24378	23.241898	18.289309	119.62171	0.033292204	-0.010914158	0.12368656	0.6834275	-0.11190505	874.6847	1908.9951	14309.3545	0.0011083707	3.5854785	9.794961	81.75277	3.589509e-06
103	103999	35253.525629520416	1648.2999	668.7203	2593.7632	1156.7334	488.33334	1183.1593	0.0	1183.1593	1183.1593	351.0	280.99713	55.479866	324.01743	-149.1123	8.198495	0.9922899	2.6491988	34.217926	-11.673594	-282.429	0.09740495	0.00064420525	0.09905246	0.096395925	-0.017815983	0.94021434	0.77709275	9.673529	1.1920929e-07	278.1488	71.19212	341.42148	2.849389	253.55078	69.74055	318.01135	2.849389	266.0192	69.9654	317.34692	-25.424381	12.468436	20.87715	78.11037	-55.03283	17.80201	16.565197	78.11037	0.010352272	0.035293233	0.30597332	1.1444082	-3.0559375	591.3173	1014.16614	6101.2295	0.000107169515	4.736331	11.7364025	101.47371	3.4925213e-07
104	104999	35609.290173769	1142.695	0.0	1142.695	1142.695	337.0	3210.8767	0.0	3210.8767	3210.8767	1000.0	280.81235	55.65406	323.2941	-149.01587	8.48881	1.0139457	2.6502953	33.482693	-11.428673	-282.22043	0.098676935	0.0007868605	0.09986019	0.09742811	0.032329224	0.9467727	0.78198254	10.810589	1.6391277e-07	305.04184	57.430122	347.37708	2.7050018	293.2698	59.01388	334.38953	2.7050018	282.74112	55.909523	317.62225	-1.17672	-10.528698	14.7057085	48.701286	-34.079422	16.160624	8.120689	48.701286	0.0027334506	-0.04329664	0.11191583	0.83497393	-1.0807914	327.11133	282.38492	2371.8152	7.471752e-06	1.4251356	2.5426605	27.485743	2.507485e-08
105	105999	35969.29396820068	3216.9846	0.0	3216.9846	3216.9846	1000.0	3202.9841	0.0	3202.9841	3202.9841	1000.0	280.6205	55.182636	323.32706	-159.89093	8.455254	0.9887605	2.6434407	36.852337	-10.467076	-282.00638	0.09983021	0.00074874057	0.100636564	0.097977765	-0.025932983	0.9429096	0.77754706	9.138263	4.399568e-06	321.3047	20.12445	339.9671	247.38277	318.64508	18.07089	337.241	249.87227	301.25714	17.045729	318.56293	238.62378	-17.38792	3.9780204	-5.6413355	-28.453833	17.38792	3.9780204	28.453833	5.6413355	-0.05449222	0.011640325	-0.017727412	-0.09335666	318.1644	133.70256	809.6206	31.824667	0.99229795	0.39773864	2.5075734	0.100006275
106	106999	36324.26298069954	3201.7903	0.0	3201.7903	3201.7903	1000.0	3232.0771	0.0	3232.0771	3232.0771	1000.0	281.18933	54.700623	323.0351	-164.50203	8.322213	0.9949276	2.6347363	30.68708	-11.242943	-282.5422	0.09729462	0.0006013867	0.09862429	0.096267655	-0.011737562	0.9411481	0.77887267	9.869447	1.1995435e-06	324.7125	19.788597	343.56387	249.24937	311.1535	18.813147	335.40488	243.17572	301.72397	16.22612	318.38272	240.01999	-9.429575	7.4616294	17.62895	-22.20215	10.99144	4.8765826	22.20215	0.028909253	-0.02965975	0.02366946	0.062000316	-0.073212616	144.5928	105.326385	492.93546	0.0008357449	0.45557323	0.32250088	1.6254774	2.7287322e-06
107	107999	36673.50380206108	1936.3344	999.19183	3235.6582	805.63763	592.3333	3244.013	0.0	3244.013	3244.013	1000.0	282.00696	54.75299	323.27615	-155.38231	8.083559	0.98828167	2.6636705	34.008255	-9.859089	-283.4149	0.09632629	0.0011570284	0.09811236	0.0947025	-0.027346734	0.93757373	0.7796959	9.326038	3.5762787e-07	315.2042	37.2767	344.5332	104.821465	290.80362	33.791664	330.7493	98.19102	292.4118	35.625206	323.70844	69.71186	1.6081989	10.296922	38.996044	-41.75613	8.2752	6.335137	41.75613	0.035649046	0.00431401	0.045454938	0.15953922	-0.31874865	108.612885	176.24281	1743.5746	0.0012708546	0.44594127	1.0298916	11.537837	4.8359907e-06
108	108999	37028.18191432953	3213.9385	0.0	3213.9385	3213.9385	1000.0	3220.753	0.0	3220.753	3220.753	1000.0	282.02393	54.56856	323.32742	-156.32626	8.206133	1.0018706	2.6453073	33.040646	-11.550866	-283.3917	0.09558266	0.00029603945	0.096356176	0.094889864	0.004455021	0.934699	0.7776266	9.477612	1.3262033e-06	320.58862	20.138689	342.28857	247.71176	313.3901	18.334917	335.1973	246.35497	305.131	18.476065	322.151	239.86627	-8.2591	9.425315	34.107193	-19.26578	11.526367	4.9185524	34.107193	0.15449047	-0.02604578	0.03089687	0.119059585	-0.06433787	157.0493	138.28305	1163.3007	0.023867305	0.50533235	0.46747935	4.0607886	7.585057e-05
109	109999	37382.91258263588	3235.8975	0.0	3235.8975	3235.8975	1000.0	3237.8171	0.0	3237.8171	3237.8171	1000.0	282.28522	54.44136	323.33252	-153.79546	8.020935	0.99216473	2.6411793	31.90532	-10.8885	-283.62946	0.09492162	0.0005395925	0.09593197	0.093970604	-0.018389301	0.9357129	0.7751661	9.427555	1.4007092e-06	308.2149	56.04106	345.16718	3.2626467	295.3185	55.91249	334.76416	3.2626467	288.5524	53.304745	320.42996	1.1936617	-6.766099	11.10748	34.401516	-29.608315	12.004817	5.0040574	34.401516	0.020910855	-0.02388618	0.04775504	0.13012362	-0.42791292	169.15622	130.7187	1183.4642	0.00043726387	0.5843262	0.50852567	4.411396	1.8636528e-06
110	110999	37741.680931806564	1753.6893	0.0	1753.6893	1753.6893	515.0	3213.1663	0.0	3213.1663	3213.1663	1000.0	282.9197	54.002506	323.47305	-145.46025	8.054654	1.0174605	2.6467645	32.720875	-13.20667	-284.27814	0.09553128	0.00083998876	0.097579174	0.094427705	0.041000053	0.9424685	0.7780792	9.667645	2.5331974e-07	324.19885	20.296608	344.81204	248.3904	318.8096	17.939823	335.7624	250.9954	301.82495	16.690853	318.32007	240.30856	-16.98468	3.6209695	-9.676445	-30.448118	16.98468	3.6209695	30.448118	9.676445	-0.053166226	0.01019119	-0.030121624	-0.09169152	301.59076	137.54167	927.0879	93.63358	0.93867445	0.403074	2.791834	0.29147023
111	111999	38094.40342140198	2258.853	988.4334	3247.2864	1270.4196	687.5	3251.194	0.0	3251.194	3251.194	1000.0	283.2932	53.93877	324.23663	-147.5236	7.7501082	0.9938243	2.6330976	33.331066	-12.78874	-284.59995	0.09656196	0.0006643071	0.097813286	0.095515035	-0.01437756	0.9389589	0.77528787	9.701003	2.026558e-06	325.45633	19.669487	344.92746	251.35225	312.88684	17.435656	334.0797	251.05965	304.0551	18.212263	321.94785	240.24178	-8.831734	7.2071505	18.269405	-22.053497	10.531079	4.36336	22.053497	0.0039842976	-0.028226746	0.023845522	0.06471667	-0.067220725	129.94254	81.6848	486.35672	1.5874626e-05	0.42016584	0.26783258	1.482452	5.0223505e-08
112	112999	38448.89432501793	1151.2908	21.367126	1172.6578	1129.9236	340.0	3207.3	0.0	3207.3	3207.3	1000.0	283.04956	54.056908	324.43835	-151.87778	7.821209	1.0001293	2.6531954	33.10868	-11.115304	-284.3784	0.09576769	0.00069383543	0.09708989	0.09461117	0.00037448693	0.94393766	0.7811462	10.176167	3.4570694e-06	302.46606	55.099266	340.30673	4.248579	297.00763	57.10605	339.93152	4.248579	288.10065	54.650143	321.77356	-6.965245	-8.906964	15.427276	37.15114	-31.707033	16.815529	5.879868	37.15114	0.063971415	-0.038895052	0.10998149	0.13497615	-1.1213824	317.33484	199.98784	1380.207	0.004092342	1.3058394	1.8658444	19.309557	2.3627937e-05
113	113999	38797.659873723984	1715.6068	560.5177	2276.1245	1155.0891	505.0	3228.9666	0.0	3228.9666	3228.9666	1000.0	282.44107	54.85376	324.5541	-139.4648	7.6607146	1.0199435	2.6181073	35.811115	-9.924872	-283.76328	0.097266324	0.0010741854	0.099396124	0.09611884	0.04639667	0.94239414	0.77877104	9.566753	2.682209e-07	311.88177	29.317379	344.60272	177.77074	292.36948	27.176435	320.92767	170.21764	287.26657	29.21421	318.5482	152.8803	-5.102906	9.737491	28.845827	-35.617954	8.973151	6.351452	35.617954	0.009173054	-0.017908584	0.03607131	0.106898814	-0.17233963	120.85839	179.3694	1268.6388	8.414493e-05	0.4381967	0.6897131	5.739641	2.663703e-07
114	114999	39152.06781578064	3222.1416	0.0	3222.1416	3222.1416	1000.0	3222.994	0.0	3222.994	3222.994	1000.0	282.239	54.94042	324.5099	-140.21799	7.9415307	1.0135564	2.6041129	34.762314	-12.7858925	-283.53363	0.10069827	0.00065148575	0.101898246	0.09941722	0.031161582	0.9378464	0.7763205	10.150038	2.6151538e-06	322.93576	20.240313	340.96448	251.78343	307.70493	22.080853	332.5145	245.13974	302.36703	17.13268	319.83563	240.05481	-5.337891	14.044126	47.740738	-20.40839	12.930567	7.650556	47.740738	0.08670792	-0.015248969	0.049142867	0.19262719	-0.062209036	225.73053	314.19373	2279.178	0.007518263	0.7692038	1.2087938	9.196164	2.4654526e-05
115	115999	39498.83280110359	2588.6843	0.0	2588.6843	2588.6843	775.0	1141.6826	0.0	1141.6826	1141.6826	329.0	282.28458	55.129547	325.09216	-147.19858	7.865994	0.99418485	2.588432	34.239082	-11.418993	-283.5691	0.10154788	0.00040072403	0.10241942	0.10087782	-0.013253658	0.9314912	0.77330583	9.166991	5.364418e-07	280.4098	64.04624	337.41647	4.1787486	259.65317	58.09618	311.86063	4.1787486	269.23178	56.127148	312.7751	-10.77783	9.578611	16.263441	67.21496	-24.890215	12.600912	14.052272	67.21496	0.028866833	0.058879036	0.21485461	3.9238625	-1.5012523	356.2493	763.33264	4517.8506	0.00083329406	2.176694	7.7829022	153.96696	2.7557471e-06
116	116999	39854.65908026695	3220.5293	0.0	3220.5293	3220.5293	1000.0	3241.0544	0.0	3241.0544	3241.0544	1000.0	282.93494	55.127827	325.68637	-137.86952	7.5949717	0.98714834	2.5997307	33.11686	-13.213866	-284.22815	0.099721834	0.00077946245	0.1009599	0.098598	-0.029556248	0.9315834	0.77487713	9.024915	8.34465e-07	305.1417	53.95999	340.22443	5.2134476	294.47125	53.229504	334.34213	5.2134476	286.22617	47.61161	320.09094	39.0347	-8.245085	13.2110195	33.82125	-26.263597	14.5681505	5.5028553	33.82125	0.027575873	-0.010869301	0.1828708	3.3821251	-0.1804426	242.51245	148.6703	1143.8771	0.0007604288	1.2765274	5.455699	114.3877	2.7065616e-06
117	117999	40209.73066735268	2136.8354	1101.7905	3238.626	1035.045	653.0	3238.0295	0.0	3238.0295	3238.0295	1000.0	283.64774	54.83404	325.8328	-141.99649	7.585334	0.9787352	2.574507	33.767704	-10.68919	-284.9187	0.09751707	0.0011796182	0.098840594	0.09534341	-0.049550124	0.92770743	0.7710187	9.750791	3.0249357e-06	293.75824	57.034832	340.43478	5.7857027	276.07825	54.90842	334.89758	5.7857027	278.79926	50.587418	320.98193	51.205803	2.7209833	15.766215	45.4201	-22.131601	13.325249	8.8552265	45.4201	0.010899566	0.026343357	0.19122113	4.54201	-0.1564975	255.97731	328.36612	2062.9856	0.00011880053	1.4481231	7.650419	206.29855	3.8325277e-07
118	118999	40560.10018610954	2218.9856	1005.8218	3224.8074	1213.1638	680.0	1495.7533	0.0	1495.7533	1495.7533	438.0	283.86905	55.185818	326.88422	-55.834736	7.366843	0.99838966	2.6037085	34.255127	-11.52404	-285.1547	0.09547909	0.0003275131	0.09609782	0.09485388	-0.003743108	0.92861265	0.7757377	10.167503	8.791685e-07	321.3694	19.71795	340.19257	250.8175	312.0106	21.221594	334.33945	250.0059	301.56915	17.783821	321.51913	239.27647	-10.441474	11.432778	29.746433	-23.605051	14.54327	5.312826	29.746433	0.15674062	-0.032184213	0.038599677	0.10661789	-0.07183172	239.73279	140.51897	884.8503	0.024567625	0.77543634	0.47612286	3.171502	7.882776e-05
119	119999	40914.48349785805	1182.5444	126.69299	1309.2374	1055.8514	353.0	3222.1555	0.0	3222.1555	3222.1555	1000.0	284.13635	55.3945	326.87866	-131.13066	7.20579	1.0168973	2.6070404	34.24123	-11.338182	-285.40607	0.09596196	0.00094997545	0.09790439	0.094688974	0.039611712	0.92908967	0.7766669	8.927198	2.3841858e-07	324.44678	18.21046	337.84146	251.77214	320.90445	18.042238	336.46594	252.5394	305.48508	18.030434	320.88312	239.19821	-15.419371	2.500395	-8.135957	-26.18831	15.419371	2.500395	26.18831	8.135957	-0.0481928	0.0082111	-0.026430236	-0.078076884	244.00899	76.40604	685.82764	66.19379	0.7620667	0.23863955	2.0447018	0.21503524
120	120999	41268.90422344208	3232.7012	0.0	3232.7012	3232.7012	1000.0	3243.6028	0.0	3243.6028	3243.6028	1000.0	284.38153	55.25786	327.1742	-124.1567	7.2469697	0.98925126	2.5977228	33.029762	-14.320136	-285.63416	0.09697657	0.00047251565	0.09771683	0.095778555	-0.025060346	0.92604345	0.77671385	8.901029	2.2500753e-06	295.96582	59.006516	341.33572	4.99419	277.40872	56.53626	334.08066	4.99419	279.55585	54.744896	320.40903	13.466299	2.1471028	12.279842	31.518173	-18.965569	10.671768	6.443442	31.518173	0.02977157	0.014639143	0.07155991	0.9378403	-0.13483445	155.40459	174.10149	993.3953	0.00088634633	0.63794065	1.1202163	22.387089	1.1126646e-05
121	121999	41615.62862586975	1151.028	0.0	1151.028	1151.028	341.0	1431.9225	0.0	1431.9225	1431.9225	416.0	284.2761	55.328407	326.5894	-127.655876	7.3668537	0.99076116	2.6191325	34.95806	-10.698051	-285.52618	0.09546626	0.0004977879	0.09654743	0.094242044	-0.021673901	0.9283058	0.7794004	9.490788	1.8924475e-06	270.17935	72.591606	333.5884	4.447223	243.1767	65.55153	309.96286	4.447223	253.84007	66.90391	311.30524	8.07254	10.663353	13.592921	46.299427	-28.091257	13.995077	10.129778	46.299427	0.013214167	0.06798726	0.21295558	4.213961	-0.25833607	298.4746	401.67438	2143.637	0.00017461421	2.00727	7.676847	177.57468	6.660572e-07
122	122999	41977.39230465889	2256.1145	976.9197	3233.0342	1279.1948	687.0	3203.5098	0.0	3203.5098	3203.5098	1000.0	284.79535	54.94962	326.98633	-54.535995	7.03252	0.99941754	2.5904448	29.156597	-11.826091	-286.07144	0.09473125	0.00060428574	0.095625	0.09376661	-0.0013169899	0.92852056	0.777072	7.6669025	2.3543835e-06	322.11313	17.795584	339.5587	251.43776	319.14594	17.756956	335.94547	253.967	304.53598	18.005753	321.3877	239.80972	-14.609951	2.374062	-7.7347326	-22.720675	14.609951	2.374062	22.720675	7.7347326	-0.04595672	0.007994206	-0.023955626	-0.06863584	219.08682	70.98818	516.22906	59.82609	0.6890722	0.22373308	1.5594527	0.18529037
123	123999	42329.58657050133	3215.5654	0.0	3215.5654	3215.5654	1000.0	3213.9553	0.0	3213.9553	3213.9553	1000.0	285.19647	54.963497	327.31613	-127.60834	6.7700663	0.9934686	2.606587	30.34304	-14.494619	-286.39645	0.0939401	0.00038088497	0.09459121	0.09321336	-0.015414946	0.9286991	0.7788653	9.787435	6.556511e-07	320.20612	20.433195	343.4155	249.1114	311.30444	22.524832	335.72964	244.95091	304.83105	17.329666	320.61688	240.26062	-6.4733768	16.066278	47.5203	-33.09048	14.711554	9.143311	47.5203	0.030669501	-0.018297113	0.05634909	0.19161959	-0.113198765	300.0299	413.24323	2258.1792	0.0009406183	1.0206054	1.5710508	9.018235	3.0016708e-06
124	124999	42687.03030323982	3256.0903	0.0	3256.0903	3256.0903	1000.0	3255.2322	0.0	3255.2322	3255.2322	1000.0	285.75128	54.425808	328.4424	-126.602615	6.809921	0.9913803	2.5797782	31.594	-11.418255	-286.9449	0.09213067	0.0005444755	0.0933142	0.091501944	-0.020465218	0.92288166	0.7747575	7.937749	9.0897083e-07	322.7537	21.053616	342.4131	250.93146	311.1394	24.977169	340.5476	241.76587	304.15512	19.656443	324.9585	240.28639	-6.9842906	12.484511	34.99426	-23.65315	13.075539	5.8028994	34.99426	0.11294411	-0.02048339	0.041602742	0.12974863	-0.070928946	204.64334	163.15254	1224.5983	0.012756373	0.66063446	0.57135767	4.5404572	4.082202e-05
