Epoch	TotalEnvInteracts	Time	AverageEpRet	StdEpRet	MaxEpRet	MinEpRet	EpLen	AverageTestEpRet	StdTestEpRet	MaxTestEpRet	MinTestEpRet	TestEpLen	AverageQ1Vals	StdQ1Vals	MaxQ1Vals	MinQ1Vals	LossQ1	AverageLogPi	StdLogPi	MaxLogPi	MinLogPi	LossPi	AverageAlpha	StdAlpha	MaxAlpha	MinAlpha	LossAlpha	AveragePreTanh	StdPreTanh	MaxPreTanh	MinPreTanh	AverageMCDisRet	StdMCDisRet	MaxMCDisRet	MinMCDisRet	AverageMCDisRetEnt	StdMCDisRetEnt	MaxMCDisRetEnt	MinMCDisRetEnt	AverageQPred	StdQPred	MaxQPred	MinQPred	AverageQBias	StdQBias	MaxQBias	MinQBias	AverageQBiasAbs	StdQBiasAbs	MaxQBiasAbs	MinQBiasAbs	AverageNormQBias	StdNormQBias	MaxNormQBias	MinNormQBias	AverageQBiasSqr	StdQBiasSqr	MaxQBiasSqr	MinQBiasSqr	AverageNormQBiasSqr	StdNormQBiasSqr	MaxNormQBiasSqr	MinNormQBiasSqr
0	999	19.173919200897217	22.293045	23.317293	132.62253	5.2394886	24.625	60.34344	0.0	60.34344	60.34344	53.0	0.0	0.0	0.0	0.0	0.0	0.0	0.0	0.0	0.0	0.0	0.0	0.0	0.0	0.0	0.0	0.0	0.0	0.0	0.0	7.096712	5.535892	27.360485	-2.5761926	10.059441	7.585509	36.065235	-0.9156942	-0.3273593	0.26958668	0.7346482	-1.2754921	-10.3868	7.5669665	0.38017857	-36.30272	10.388305	7.5648985	36.30272	0.039283186	-0.7193396	0.34354064	0.038017858	-1.0814811	165.14459	212.14156	1317.8873	0.0015431687	9.597892	8.431567	36.541763	0.00015431686
1	1999	31.326387643814087	20.814556	20.167421	124.153015	5.428253	23.5	60.34344	0.0	60.34344	60.34344	53.0	0.0	0.0	0.0	0.0	0.0	0.0	0.0	0.0	0.0	0.0	0.0	0.0	0.0	0.0	0.0	0.0	0.0	0.0	0.0	7.096712	5.535892	27.360485	-2.5761926	10.059441	7.585509	36.065235	-0.9156942	-0.3273593	0.26958668	0.7346482	-1.2754921	-10.3868	7.5669665	0.38017857	-36.30272	10.388305	7.5648985	36.30272	0.039283186	-0.7193396	0.34354064	0.038017858	-1.0814811	165.14459	212.14156	1317.8873	0.0015431687	9.597892	8.431567	36.541763	0.00015431686
2	2999	43.461118936538696	17.460537	16.582548	105.42657	5.3510084	20.979591	59.399616	0.0	59.399616	59.399616	53.0	0.0	0.0	0.0	0.0	0.0	0.0	0.0	0.0	0.0	0.0	0.0	0.0	0.0	0.0	0.0	0.0	0.0	0.0	0.0	8.233373	8.929823	41.937675	-3.47486	11.577597	11.154159	53.84074	-1.2010777	-0.32523465	0.26309136	0.6864884	-1.0610514	-11.902831	11.145243	0.84305984	-54.076874	11.911729	11.135734	54.076874	0.003833838	-0.7043571	0.35602036	0.08430598	-1.0746115	265.89383	488.51843	2924.308	1.4698313e-05	11.146119	11.879275	54.31404	1.4698313e-06
3	3999	55.48411560058594	17.077888	8.235182	38.263966	5.8786683	22.044445	59.796833	0.0	59.796833	59.796833	53.0	0.0	0.0	0.0	0.0	0.0	0.0	0.0	0.0	0.0	0.0	0.0	0.0	0.0	0.0	0.0	0.0	0.0	0.0	0.0	9.046069	10.344884	58.180862	-0.5064567	12.620604	12.953299	71.834915	-0.72630024	-0.33050227	0.28862903	0.7194003	-1.1560658	-12.951105	12.923758	0.45437774	-72.316574	12.952015	12.922848	72.316574	0.014520665	-0.72594476	0.3448411	0.04543777	-1.098727	334.7547	740.4994	5229.687	0.0002108497	12.206325	13.614042	72.80147	2.108497e-05
4	4999	67.66343426704407	22.184013	22.71988	109.465385	6.3513336	23.47619	60.312557	0.0	60.312557	60.312557	54.0	0.0	0.0	0.0	0.0	0.0	0.0	0.0	0.0	0.0	0.0	0.0	0.0	0.0	0.0	0.0	0.0	0.0	0.0	0.0	9.693829	9.1059	39.994812	-2.6318586	13.355648	11.939544	52.037384	-1.4091913	-0.32369235	0.27499777	0.7424532	-1.0491071	-13.67934	11.910446	1.0460782	-51.95801	13.689196	11.899117	51.95801	0.012705353	-0.74423367	0.34400266	0.10460782	-1.0841523	328.9831	517.65784	2699.635	0.00016142598	13.025732	12.652193	51.87876	1.6142598e-05
5	5999	578.7923448085785	162.94719	74.01783	272.4537	47.693935	78.666664	199.0196	0.0	199.0196	199.0196	89.0	95.52723	54.937412	189.36382	-31.032413	7.60283	-0.7344342	1.9202121	14.87144	-8.972963	-101.88861	0.8829002	0.06300682	0.99970007	0.77844995	-0.19754286	0.8395662	0.6140877	4.8874655	5.841255e-06	84.92379	36.850155	129.71896	1.8715662	89.27235	40.38013	140.80319	1.8715662	164.35056	47.44609	190.41055	-0.7559995	75.0782	31.968065	173.94519	-6.5636053	75.14474	31.81135	173.94519	0.10735609	1.183164	1.5256681	17.39452	-0.6563605	6658.694	5143.721	30256.932	0.011525329	117.49677	253.41217	3025.693	0.001152533
6	6999	1097.1259651184082	185.08107	42.476223	222.5963	53.728645	87.5	214.83476	0.0	214.83476	214.83476	105.0	188.93044	53.52827	231.45262	-50.65636	17.953978	-0.31145218	2.3908758	18.89022	-10.40637	-198.5715	0.6870243	0.05155468	0.778257	0.60270244	-0.4917361	0.89845806	0.66924536	5.7865233	4.7683716e-07	88.530304	37.497307	134.30832	2.398278	95.3159	42.112965	149.87738	2.398278	175.46783	65.22203	231.29831	1.1166149	80.15195	30.482595	144.46686	-2.90964	80.17763	30.414965	144.46686	0.17733324	0.9328963	0.59579796	5.7202353	-0.28575808	7353.5225	3912.8804	20870.672	0.031447075	80.986115	67.25091	539.1417	0.001785126
7	7999	1613.6163749694824	283.1419	35.59788	331.25388	236.81424	128.125	330.4268	0.0	330.4268	330.4268	155.0	197.38928	60.915745	235.33533	-35.337753	11.252154	-0.06862185	2.5258625	19.28872	-9.342215	-206.25862	0.5344842	0.03822771	0.60256654	0.47155407	-0.66840094	0.9065868	0.69335467	6.3404074	1.1920929e-07	108.17704	44.728085	159.9429	1.6918802	115.89821	51.072838	179.17929	1.6918802	160.04039	76.3626	231.73224	-1.8063309	44.14217	34.04084	137.64902	-37.118702	47.7893	28.696575	137.64902	0.008107981	0.33048728	0.40926117	1.9474318	-0.9039563	3107.3103	3116.697	18947.252	6.5739354e-05	26.168982	34.23883	264.36676	7.1801276e-07
8	8999	2131.6812024116516	262.7505	46.308018	325.84378	196.63866	132.14285	340.62073	0.0	340.62073	340.62073	154.0	181.05045	60.081463	233.2323	-28.5291	7.769512	-0.08907414	2.4716365	20.041473	-10.223386	-188.45639	0.41071272	0.033353213	0.47144175	0.3570778	-0.9681046	0.8882969	0.6812639	5.791812	1.7881393e-07	117.725685	44.907715	165.22246	1.8972296	122.995674	50.624912	181.25648	1.8972296	142.55272	69.430435	209.90947	2.6782055	19.55706	23.375175	58.04139	-33.426033	27.865273	12.345196	58.04139	0.046824466	0.1358688	0.34192795	2.119334	-0.79524726	928.8774	680.3612	3368.803	0.0021925305	7.637153	5.708963	44.915768	2.4380914e-05
9	9999	2648.958731174469	289.3087	79.854095	344.8624	121.948616	135.14285	328.40677	0.0	328.40677	328.40677	151.0	171.58281	55.179714	211.72185	-29.586796	5.46854	0.12273272	2.4786077	21.047728	-11.182598	-178.10997	0.31821766	0.023633083	0.3570056	0.276967	-1.0128949	0.8812904	0.6802681	6.8590193	2.041459e-06	119.1089	46.285126	166.23819	1.9734337	126.125755	51.46952	182.85614	1.9734337	141.30553	66.72511	203.81674	-2.2323432	15.179782	18.172314	40.603966	-34.327385	21.482569	9.957811	40.603966	0.0080385115	0.051729735	0.22749415	0.44160903	-0.96051663	560.6587	387.24197	1648.6821	6.461766e-05	4.498582	3.74488	28.732014	4.2490515e-06
10	10999	3166.6204442977905	351.5093	17.965168	376.32297	330.97156	160.16667	384.8515	0.0	384.8515	384.8515	183.0	157.2159	51.829163	205.94812	-27.378767	3.529733	0.025417106	2.5105858	21.967655	-9.733363	-162.62894	0.24069999	0.020473091	0.27688333	0.20608881	-1.3953096	0.8769322	0.6797179	5.4984727	8.940697e-08	124.332954	43.84401	170.46939	2.3779876	136.41339	50.084347	189.05194	2.3779876	135.61429	42.90158	184.18176	11.53466	-0.7991067	9.059286	34.694878	-16.099197	7.671036	4.8851256	34.694878	0.0012650382	0.067006744	0.30293843	3.4694877	-0.2290616	82.70923	110.631134	1203.7345	1.6003214e-06	1.754253	7.240376	120.37344	1.1572027e-08
11	11999	3683.069754600525	371.53778	10.784722	390.7901	359.60083	162.28572	356.91714	0.0	356.91714	356.91714	141.0	145.39342	45.580105	187.95366	-21.5435	2.333274	0.1671341	2.5491228	21.860134	-10.101189	-149.922	0.18027988	0.013568177	0.20602685	0.15919654	-1.4209157	0.8743954	0.6769533	6.2571797	2.6226044e-06	133.68042	51.66525	181.39624	2.964861	139.3011	55.435295	194.41847	2.964861	131.69792	50.25305	178.43318	6.274269	-7.6031833	6.415749	10.888459	-19.145014	8.822541	4.597065	19.145014	0.0029672827	-0.023015676	0.11623774	0.84101444	-0.16068974	98.97024	91.68948	366.53156	8.8047655e-06	0.7385909	0.64914984	7.0730524	9.1371824e-08
12	12999	4201.517573356628	369.31485	10.293068	384.844	349.83685	139.57143	340.67105	0.0	340.67105	340.67105	139.0	146.9253	45.485405	183.05435	-24.060099	1.791586	0.40986106	2.6905925	23.602043	-10.7594	-151.18181	0.1436854	0.009179612	0.15916225	0.12743887	-1.1480414	0.9151683	0.7078279	6.464692	5.364418e-06	131.65773	53.775845	183.02797	2.163206	139.64252	58.400597	199.63365	2.163206	131.0181	51.421608	177.18335	0.4287147	-8.624416	10.159917	21.35807	-30.18954	11.047454	7.4537396	30.18954	0.0225744	-0.052262697	0.08380815	0.3982299	-0.5505616	177.60448	167.027	911.4084	0.0005096036	1.065683	0.8912241	4.7985573	3.6926197e-06
13	13999	4719.632263183594	359.6963	18.893253	377.74817	324.59085	138.85715	366.06186	0.0	366.06186	366.06186	138.0	146.95288	45.223076	184.91228	-26.889914	1.548348	0.5212577	2.7450294	24.236526	-10.881002	-150.81691	0.11377809	0.006810645	0.12740147	0.10319653	-1.0348648	0.9020303	0.70982796	6.8092527	1.1175871e-06	141.16182	55.403572	192.38963	2.8919468	146.73131	58.216362	201.6241	2.8919468	136.32521	51.498707	181.14716	6.413619	-10.406134	7.6201625	8.373861	-22.909742	10.796389	7.05638	22.909742	0.008954938	-0.050479095	0.07780586	0.59087884	-0.11536741	166.35452	152.928	524.8563	8.0190905e-05	0.93177515	0.7673132	4.3602376	1.1912335e-06
14	14999	5237.864693641663	385.9042	8.135041	398.20163	369.69647	140.0	390.35678	0.0	390.35678	390.35678	142.0	149.92015	47.435143	188.45718	-23.215588	1.3986832	0.70043147	2.7940114	26.55783	-12.01228	-153.68994	0.094656646	0.0048936266	0.10318059	0.08692669	-0.7049636	0.908792	0.7263038	8.538778	1.2814999e-06	146.08371	56.012436	195.95067	2.956931	147.53928	58.33374	202.63159	2.956931	139.14058	52.536015	184.5632	4.825002	-8.39869	6.97193	9.497273	-20.781439	8.876465	6.3524947	20.781439	0.009419042	-0.04036053	0.06443151	0.5019714	-0.2107661	119.14581	124.140236	431.86816	8.871834e-05	0.6620924	0.61729735	3.479125	1.922776e-06
15	15999	5756.125009298325	378.96722	11.674254	394.15683	352.99423	137.375	386.35052	0.0	386.35052	386.35052	138.0	151.3176	48.420006	193.35974	-19.652147	1.1881428	0.83524424	2.8939092	28.323574	-10.00713	-154.91205	0.08116533	0.0029259904	0.08690974	0.076749526	-0.41215783	0.9033654	0.74310887	7.9250436	3.1888485e-06	148.5785	55.71308	196.7884	3.402769	146.26039	56.67185	199.16096	3.402769	141.9237	52.780937	188.17886	4.6185346	-4.33666	5.632456	8.493511	-16.815062	5.6257124	4.3454046	16.815062	0.007819977	-0.01009631	0.07566093	0.5467589	-0.12273169	50.531178	65.08687	282.74628	6.115203e-05	0.33311906	0.40219423	2.9894528	3.332631e-07
16	16999	6273.673742771149	402.73566	12.758183	423.91968	383.84622	142.28572	408.42316	0.0	408.42316	408.42316	143.0	152.19061	49.151947	194.8319	-19.48661	1.1172222	0.92264634	2.9449103	28.818317	-11.570349	-155.56078	0.07364821	0.0018206217	0.07674821	0.07104324	-0.201379	0.8994003	0.7564568	7.568881	2.0861626e-06	149.68195	56.42533	203.63705	3.3075087	146.1918	56.95554	205.16257	3.3075087	142.6627	53.293175	190.7108	3.644087	-3.5290952	7.9603605	21.887812	-20.619925	6.8408837	5.387408	21.887812	0.0027017226	-0.0011301092	0.11984109	1.4365491	-0.15324143	75.82185	98.590126	479.07632	7.2993053e-06	0.6036386	1.2965722	20.636734	5.1918345e-08
17	17999	6791.447090387344	391.65085	28.606367	419.28735	327.26807	143.71428	392.45328	0.0	392.45328	392.45328	141.0	154.91443	49.397316	201.61397	-26.56965	1.6152219	1.1074727	3.0570948	30.378122	-13.0876	-158.23672	0.07343349	0.0035438358	0.080156706	0.07021065	0.27779865	0.9291752	0.7844436	8.68066	1.6838312e-06	146.1804	56.005653	198.51103	3.5000393	139.41774	56.05926	194.84167	3.5000393	156.92436	54.666725	201.64017	-2.0813289	17.506601	17.660892	51.933956	-14.371267	19.320337	15.656078	51.933956	0.00026655017	0.1711269	0.21347304	2.233446	-0.5581368	618.3882	735.8086	2697.1357	7.104899e-08	5.3839417	6.0781198	49.8828	3.6804004e-10
18	18999	7308.19211935997	430.21854	41.251163	509.18045	386.29123	155.5	427.05273	0.0	427.05273	427.05273	149.0	161.40034	55.311867	219.05412	-17.507397	1.8698579	1.1705389	2.9570708	29.310495	-9.306484	-164.79881	0.09150182	0.006410798	0.09868516	0.08016456	0.4162061	0.9488167	0.7910008	8.671273	1.6391277e-06	155.53542	58.700672	223.18954	3.5305283	151.3939	58.906273	212.92177	3.5305283	150.28226	53.667366	200.53836	-0.23133826	-1.1116586	10.855161	34.050076	-25.09447	8.734913	6.539999	34.050076	0.01382078	0.05173099	0.28289154	3.4050076	-0.49606863	119.070305	157.93863	1159.4076	0.00019101397	1.8315698	7.0847516	115.940765	1.1331949e-06
19	19999	7826.517271757126	441.92456	38.83482	524.16644	402.68695	152.0	541.6706	0.0	541.6706	541.6706	177.0	156.53767	53.768444	203.15285	-17.14385	1.4023345	0.93523085	2.8665984	29.020655	-10.963151	-159.69737	0.09060849	0.0016619161	0.094654985	0.088351116	-0.15467241	0.9322392	0.770309	7.628338	6.556511e-07	176.1572	63.681458	238.37654	3.9829469	158.59492	62.998062	219.75586	3.9829469	151.2364	48.89351	196.08228	8.239077	-7.3585362	15.356812	39.360634	-24.707771	15.869145	6.176563	39.360634	0.0017558448	0.044644885	0.26564118	1.9932865	-0.11422275	289.97968	180.82956	1549.2594	3.0829913e-06	2.7784605	3.7141902	39.73191	2.4685164e-08
20	20999	8344.650219678879	508.59894	32.468708	538.538	449.79764	169.2	520.50037	0.0	520.50037	520.50037	172.0	158.32031	54.082672	207.12486	-26.707716	1.2342305	1.055443	2.8766618	28.90783	-10.870413	-161.33313	0.088736765	0.0022228672	0.09493546	0.0864132	0.13252454	0.9270641	0.7803439	7.6647286	7.748604e-07	176.95435	63.680252	235.07515	4.3719563	160.70854	60.442142	218.96024	4.3719563	159.21971	53.280373	206.57474	12.587248	-1.4888289	9.588757	24.90291	-19.427952	8.186644	5.209581	24.90291	0.07364683	0.0372695	0.16289455	1.7419299	-0.09248969	94.160866	100.843506	620.1549	0.0054238555	0.9284203	1.9336894	30.343197	3.47883e-05
21	21999	8862.343403339386	527.9062	17.688698	540.77386	488.96558	175.16667	544.00916	0.0	544.00916	544.00916	181.0	164.14989	57.643017	216.42056	-20.421354	1.3340459	1.0376235	2.8387902	27.6317	-10.793726	-167.19289	0.098868944	0.0014018052	0.10018389	0.09495674	0.08770734	0.9226203	0.7819618	8.175838	1.4007092e-06	184.40758	63.731533	240.43736	3.9996128	166.51668	60.441265	224.25847	3.9996128	163.07608	59.545174	214.39183	2.823245	-3.440589	6.501079	11.349504	-15.416457	6.399325	3.6263378	15.416457	0.0044673365	-0.03266157	0.07697611	0.3008051	-0.6543398	54.10168	51.734756	237.66714	1.9957095e-05	0.42315948	0.5953446	8.858658	1.126491e-07
22	22999	9382.470551013947	566.8102	23.396715	612.846	543.7848	185.16667	630.18756	0.0	630.18756	630.18756	203.0	167.10681	59.14496	220.69827	-17.537487	1.3582144	1.0083324	2.8032534	27.911388	-10.375999	-170.13684	0.1010574	0.0006728726	0.10202538	0.09958216	0.019226277	0.90845877	0.7761283	7.4557137	2.3841858e-07	199.99449	68.49576	262.26422	3.878317	188.3715	64.91904	250.08174	3.878317	166.17503	56.93086	219.19229	4.8835444	-22.196457	11.209057	8.561533	-51.4481	22.311274	10.978746	51.4481	0.0032601713	-0.113968	0.06956688	0.5625844	-0.30108213	618.32574	505.69476	2646.907	1.0628717e-05	2.9537396	2.0636551	11.2326	1.0243554e-07
23	23999	9899.994802713394	679.3131	56.406197	776.5196	637.68207	216.5	677.3664	0.0	677.3664	677.3664	218.0	171.1266	59.72143	226.94267	-36.049244	1.2829492	1.0420375	2.8089504	29.43099	-13.979803	-174.12819	0.102739595	0.0019733773	0.10756417	0.100883715	0.095138595	0.91453475	0.77669275	9.233624	1.0877848e-06	204.18187	70.980934	266.2657	3.9114332	192.71523	64.49261	250.29938	3.9114332	176.8569	60.67833	225.4878	6.213087	-15.858299	6.9129376	5.891644	-33.970013	15.9383	6.7264385	33.970013	0.00014650109	-0.08471912	0.065404736	0.5891644	-0.3079936	299.27438	210.75696	1153.9617	2.146257e-08	1.5423622	0.9790528	6.1183424	1.2229495e-09
24	24999	10419.72704076767	645.36804	194.48087	784.6134	259.0144	207.4	739.82935	0.0	739.82935	739.82935	235.0	179.52824	63.3806	241.44041	-47.59679	1.7784384	1.1123838	2.7931857	29.134047	-13.047088	-182.67662	0.11713931	0.005207749	0.1265906	0.10757692	0.24136774	0.91876227	0.78471506	9.246618	9.834766e-07	211.6755	72.69858	277.12497	3.6343405	201.71362	68.45412	260.00143	3.6343405	198.38792	60.419353	241.19754	-17.963463	-3.3257031	20.365597	56.68779	-25.970629	16.894867	11.848259	56.68779	0.036557246	-0.0133189345	0.23037364	0.5949064	-2.3027632	425.8178	588.08307	3213.5056	0.0013364323	3.0540748	6.2476068	53.027187	6.0379293e-06
25	25999	10940.641508340836	612.1331	199.78114	730.58704	266.11807	212.25	481.05264	0.0	481.05264	481.05264	189.0	187.41325	66.06908	254.01451	-33.736317	2.7540684	1.0661675	2.710001	29.3988	-12.80908	-190.65738	0.13403882	0.0034914583	0.13916627	0.12661463	0.13371941	0.91882175	0.7744152	8.193543	8.940697e-08	222.44157	84.11587	318.54715	2.7879245	209.77286	78.58636	297.83444	2.7879245	230.0849	32.77474	253.8994	9.966403	20.312061	76.38965	247.44365	-68.056755	60.998074	50.271187	247.44365	0.244402	0.7213911	2.8298771	24.744366	-0.24776348	6247.958	10970.103	61228.363	0.059732337	153.24239	637.2641	6122.8364	0.002782578
26	26999	11462.393345117569	1125.3732	346.15085	1614.6609	867.3586	355.33334	1192.4373	0.0	1192.4373	1192.4373	369.0	191.22232	67.094574	256.77786	-40.368076	2.5976605	1.0115837	2.6386158	28.700588	-13.7516775	-194.46535	0.14065659	0.00072957575	0.14216693	0.13900702	0.022813458	0.9104821	0.76622266	9.212267	2.682209e-07	239.64037	74.82583	311.07343	3.5011916	227.6571	69.24134	291.37378	3.5011916	209.82822	60.20647	253.56833	-0.38585705	-17.82887	13.538271	16.787106	-46.9232	19.405094	11.162248	46.9232	0.08350339	-0.07000505	0.06831199	0.33512965	-0.56853306	501.15347	460.55347	2201.7866	0.0069728163	1.9571394	1.5852569	7.572214	2.9587323e-05
27	27999	11985.631908655167	953.44336	144.38121	1184.8875	787.1261	295.5	1554.8878	0.0	1554.8878	1554.8878	465.0	194.34262	68.34493	267.1236	-38.634594	2.0900068	0.99229133	2.6190286	30.772013	-11.988318	-197.48761	0.14164913	0.00068300037	0.14294758	0.13982217	-0.015079849	0.9045569	0.7628026	7.826932	5.364418e-07	253.34175	73.00831	328.9065	3.8769712	241.1766	67.39883	309.5141	3.8769712	218.1683	56.54484	264.03363	2.740916	-23.008276	14.301071	10.066139	-55.855015	23.323133	13.781615	55.855015	0.009379711	-0.08515515	0.052454878	0.31262377	-0.1821409	733.9014	691.94867	3119.7827	8.797897e-05	2.6322405	2.266404	10.116872	1.675217e-06
28	28999	12510.866476535797	1187.8202	0.0	1187.8202	1187.8202	361.0	507.68506	0.0	507.68506	507.68506	194.0	196.8336	69.589066	268.85458	-57.33017	2.0857866	1.0070498	2.6509356	29.374746	-11.195323	-199.94104	0.13948785	0.00070415746	0.1411472	0.13840961	0.013881992	0.9100221	0.77318275	9.09613	4.172325e-07	244.73996	77.17883	324.0315	2.7600083	217.74403	70.167145	287.86722	2.7600083	256.2131	8.165429	271.7834	222.20264	38.469032	70.096985	257.45502	-29.83547	49.019226	63.17096	257.45502	0.014577179	0.8447534	3.113738	25.7455	-0.10364965	6393.4546	13384.26	66283.086	0.00021249414	179.13705	764.97833	6628.3086	8.1958234e-07
29	29999	13037.476543188095	1279.3799	802.5633	2472.819	276.14883	407.5	3105.1702	0.0	3105.1702	3105.1702	1000.0	200.99698	70.16497	274.2492	-34.974674	1.9296858	1.0187823	2.6528523	30.212742	-9.681969	-204.04622	0.14337863	0.0016558402	0.14594047	0.14106944	0.03653273	0.9115041	0.7760374	8.032226	1.7285347e-06	245.4072	74.12615	318.46475	4.1888328	238.67987	70.085144	307.74673	4.1888328	222.21202	60.76779	269.41992	8.677219	-16.467878	15.70855	42.850258	-45.52909	20.068583	10.733196	45.52909	0.0022676017	-0.045564525	0.13134398	1.2009906	-0.19943619	517.9495	466.52795	2072.8982	5.142018e-06	2.346153	2.7606692	28.324703	3.394676e-07
30	30999	13576.019136667252	1440.058	124.5791	1564.6371	1315.4789	439.5	917.8679	0.0	917.8679	917.8679	293.0	203.67615	71.254074	283.7998	-46.709904	2.9560544	1.0050405	2.6490214	31.095634	-10.861139	-206.6789	0.1458646	0.00071142096	0.14720976	0.14453445	0.009752071	0.91845304	0.7794737	8.8860235	2.503395e-06	273.38815	46.999393	307.3058	3.3944476	261.5761	43.108936	293.97168	3.3944476	255.22264	36.724854	276.6769	1.9592522	-6.3534703	18.591671	73.09029	-26.382969	16.128588	11.219871	73.09029	0.05520799	-0.017519968	0.085597835	0.39693978	-0.30987474	386.0168	713.8763	5342.19	0.003047922	1.6687138	3.6533167	29.012444	8.5524516e-05
31	31999	14116.833656072617	2888.9573	0.0	2888.9573	2888.9573	1000.0	2883.9192	0.0	2883.9192	2883.9192	1000.0	207.03064	71.45098	282.83688	-57.213676	2.2033012	0.99172926	2.648959	32.126053	-11.105437	-210.02568	0.14732088	0.0008930013	0.14891814	0.14490367	-0.015851136	0.9142637	0.77689755	8.757931	0.0	313.60965	16.550283	331.86902	247.71436	297.91238	12.720988	314.39655	249.74986	268.39542	9.12767	279.93634	228.82268	-29.516945	5.8333983	-17.65235	-40.97911	29.516945	5.8333983	40.97911	17.65235	-0.09861511	0.016626488	-0.06066719	-0.13393925	905.2787	345.32907	1679.2875	311.60547	3.006717	1.0675595	5.3555527	1.0709186
32	32999	14651.723742723465	1110.8951	0.0	1110.8951	1110.8951	352.0	3182.3826	0.0	3182.3826	3182.3826	1000.0	209.63588	71.64236	283.2366	-48.6245	1.9118787	0.95714164	2.640541	30.148483	-10.659372	-212.55777	0.13942255	0.0026204807	0.14502336	0.13552697	-0.08418009	0.9068633	0.77364457	9.067715	6.854534e-07	268.30484	69.1728	336.0525	3.620754	261.78412	65.91919	325.30652	3.620754	250.83463	45.966457	283.01855	2.174089	-10.949487	28.675655	80.69558	-47.975567	26.810978	14.945097	80.69558	0.096711986	-0.0059189093	0.1740528	0.83340144	-0.18424357	942.1846	964.81757	6511.777	0.009353208	4.6221104	7.966036	65.43858	0.00011308099
33	33999	15175.481525421143	1788.2915	974.856	3161.9443	999.8532	556.3333	1045.2449	0.0	1045.2449	1045.2449	315.0	213.35815	72.274124	287.6676	-33.293827	2.0670047	0.9847298	2.6472864	32.294487	-10.713912	-216.2272	0.1334794	0.0006852649	0.1355009	0.13224596	-0.030671993	0.9037195	0.7766302	10.106819	1.0728836e-06	271.9824	74.0244	343.16302	3.811881	264.6212	69.83445	329.6815	3.811881	242.46379	61.323273	287.93384	2.8448822	-22.1574	13.283292	19.524986	-48.683388	23.360336	11.03136	48.683388	0.05498717	-0.07614269	0.06053195	0.48973465	-0.2221279	667.39624	544.05194	2370.072	0.003023589	2.3411825	1.6532316	7.254795	0.00023978962
34	34999	15721.13044309616	1492.1626	542.2047	2034.3673	949.9579	455.5	3048.7417	0.0	3048.7417	3048.7417	1000.0	216.31712	73.45733	292.33435	-29.726103	1.9759886	0.98677105	2.6595767	33.093033	-12.089502	-219.0931	0.13053018	0.0008676402	0.13221963	0.12901485	-0.026851833	0.902657	0.7803367	9.146367	1.013279e-06	312.85083	16.360058	333.3979	245.66681	301.55658	13.265217	319.90936	249.89365	280.5247	12.308031	292.7257	230.78735	-21.03186	3.578983	-8.816302	-29.405573	21.03186	3.578983	29.405573	8.816302	-0.06968584	0.011028935	-0.029508427	-0.09286246	455.1483	146.3098	864.6877	77.72718	1.5035036	0.45643666	2.7306166	0.2601552
35	35999	16262.67944765091	3050.45	0.0	3050.45	3050.45	1000.0	3094.9092	0.0	3094.9092	3094.9092	1000.0	218.79155	73.38915	296.8953	-57.702145	2.089409	1.014452	2.6477983	31.30391	-9.952264	-221.52394	0.12988278	0.00088746834	0.13203613	0.12859337	0.029458944	0.9043873	0.78468686	9.689884	1.8440187e-06	313.87668	17.5694	337.0179	246.3212	303.45224	14.074016	326.03265	251.58797	279.11942	11.177196	290.15552	232.11151	-24.332827	6.496736	-13.538801	-44.448906	24.332827	6.496736	44.448906	13.538801	-0.079734914	0.01893567	-0.046182573	-0.14050002	634.2941	353.1294	1975.7052	183.29913	2.0618997	1.0827129	6.245072	0.62525666
36	36999	16784.38516831398	1900.6494	0.0	1900.6494	1900.6494	581.0	2150.9194	0.0	2150.9194	2150.9194	647.0	221.44551	73.40265	295.71332	-33.515976	1.9049904	0.989705	2.6201322	34.57274	-10.227785	-224.14864	0.13202135	0.0007858208	0.13311134	0.13004254	-0.0208631	0.8995711	0.77937514	7.974692	1.2516975e-06	272.28696	60.072487	325.30432	4.5449	265.9613	57.401108	313.3456	4.5449	251.94589	52.381645	290.95355	7.0225573	-14.015414	12.06228	28.587015	-31.488405	16.6842	7.9729443	31.488405	0.11115684	-0.045755427	0.06733465	0.4354897	-0.19953142	341.93045	230.72144	991.51965	0.012355844	1.348747	1.2243791	12.173089	4.6752968e-05
37	37999	17319.71178126335	2375.37	710.3079	3085.678	1665.0621	736.5	3072.2568	0.0	3072.2568	3072.2568	1000.0	222.8055	73.904045	297.07666	-28.87481	1.7359406	1.0108829	2.6185477	32.74741	-10.58347	-225.43697	0.13207541	0.0010911428	0.1337192	0.12975684	0.022167388	0.8892788	0.7770993	8.82777	2.682209e-07	302.28723	32.41393	333.64365	135.76721	293.96344	31.438282	324.18204	128.71313	274.18	28.486734	294.89438	116.58313	-19.783453	8.524916	18.09289	-32.08854	20.504148	6.605988	32.08854	0.014365335	-0.06682357	0.02910511	0.07386745	-0.13532509	464.05923	235.93561	1029.6743	0.00020636285	1.5552154	0.73260313	3.242628	8.5795836e-07
38	38999	17853.352895259857	3114.2126	0.0	3114.2126	3114.2126	1000.0	3102.7056	0.0	3102.7056	3102.7056	1000.0	224.38597	73.5227	298.75656	-39.53838	1.8266921	0.97885317	2.5856216	33.65562	-11.50822	-226.9392	0.13193414	0.0016417392	0.1334056	0.12788548	-0.043077774	0.88204175	0.77239764	8.299366	3.6880374e-06	294.7941	51.69303	335.5747	4.436722	285.84546	48.382664	321.7517	4.436722	269.78897	43.661102	297.3943	6.609075	-16.05651	8.518539	10.837138	-32.092747	16.427887	7.7782807	32.092747	0.0035675957	-0.053800687	0.02917735	0.21723533	-0.13908836	330.37714	229.38992	1029.9445	1.2727739e-05	1.0937384	0.7336406	3.3661134	6.7309585e-08
39	39999	18387.786475419998	1725.055	0.0	1725.055	1725.055	532.0	3125.4478	0.0	3125.4478	3125.4478	1000.0	226.31982	73.98356	299.41843	-26.862642	1.5941575	0.98305774	2.6112473	33.333195	-11.016921	-228.86537	0.12559262	0.0010610216	0.12797475	0.12400802	-0.035014782	0.87591755	0.77157885	8.745105	3.7625432e-07	270.44635	68.7107	339.43573	3.7209263	262.59705	66.76987	330.25638	3.7209263	257.50354	55.72302	297.3764	-1.0988939	-5.093479	20.627754	58.177956	-35.361076	18.303005	10.791096	58.177956	0.05831982	0.005296657	0.18865661	2.6794114	-0.7037605	451.44778	487.85278	3384.6748	0.0034012012	2.4491837	5.466555	71.79245	1.2142239e-05
40	40999	18907.30494594574	3112.318	0.0	3112.318	3112.318	1000.0	1103.5063	0.0	1103.5063	1103.5063	334.0	228.12546	74.019295	302.43216	-19.31527	1.51431	0.9886273	2.6035545	35.6858	-11.166167	-230.52156	0.12266063	0.0007192012	0.12433634	0.12166735	-0.02376243	0.8695146	0.7714608	8.853495	1.0579824e-06	248.51915	76.4352	316.52936	3.6752117	243.97148	73.78688	307.78354	3.6752117	243.98853	68.384834	298.03076	-0.7282803	0.017038643	17.233109	59.34258	-23.399178	14.066286	9.955897	59.34258	0.026300253	0.01106045	0.1218208	1.10749	-0.51790625	296.9803	448.01987	3521.5417	0.00069170335	1.559723	2.7556024	22.377048	2.325234e-06
41	41999	19428.264080762863	1501.2242	642.64923	2410.062	1044.0775	460.33334	1237.3844	0.0	1237.3844	1237.3844	372.0	230.14069	74.06326	302.53604	-21.104334	1.6090713	1.000315	2.633531	33.36936	-14.108079	-232.5414	0.12202558	0.00042821112	0.12277892	0.12093456	0.0007291436	0.87540317	0.77501404	10.325756	9.4622374e-07	254.82643	75.69826	323.11963	4.5838156	250.54979	72.86286	314.77466	4.5838156	238.62239	69.24096	299.30475	5.31156	-11.927393	7.9800315	13.55968	-27.550411	12.534242	6.988304	27.550411	0.034960285	-0.041116137	0.059247635	0.83469355	-0.16616136	205.94357	186.8775	759.02515	0.0012222216	0.79987	0.73660797	6.967133	5.161377e-06
42	42999	19968.38297867775	1071.947	103.85129	1175.7983	968.09576	324.0	3078.0554	0.0	3078.0554	3078.0554	1000.0	229.69823	74.37541	302.79587	-27.489576	1.6295501	0.9877203	2.6155171	33.250908	-10.54527	-232.0523	0.120522216	0.0007565117	0.12224869	0.11942283	-0.0258956	0.868729	0.7729139	9.655317	2.3841858e-06	294.1138	50.02853	330.62695	4.627833	289.68024	48.06397	325.21838	4.627833	271.1436	46.70636	301.31604	5.9277697	-18.536652	4.8215103	1.2999368	-32.46667	18.539738	4.8096313	32.46667	0.27685726	-0.06551328	0.021068597	0.12999368	-0.18210566	366.8544	174.25104	1054.0847	0.07664995	1.2747467	0.6269541	4.206933	0.007664995
43	43999	20516.110355377197	2092.012	1007.89484	3099.9067	1084.1171	665.0	3091.8914	0.0	3091.8914	3091.8914	1000.0	231.63582	73.81557	303.01636	-46.510517	1.6232635	0.9763292	2.6116128	34.384285	-10.277907	-233.91956	0.11642688	0.0011484162	0.11990916	0.11494098	-0.050644632	0.86434376	0.772928	9.014549	5.2154064e-07	314.34637	16.162636	332.48975	249.19113	306.2734	14.073371	323.49075	251.16827	289.2279	13.735024	303.5552	233.87086	-17.045504	3.1272542	-9.420842	-25.677574	17.045504	3.1272542	25.677574	9.420842	-0.05568458	0.009993109	-0.030551478	-0.08187885	300.32892	108.79985	659.3378	88.75227	0.97913724	0.34428835	2.1024504	0.28782067
44	44999	21055.29368853569	3095.734	0.0	3095.734	3095.734	1000.0	3013.1526	0.0	3013.1526	3013.1526	1000.0	233.14204	73.68887	303.80194	-39.661476	1.6631848	0.995474	2.6208842	34.243774	-11.987571	-235.41225	0.11403397	0.0005637135	0.11516506	0.11311626	-0.009754219	0.86486745	0.77504295	10.525591	1.3187528e-06	293.87006	50.091614	330.38016	4.6130385	287.40503	49.03258	321.8101	4.6130385	273.59695	45.04145	302.07153	6.72087	-13.808118	7.292762	16.960371	-25.243828	14.466136	5.880427	25.243828	0.0150945075	-0.045277443	0.031851742	0.21078317	-0.11446205	243.8485	154.50575	637.2508	0.00022784414	0.8343225	0.51688457	2.5223143	2.2784414e-05
45	45999	21575.83863711357	3079.6626	0.0	3079.6626	3079.6626	1000.0	1092.2402	0.0	1092.2402	1092.2402	325.0	235.10887	73.60607	304.99652	-22.29569	1.6488016	1.0098271	2.6596167	34.153473	-11.011765	-237.3948	0.11452231	0.00043728366	0.11588435	0.11383822	0.021303803	0.865593	0.78115666	11.787751	1.296401e-06	256.42786	77.292885	326.46167	3.7979395	249.7763	74.151825	315.07205	3.7979395	239.69362	70.07777	301.464	1.3079599	-10.082671	8.2848625	16.636837	-25.572598	11.425173	6.305919	25.572598	0.0056537506	-0.036351126	0.056072127	0.7216193	-0.40921858	170.29921	144.16632	653.95776	3.1964897e-05	0.6786199	0.56805676	5.207344	1.5149175e-07
46	46999	22123.432109594345	1135.1417	102.92996	1232.8512	992.8444	338.33334	3059.8923	0.0	3059.8923	3059.8923	1000.0	236.77493	73.5282	305.84805	-27.878187	1.5082197	0.98055035	2.5967429	33.78353	-10.178185	-238.95496	0.11341243	0.0013600092	0.116121314	0.11131408	-0.04210907	0.8565114	0.77421576	10.778179	2.9802322e-08	310.83725	15.909538	334.7267	247.1423	304.0253	14.257465	325.96472	249.93349	289.45422	14.167891	305.93515	235.32571	-14.571051	5.365027	0.559722	-27.54149	14.572217	5.3618603	27.54149	0.0521993	-0.047886956	0.017209152	0.001853778	-0.08466901	241.09906	167.64796	758.5337	0.002724767	0.78889394	0.5329706	2.327534	9.019941e-06
47	47999	22659.09543824196	1146.9021	78.887146	1225.7893	1068.015	342.5	3145.1218	0.0	3145.1218	3145.1218	1000.0	237.11931	73.72332	306.3208	-21.169397	1.5289077	0.9955647	2.5821114	32.693447	-11.887595	-239.24034	0.11355078	0.0009051488	0.115149684	0.11198189	-0.009636524	0.8572815	0.7766257	10.866847	3.516674e-06	278.77414	69.69688	343.96283	4.589528	271.71368	66.90386	330.01773	4.589528	254.78613	61.546036	302.40308	9.363056	-16.927572	8.222037	9.589246	-33.595245	17.213015	7.6063623	33.595245	0.033511426	-0.056329004	0.051875643	0.8460347	-0.111369975	354.1446	248.29948	1128.6404	0.0011230157	1.230822	0.78840154	7.1577473	1.6300977e-05
48	48999	23203.276651859283	3106.7256	0.0	3106.7256	3106.7256	1000.0	3186.5571	0.0	3186.5571	3186.5571	1000.0	238.20201	73.62117	306.3171	-30.341516	1.5184228	1.0142621	2.609714	33.103195	-11.960172	-240.31029	0.113672964	0.0011777951	0.115484804	0.11163767	0.031146439	0.8613165	0.78158087	9.872766	8.9150853e-07	300.56598	50.38451	341.86444	3.9148698	291.4102	49.49769	329.52765	3.9148698	279.00366	36.489235	305.26062	12.136016	-12.40652	18.570993	68.55724	-33.106182	19.678373	10.562441	68.55724	0.013315345	-0.023968512	0.1254098	0.8221146	-0.10273292	498.80356	598.20844	4700.0957	0.00017729843	2.3380315	5.7003303	46.588585	6.4774525e-07
49	49999	23722.080847501755	3130.4597	0.0	3130.4597	3130.4597	1000.0	1131.0725	0.0	1131.0725	1131.0725	337.0	240.64317	73.105034	307.5769	-29.643372	1.4864441	0.9793555	2.562232	33.63672	-10.644815	-242.76076	0.11278788	0.001508531	0.11456468	0.11009424	-0.045064703	0.8470169	0.7673142	11.6924	2.3841858e-07	254.90903	78.057625	325.22708	3.467409	245.17867	75.91519	312.713	3.467409	247.82903	67.07487	303.56775	-3.5561705	2.6503534	17.632774	53.115543	-19.055975	13.804095	11.286543	53.115543	0.00028283178	0.040379953	0.22717579	3.384094	-0.82014364	317.9391	504.52127	2821.261	7.999381e-08	2.6188405	7.938466	114.52092	2.7073144e-10
50	50999	24269.58863401413	3158.7664	0.0	3158.7664	3158.7664	1000.0	3165.7666	0.0	3165.7666	3165.7666	1000.0	242.9425	73.18683	309.1024	-36.14665	1.6214995	1.0044552	2.6140869	35.79125	-11.989965	-245.032	0.11115651	0.00035551083	0.11169752	0.1102855	0.009842569	0.84687257	0.7725527	12.238604	4.7683716e-07	316.97104	16.403322	335.57816	251.53468	310.40497	14.548983	328.5177	253.9055	294.4335	14.841801	310.63864	237.37651	-15.971458	3.8939815	0.824341	-27.085546	15.975711	3.8765023	27.085546	0.030757068	-0.051557384	0.012904139	0.0027404944	-0.084353134	270.2506	104.87153	733.6268	0.0009459972	0.8723383	0.34112364	2.2847507	3.1298307e-06
51	51999	24788.619116544724	1976.8832	726.464	2703.3472	1250.4192	600.0	1109.3607	0.0	1109.3607	1109.3607	321.0	243.9102	73.931	310.8247	-24.298344	1.5102214	0.99949384	2.5925698	34.55414	-9.774833	-245.94707	0.11135893	0.00059514964	0.112385154	0.11034465	-0.0010595381	0.84225315	0.7689259	12.799438	8.940697e-07	257.88406	78.39591	326.2958	3.8710477	254.24226	75.55167	316.8385	3.8710477	237.82741	73.2246	306.94116	1.0108718	-16.414845	7.6535897	9.968582	-36.067226	16.594118	7.2567034	36.067226	0.05152381	-0.06486931	0.062412873	0.99685824	-0.30285376	328.02454	241.57974	1300.8448	0.0026547029	1.3186741	0.9715801	9.9372635	8.826396e-06
52	52999	25334.881952047348	3200.491	0.0	3200.491	3200.491	1000.0	3284.322	0.0	3284.322	3284.322	1000.0	244.48917	73.61709	311.5457	-17.291386	1.6834986	0.99541134	2.5856116	37.31536	-10.530342	-246.50504	0.109799236	0.0007632511	0.111108534	0.1085135	-0.0100436425	0.83603704	0.766995	10.451241	2.5331974e-07	330.4243	19.2978	352.41647	255.38354	321.30258	16.587626	338.78897	260.58664	296.1357	15.362899	310.72565	237.20572	-25.16686	3.5638664	-17.228598	-39.974506	25.16686	3.5638664	39.974506	17.228598	-0.078301474	0.009880049	-0.055988297	-0.118023165	646.07196	195.69751	1597.9613	296.8246	2.0029712	0.55848885	4.717918	0.96459985
53	53999	25881.165901184082	3178.0044	0.0	3178.0044	3178.0044	1000.0	3163.9067	0.0	3163.9067	3163.9067	1000.0	245.73155	73.45976	311.80032	-29.085194	1.5720515	0.9856008	2.5925224	33.05269	-11.950042	-247.73886	0.10906241	0.00053943833	0.11029439	0.107621245	-0.03185895	0.83072037	0.76388264	9.478495	1.1026859e-06	314.7872	17.051716	333.95956	248.41452	309.17285	14.942912	327.6559	254.27	296.4937	15.644754	312.62997	237.57199	-12.67913	3.6907969	-0.35471562	-33.265583	12.67913	3.6907969	33.265583	0.35471562	-0.04117821	0.012471776	-0.0011600396	-0.10298201	174.38231	95.26047	1106.5991	0.12582317	0.56705785	0.31334475	3.4257565	0.00041148413
54	54999	26405.506278038025	3239.8115	0.0	3239.8115	3239.8115	1000.0	3286.7742	0.0	3286.7742	3286.7742	1000.0	247.56682	73.29362	313.60764	-14.819446	1.6353596	1.0015643	2.588931	33.239826	-11.164529	-249.57788	0.10799425	0.00044800885	0.10876272	0.10727884	0.003544281	0.8325924	0.76695293	10.381	8.0280006e-07	265.84033	78.46083	334.0524	3.8345838	255.5744	74.32795	318.58017	3.8345838	253.58063	71.46076	309.24762	-2.8739624	-1.9937601	13.139218	34.598152	-19.252785	11.633623	6.424402	34.598152	0.008794737	-0.013529002	0.08506253	0.193587	-0.700696	176.61412	189.25462	1197.0321	7.73474e-05	0.82601553	1.0235423	6.4531493	6.73144e-07
55	55999	26951.732059001923	3230.2964	0.0	3230.2964	3230.2964	1000.0	3219.4712	0.0	3219.4712	3219.4712	1000.0	249.72397	73.39338	316.1013	-27.870008	1.6109319	1.0036482	2.5806036	33.297527	-10.424722	-251.70778	0.108974226	0.0003866761	0.10972743	0.10807629	0.008152843	0.8323001	0.76483816	13.689054	1.4901161e-07	323.36472	18.322834	344.6983	252.4242	319.07034	16.521294	335.00742	257.99985	299.9742	16.179127	315.4386	239.58783	-19.096128	1.8681406	-13.323531	-24.676147	19.096128	1.8681406	24.676147	13.323531	-0.059955925	0.0061452687	-0.041125786	-0.08096446	368.15207	70.3856	608.9123	177.51648	1.1544974	0.21647565	1.8953243	0.5479407
56	56999	27491.682901144028	3243.7944	0.0	3243.7944	3243.7944	1000.0	3171.7483	0.0	3171.7483	3171.7483	1000.0	251.70622	73.30598	317.40994	-27.91481	1.6856819	0.983303	2.59687	35.675842	-11.351727	-253.65477	0.10769162	0.0010555616	0.109327346	0.10558476	-0.037255075	0.8322462	0.76563275	11.68711	2.1923333e-06	308.3879	38.44755	341.4741	112.520645	300.71033	38.64302	333.24002	102.48001	293.8726	26.647299	316.23355	155.80737	-6.8377357	17.396208	57.69273	-20.644602	16.157276	9.398145	57.69273	0.19558641	-0.013251918	0.08523813	0.5203684	-0.07759666	349.38272	521.38855	3328.451	0.03825404	1.5089055	3.204689	27.808153	0.00012961568
57	57999	28039.155638694763	3223.7693	0.0	3223.7693	3223.7693	1000.0	3245.236	0.0	3245.236	3245.236	1000.0	253.3007	73.29547	319.14096	-18.126083	1.3766242	0.99961287	2.5813005	32.38544	-13.250378	-255.19057	0.106114745	0.0004868583	0.10701454	0.105415836	-0.0008261843	0.828784	0.7628657	11.611681	2.3841858e-07	325.5453	18.57969	347.56546	252.80562	320.33185	16.163092	339.29916	258.98828	300.20685	16.052855	316.97723	239.4273	-20.125036	3.684624	-10.406447	-66.24559	20.125036	3.684624	66.24559	10.406447	-0.062923335	0.011612475	-0.032619417	-0.20517781	418.5935	188.3156	4388.4785	108.29414	1.3070208	0.58246535	13.592126	0.33945227
58	58999	28578.14635205269	3251.9255	0.0	3251.9255	3251.9255	1000.0	3273.3816	0.0	3273.3816	3273.3816	1000.0	254.99812	73.40476	319.96854	-18.06639	1.6179055	0.9937639	2.5794256	34.082855	-10.845596	-256.88748	0.104752295	0.00044671496	0.10556966	0.10398773	-0.014010198	0.83050823	0.76277936	10.770262	1.7508864e-06	305.8919	57.06943	349.12338	3.4714634	298.24933	55.71617	339.1638	3.4714634	286.07315	51.084316	319.0368	-9.650459	-12.176188	13.808264	46.708344	-30.394604	17.02854	6.9968967	46.708344	0.029786343	-0.046649113	0.10559856	0.22991648	-1.3833945	338.9277	239.78764	2181.6694	0.0008872262	1.3116933	1.6200355	19.52735	2.8724187e-06
59	59999	29110.881813526154	3274.262	0.0	3274.262	3274.262	1000.0	3318.3545	0.0	3318.3545	3318.3545	1000.0	256.89133	73.2069	321.37515	-36.198586	1.5226307	1.0044845	2.5750499	32.346138	-10.9701	-258.75024	0.104266435	0.00021857205	0.105096824	0.10378209	0.0101680355	0.8348837	0.76527023	10.048138	3.7886202e-06	284.62308	70.73874	353.63806	3.5401886	269.8178	71.014984	341.9386	3.5401886	272.00894	60.887604	316.93927	-5.0430393	2.191134	22.202631	72.03165	-35.68129	17.863216	13.366499	72.03165	0.033053655	0.022682482	0.14363277	0.688942	-1.0947046	497.75784	727.4679	5188.558	0.0010925441	2.670488	5.4031205	39.91152	3.778725e-06
60	60999	29657.028242588043	3246.9036	0.0	3246.9036	3246.9036	1000.0	3230.1191	0.0	3230.1191	3230.1191	1000.0	259.15686	72.86627	322.34125	-24.809416	1.4382674	0.982982	2.5666203	33.90957	-12.678475	-260.95813	0.10469951	0.0012205729	0.1061347	0.102395445	-0.038509686	0.8429195	0.76988447	13.495888	8.34465e-07	323.98734	18.537724	348.32993	253.95204	316.9516	16.60142	337.04507	257.81372	304.90918	17.487608	321.151	240.62347	-12.042443	3.259545	-1.3184279	-20.899504	12.042443	3.259545	20.899504	1.3184279	-0.03823793	0.0112946415	-0.004203003	-0.073460914	155.6451	72.779	436.7892	1.7382523	0.4961741	0.24783768	1.4153109	0.0055413563
61	61999	30204.60577940941	3291.6094	0.0	3291.6094	3291.6094	1000.0	3260.6025	0.0	3260.6025	3260.6025	1000.0	260.77234	73.010414	323.87155	-17.03533	1.4864097	0.98748004	2.5651073	33.092476	-10.881422	-262.55493	0.10167171	0.00067688344	0.10268508	0.10016834	-0.02863362	0.8346014	0.7639984	9.711267	1.6018748e-07	327.43918	19.494287	349.67914	253.77289	321.97946	17.364626	341.00687	258.98624	304.48425	16.930895	322.44257	241.13403	-17.495232	3.1986167	-9.548685	-29.770044	17.495232	3.1986167	29.770044	9.548685	-0.054398928	0.009752284	-0.029867522	-0.08748295	316.3143	123.64619	886.2555	91.17738	0.9810134	0.36880413	2.6043713	0.28519556
62	62999	30739.20577430725	3290.6277	0.0	3290.6277	3290.6277	1000.0	3238.2021	0.0	3238.2021	3238.2021	1000.0	262.0356	73.43047	323.9549	-20.472044	1.371053	0.9889523	2.5645587	30.917252	-12.962778	-263.79523	0.099470794	0.0008154357	0.10076352	0.098038144	-0.025471661	0.8260365	0.76245165	9.633025	1.5795231e-06	275.5899	72.83932	345.819	4.2200637	261.7723	73.16277	337.66043	4.2200637	267.97714	64.87955	319.1922	8.6300745	6.2048364	20.438194	62.674835	-23.60061	17.53358	12.19809	62.674835	0.040741198	0.04598847	0.1143197	1.0422941	-0.073923826	456.2198	629.64856	3928.135	0.0016598454	2.250109	4.1931043	33.727715	5.5054825e-06
63	63999	31281.044726371765	1566.9502	565.0007	2131.951	1001.9496	462.0	3262.509	0.0	3262.509	3262.509	1000.0	262.39102	73.55568	324.84756	-27.376183	1.373958	0.9995352	2.5532315	32.894547	-10.911722	-264.149	0.09847285	0.00029797858	0.099228345	0.09792494	-0.0010237523	0.82672745	0.7622935	10.77554	1.6242266e-06	294.53918	65.884766	347.6541	3.9771838	287.2175	66.00391	342.77618	3.9771838	279.32022	61.82608	322.93668	0.71901697	-7.897278	11.590325	21.238287	-24.134043	12.858346	5.600497	24.134043	0.053235836	-0.023814522	0.060766343	0.80205214	-0.3258167	196.70262	134.51743	582.45197	0.0028340542	0.70804846	0.530742	6.432876	9.350374e-06
64	64999	31826.9775826931	3269.912	0.0	3269.912	3269.912	1000.0	3245.515	0.0	3245.515	3245.515	1000.0	261.7025	74.093025	325.16306	-32.58393	1.4273757	1.022731	2.599313	33.96528	-11.006261	-263.46307	0.100251585	0.0014351342	0.10261822	0.09799122	0.052386925	0.83270615	0.77261955	13.639332	8.046627e-07	326.6946	18.57952	349.8327	254.97495	319.60757	16.35762	338.46866	258.89835	305.01263	16.674953	320.94476	241.94601	-14.594946	3.9436018	0.42893293	-25.968897	14.597645	3.9335983	25.968897	0.033861704	-0.045789756	0.012609529	0.0013694054	-0.07679473	228.56445	114.3338	674.38367	0.0011466149	0.7166239	0.35484365	1.9924552	3.6432168e-06
65	65999	32372.17080140114	3275.2886	0.0	3275.2886	3275.2886	1000.0	3268.669	0.0	3268.669	3268.669	1000.0	262.70908	73.15001	324.6821	-27.577963	1.4408547	0.9887163	2.5846097	33.281944	-10.472097	-264.37076	0.10105881	0.000719963	0.102115475	0.099425845	-0.02579725	0.8345048	0.771814	11.494276	5.5134296e-07	331.43875	19.841398	356.05765	254.41339	321.8633	17.305101	342.96307	259.31607	306.26535	17.53287	321.98633	242.35004	-15.59795	4.4557147	-7.3308735	-33.555817	15.59795	4.4557147	33.555817	7.3308735	-0.04857371	0.013739069	-0.0226576	-0.09786778	263.1494	175.8304	1125.9929	53.741707	0.8172028	0.52801347	3.2840335	0.1661
66	66999	32919.63814473152	2148.2498	1139.8153	3288.0652	1008.43445	652.5	3221.8406	0.0	3221.8406	3221.8406	1000.0	264.09195	72.573715	325.4764	-17.395933	1.2832661	0.9897285	2.5580857	33.081177	-12.180374	-265.75992	0.09969962	0.0005234737	0.10058406	0.098488964	-0.023666753	0.827044	0.7654944	13.944378	1.7210841e-06	322.0243	17.547747	341.57138	253.46075	318.04315	15.522756	333.9817	259.4758	305.50085	17.194092	320.9267	242.17119	-12.542264	3.3334556	-0.9915292	-20.419683	12.542264	3.3334556	20.419683	0.9915292	-0.039784785	0.012056366	-0.003175913	-0.07776235	168.42032	81.06212	416.96347	0.98313016	0.5383297	0.28677294	1.5878825	0.0031490105
67	67999	33465.92465853691	3308.4167	0.0	3308.4167	3308.4167	1000.0	3298.8523	0.0	3298.8523	3298.8523	1000.0	264.79636	72.55978	326.0124	-29.662716	1.3054157	0.97545904	2.5834382	34.22871	-10.510036	-266.45807	0.09617604	0.0015298455	0.09861477	0.09417028	-0.057348184	0.8250378	0.7678037	12.69933	1.7881393e-07	328.1407	19.04317	348.2879	251.8234	320.99237	16.741686	338.11935	256.58975	307.35382	17.88417	323.80365	241.33588	-13.638592	2.8470814	-7.269488	-22.835745	13.638592	2.8470814	22.835745	7.269488	-0.042790636	0.01042924	-0.022630539	-0.08475554	194.11705	84.40795	521.4712	52.84545	0.61229163	0.2933834	1.8976561	0.16451243
68	68999	33998.26001524925	2820.0889	0.0	2820.0889	2820.0889	823.0	3345.1655	0.0	3345.1655	3345.1655	1000.0	265.831	72.47797	326.44458	-16.521605	1.27356	0.98713267	2.5712512	33.873306	-12.229243	-267.45947	0.09344705	0.0007921474	0.09474884	0.092020266	-0.03043316	0.8199879	0.76237434	12.573116	2.456829e-06	306.10947	56.368603	359.1698	40.57272	295.76007	52.928726	348.58768	40.53322	282.17252	49.04569	322.172	20.643726	-13.587554	13.42823	34.39392	-38.273746	17.302427	8.097222	38.273746	0.054350324	-0.046854682	0.06218723	0.14995174	-0.49069607	364.939	315.62946	1464.8796	0.0029539578	1.3112159	1.2543249	9.759695	1.1776405e-05
69	69999	34544.52127790451	3344.2017	0.0	3344.2017	3344.2017	1000.0	3275.898	0.0	3275.898	3275.898	1000.0	266.2313	72.75575	327.2582	-25.383093	1.3657061	1.019441	2.5566292	32.003056	-11.494213	-267.82758	0.09408325	0.0012517378	0.096130885	0.0924353	0.04605832	0.8189405	0.7633683	10.728487	1.0430813e-07	330.16534	19.945623	349.87857	254.71272	324.43845	17.580719	342.71167	261.29507	310.17026	18.644527	326.21075	242.78958	-14.268226	2.276056	-7.0911	-20.778187	14.268226	2.276056	20.778187	7.0911	-0.04430788	0.008924263	-0.02177622	-0.0778347	208.76268	64.74096	431.73306	50.283703	0.65142876	0.23428532	1.6027634	0.15441735
70	70999	35091.49754738808	1012.0988	0.0	1012.0988	1012.0988	304.0	3335.6416	0.0	3335.6416	3335.6416	1000.0	267.1506	72.31589	327.51596	-20.55897	1.2815363	0.99430335	2.5569048	32.43126	-12.759277	-268.74655	0.09497136	0.00037258997	0.09548844	0.09416611	-0.013368413	0.8153054	0.7589001	11.571407	2.2351742e-07	333.53638	20.518988	349.8301	256.00632	324.27637	17.445889	341.37698	260.34103	310.3821	18.406757	325.81177	242.73395	-13.894273	2.2417178	-6.4955344	-20.321592	13.894273	2.2417178	20.321592	6.4955344	-0.043146648	0.008522276	-0.019706361	-0.07625705	198.07611	61.54575	412.9671	42.191967	0.6175459	0.2156664	1.5496646	0.12800334
71	71999	35638.65471959114	3331.8835	0.0	3331.8835	3331.8835	1000.0	3298.164	0.0	3298.164	3298.164	1000.0	267.49762	72.20454	329.1618	-19.21523	1.2478577	0.98703796	2.5663495	32.05838	-12.348946	-269.0752	0.0944509	0.000624186	0.095209844	0.0925603	-0.0306479	0.8156705	0.76211715	9.731649	6.4074993e-07	332.73654	21.377214	351.0224	254.15936	322.20602	18.798025	338.4293	257.1161	311.56635	19.639498	329.13727	242.5209	-10.63967	2.1394439	-4.8287954	-18.020407	10.63967	2.1394439	18.020407	4.8287954	-0.033308245	0.008171864	-0.014611481	-0.067993864	117.7798	46.232838	324.73502	23.317266	0.3710732	0.16788603	1.2252771	0.07055585
72	72999	36185.170196056366	3335.4639	0.0	3335.4639	3335.4639	1000.0	3415.952	0.0	3415.952	3415.952	1000.0	268.38507	72.4707	329.9653	-26.005087	1.1971464	0.9995429	2.5704296	31.654606	-10.855136	-269.98874	0.092846975	0.00022897348	0.09325017	0.09232513	-0.0010359702	0.8100559	0.76124305	14.735239	8.1956387e-07	340.41254	21.787445	361.54758	258.04324	327.68674	17.811777	345.5219	262.51273	308.9174	17.818342	326.70303	242.50967	-18.769344	3.7054753	-11.693942	-32.33607	18.769344	3.7054753	32.33607	11.693942	-0.05741434	0.011403427	-0.035082642	-0.09386859	366.0189	156.19676	1045.6213	136.74828	1.1176363	0.463826	3.0353413	0.41025436
73	73999	36721.11407828331	3302.9087	0.0	3302.9087	3302.9087	1000.0	3325.5742	0.0	3325.5742	3325.5742	1000.0	269.70847	72.06357	330.1429	-40.236267	1.2453071	0.9772134	2.5657134	34.127144	-10.734046	-271.2599	0.090293795	0.0008499752	0.09252204	0.08889789	-0.054617606	0.8058629	0.75749415	15.978052	4.4703484e-08	324.70535	20.59023	348.0305	255.3595	314.06366	17.95631	333.74554	255.07117	308.35385	18.081915	327.2824	242.71054	-5.709851	10.185644	42.189644	-18.702051	10.071846	5.90827	42.189644	0.0002673055	-0.017694047	0.03560471	0.16540343	-0.07151954	136.34973	209.63968	1779.966	7.145223e-08	0.46255827	0.78931403	6.9783115	2.199911e-10
74	74999	37268.069351911545	3298.056	0.0	3298.056	3298.056	1000.0	3300.6462	0.0	3300.6462	3300.6462	1000.0	271.27713	71.74966	331.30325	-19.356161	1.3293606	0.9957327	2.5613096	34.02552	-11.991959	-272.82944	0.08842105	0.0004215242	0.089163646	0.087523684	-0.010276189	0.80621266	0.75845027	10.723088	1.1920929e-07	333.62317	19.699448	353.55847	256.67914	325.43536	17.423765	341.92606	261.974	313.3058	19.034359	327.79617	243.24915	-12.129593	2.5502112	-7.3946276	-20.969	12.129593	2.5502112	20.969	7.3946276	-0.037674602	0.009989226	-0.02209526	-0.07936245	153.6306	68.31633	439.69897	54.68052	0.48174864	0.24875537	1.6641513	0.16338623
75	75999	37811.022455215454	3358.0137	0.0	3358.0137	3358.0137	1000.0	3364.2092	0.0	3364.2092	3364.2092	1000.0	271.79504	71.97539	331.43118	-37.296513	1.2438356	0.99422103	2.563387	32.000942	-11.030256	-273.3565	0.08809593	0.0003088681	0.08856516	0.087379485	-0.014005273	0.80643547	0.7625009	11.799074	9.834766e-07	338.28244	21.705559	358.18802	258.48523	324.93692	18.374731	342.96564	261.36414	311.05017	18.380962	329.0832	243.60919	-13.886703	3.3040512	-6.6070967	-26.74848	13.886703	3.3040512	26.74848	6.6070967	-0.0428568	0.010469091	-0.019864984	-0.07840304	203.75726	103.33602	715.48114	43.653725	0.6281859	0.316769	2.097162	0.13124987
76	76999	38358.40863990784	3331.331	0.0	3331.331	3331.331	1000.0	3312.2402	0.0	3312.2402	3312.2402	1000.0	272.57922	71.47657	331.6102	-49.245464	1.2449778	1.0022489	2.541254	33.952934	-12.062347	-274.05322	0.08823906	0.00054905016	0.08941766	0.08748626	0.005528219	0.8079967	0.7603803	13.610906	8.34465e-07	331.94943	19.084923	349.6964	257.08945	325.59424	17.13671	342.39142	260.98187	312.51416	18.754148	329.13812	243.42297	-13.080015	2.465799	-6.939855	-21.376556	13.080015	2.465799	21.376556	6.939855	-0.040571827	0.009705722	-0.02098599	-0.07843301	177.16696	68.00371	456.95712	48.16159	0.55390936	0.24732445	1.6673993	0.14563973
77	77999	38900.89876627922	2172.6982	1178.2196	3350.918	994.47876	649.0	3330.5315	0.0	3330.5315	3330.5315	1000.0	273.31924	71.35638	332.03094	-30.059227	1.3403543	0.98910123	2.552573	33.57581	-12.535327	-274.78232	0.086939424	0.00048157986	0.08785087	0.08581965	-0.026549729	0.80583227	0.76010734	11.177439	2.8684735e-07	292.14737	72.16015	350.63312	2.6979408	279.59494	72.02393	339.9687	2.6979408	283.48724	65.17961	326.9447	-4.426366	3.8923025	22.107779	71.41276	-18.16681	17.957733	13.46936	71.41276	0.04359039	0.023127832	0.11097554	0.4743468	-0.71243066	503.90384	832.771	5099.7817	0.001900122	2.2818577	4.167403	23.775677	6.6930897e-06
78	78999	39438.1147005558	3352.6545	0.0	3352.6545	3352.6545	1000.0	3364.3887	0.0	3364.3887	3364.3887	1000.0	273.76642	71.11747	332.2784	-26.422226	1.272123	1.014856	2.5574214	32.41301	-12.316122	-275.22748	0.08776901	0.0007629769	0.08876616	0.086252384	0.036291473	0.80807275	0.76538754	16.041145	2.3543835e-06	329.26483	25.325502	355.42328	237.2009	317.59747	21.846436	342.14713	231.52405	306.1129	18.537533	327.7459	243.78058	-11.484528	9.087244	25.979233	-29.700708	13.792732	4.922693	29.700708	0.45793498	-0.0351066	0.0308772	0.11091277	-0.08839544	214.47237	157.26706	882.132	0.20970446	0.6816724	0.5038395	2.8814287	0.0006719191
79	79999	39977.261205911636	3348.8628	0.0	3348.8628	3348.8628	1000.0	3265.7278	0.0	3265.7278	3265.7278	1000.0	274.59882	70.788574	333.16788	-31.38114	1.2200313	0.992413	2.5376525	30.389	-11.212949	-276.06793	0.0876744	0.00058556255	0.08895827	0.08672496	-0.018376106	0.8081686	0.7618148	12.086896	1.66893e-06	305.81537	59.185905	349.32855	3.8072634	298.88086	57.589775	339.63876	3.8072634	296.6021	48.84805	328.69952	2.0310001	-2.2787604	20.418835	63.003063	-21.098074	16.506191	12.233857	63.003063	0.056100145	0.0029959343	0.09673189	0.49676183	-0.17762633	422.1216	744.8611	3969.386	0.003147226	1.8795478	4.30352	31.297516	1.0590337e-05
80	80999	40496.57946848869	3338.5835	0.0	3338.5835	3338.5835	1000.0	3324.9126	0.0	3324.9126	3324.9126	1000.0	275.97256	70.31829	333.7177	-32.42714	1.2095035	0.9858492	2.5796876	32.853344	-11.200409	-277.41345	0.08581383	0.00082979177	0.087280504	0.084617995	-0.03460347	0.80652565	0.7626882	9.859277	7.4878335e-07	335.85236	21.527792	353.87097	256.2676	326.6265	18.555178	342.52853	257.8989	315.90048	20.461554	333.12222	243.4733	-10.726037	2.627566	-5.843087	-19.65452	10.726037	2.627566	19.65452	5.843087	-0.033313096	0.010214627	-0.017360706	-0.07464377	121.951965	61.561764	386.3002	34.141666	0.38359877	0.2241693	1.4659848	0.1021749
81	81999	40660.12063598633	3356.052	0.0	3356.052	3356.052	1000.0	12.120074	0.0	12.120074	12.120074	13.0	276.65448	70.60012	333.76086	-23.396992	1.2266539	1.002518	2.5814576	33.00839	-10.490156	-278.0554	0.08502812	0.00033106713	0.08566439	0.08441247	0.0062365523	0.80658543	0.7625239	15.512106	2.797693e-06	308.14542	92.31017	354.73676	1.0620078	298.28558	89.31493	342.07156	1.0620078	309.91757	24.034294	331.21252	245.01932	11.631982	72.24138	274.06503	-18.646757	29.897638	66.78511	274.06503	5.133075	2.0276885	6.899076	27.406504	-0.06483225	5354.1196	17622.773	75111.65	26.348461	521.3356	1752.7949	7511.1646	0.087223984
82	82999	40826.46992945671	3320.7273	0.0	3320.7273	3320.7273	1000.0	3361.4304	0.0	3361.4304	3361.4304	1000.0	277.4053	70.55498	334.46417	-29.16954	1.1229544	0.9983756	2.5311136	35.1338	-10.010943	-278.8139	0.08606176	0.00031544606	0.0866806	0.0854203	-0.0039519947	0.8043609	0.75558984	11.70059	2.9802322e-07	335.60214	20.913654	355.085	257.21622	325.98846	17.748056	344.24588	261.02365	314.2659	19.546255	331.6366	244.14629	-11.722561	2.7645435	-5.6219177	-21.668823	11.722561	2.7645435	21.668823	5.6219177	-0.036396563	0.010621038	-0.01675796	-0.07873988	145.06113	71.41388	469.53787	31.605957	0.45534095	0.2579991	1.7062005	0.09421187
83	83999	40980.81788659096	1658.6729	1646.6517	3305.3245	12.021146	506.5	1519.7781	0.0	1519.7781	1519.7781	447.0	278.1694	70.1972	335.33334	-25.033535	1.4770216	1.0047774	2.584718	32.368706	-11.473791	-279.60736	0.086661525	0.000749863	0.08776826	0.08512516	0.011795208	0.8048192	0.7629108	12.932573	2.3283064e-07	333.33963	23.217422	357.87433	258.96893	320.6491	20.412	345.26047	257.68597	310.5665	18.211056	330.06824	243.50552	-10.082606	12.678757	52.26563	-25.073486	14.380985	7.456345	52.26563	0.01738855	-0.030280875	0.043036025	0.20282683	-0.07441286	262.40976	309.09808	2731.6958	0.0003023617	0.8483992	1.1328292	10.600871	9.291802e-07
84	84999	41148.11088633537	3336.6624	0.0	3336.6624	3336.6624	1000.0	3349.1406	0.0	3349.1406	3349.1406	1000.0	278.74924	69.861305	334.5686	-35.38992	1.2371389	0.9905343	2.5722106	32.968124	-13.51812	-280.14236	0.08545398	0.0004096374	0.086509615	0.0848619	-0.023244422	0.7996583	0.7608525	14.362246	1.0728836e-06	333.5676	19.683905	351.72787	257.2369	326.54578	17.321144	342.81998	259.57138	314.3653	19.414732	331.94574	243.3953	-12.180465	3.2037485	-4.022742	-21.156555	12.180465	3.2037485	21.156555	4.022742	-0.037770443	0.0118513685	-0.012183029	-0.07870519	158.62773	82.905716	447.59985	16.182453	0.49721378	0.29171512	1.6651309	0.04900918
85	85999	41310.393595695496	3318.4739	0.0	3318.4739	3318.4739	1000.0	3368.1338	0.0	3368.1338	3368.1338	1000.0	279.8387	69.52372	335.01752	-17.939068	1.2274855	0.98275274	2.564452	32.939865	-12.102545	-281.1945	0.0829089	0.000561978	0.08485249	0.08222387	-0.042759307	0.8012847	0.75943357	10.574312	8.34465e-07	335.29663	20.097511	359.11545	257.61145	325.32846	17.65321	344.8256	260.99994	313.8851	19.208485	333.77118	244.19287	-11.443384	2.9959197	-5.20845	-20.903429	11.443384	2.9959197	20.903429	5.20845	-0.035553258	0.010901829	-0.015558297	-0.07552448	139.92657	73.60957	436.95334	27.127949	0.438654	0.2558513	1.5787206	0.08103461
86	86999	41474.395270347595	2960.9578	0.0	2960.9578	2960.9578	875.0	3357.852	0.0	3357.852	3357.852	1000.0	279.93497	70.33973	335.24216	-42.78936	1.2391189	0.99442285	2.5967352	31.498823	-11.698663	-281.33337	0.081845045	0.000432832	0.0828135	0.08115803	-0.013900616	0.7988279	0.761162	14.227697	1.1473894e-06	338.06287	21.15105	355.31323	257.41772	327.54886	17.665173	343.44778	256.8529	316.96384	20.038025	333.07123	244.56567	-10.58504	3.5448036	-2.2256784	-21.104319	10.58504	3.5448036	21.104319	2.2256784	-0.0328182	0.012663112	-0.0066980394	-0.07452122	124.60871	80.661514	445.3923	4.953645	0.39160186	0.27869704	1.5727196	0.014907683
87	87999	41634.04755163193	3320.1125	0.0	3320.1125	3320.1125	1000.0	3290.1047	0.0	3290.1047	3290.1047	1000.0	280.39325	69.84914	335.48642	-18.672888	1.2098088	1.0011396	2.5833654	33.15449	-10.894943	-281.74188	0.08125595	0.00017563404	0.081605576	0.08071927	0.0028951354	0.7984429	0.7635173	11.537928	1.2591481e-06	335.33856	20.961956	354.42868	256.01825	326.46094	18.659725	345.72784	257.37347	316.91788	20.561146	334.64703	243.89435	-9.543043	3.1369903	-2.2092447	-18.191105	9.543043	3.1369903	18.191105	2.2092447	-0.029683989	0.0112702465	-0.006647637	-0.06527379	100.910385	61.621685	330.9163	4.8807626	0.31791875	0.21563461	1.1874024	0.0146862585
88	88999	41800.64106440544	3353.3591	0.0	3353.3591	3353.3591	1000.0	3297.8416	0.0	3297.8416	3297.8416	1000.0	280.7364	69.738235	336.01648	-29.742764	1.2299148	1.0013883	2.5657437	31.38514	-10.970836	-282.07587	0.081518404	0.00036205046	0.08225901	0.0808737	0.0035341692	0.80171263	0.7653868	12.724047	1.1026859e-06	334.65833	20.449474	353.59708	256.92657	328.4512	18.149685	346.90826	261.9021	316.95505	20.406109	334.68115	244.76752	-11.496151	2.9907575	-5.3029785	-19.121038	11.496151	2.9907575	19.121038	5.3029785	-0.0355278	0.011443805	-0.01576059	-0.070926175	141.10612	74.1383	365.61414	28.121578	0.4420347	0.26711166	1.3561822	0.08357806
89	89999	41967.67865681648	3347.806	0.0	3347.806	3347.806	1000.0	3358.251	0.0	3358.251	3358.251	1000.0	281.35498	69.93984	336.33044	-21.603273	1.2370881	0.997274	2.5812209	33.984047	-13.722487	-282.68475	0.08195291	0.00033319203	0.08272714	0.08132236	-0.0067733335	0.80593055	0.7683064	12.374345	1.4901161e-07	339.00595	21.267164	357.63965	258.82608	328.3428	18.068079	346.64093	262.66367	316.01974	19.765697	331.91196	244.44412	-12.323076	3.0188684	-5.126827	-20.519762	12.323076	3.0188684	20.519762	5.126827	-0.037953317	0.011067987	-0.015450762	-0.07600887	160.97179	76.96724	421.06067	26.284351	0.5001293	0.26734644	1.5530199	0.07921337
90	90999	42133.80122470856	3354.8167	0.0	3354.8167	3354.8167	1000.0	3374.0964	0.0	3374.0964	3374.0964	1000.0	282.2868	69.678215	336.45316	-27.81979	1.2222209	0.96954864	2.5559409	35.03424	-11.812115	-283.60376	0.07935939	0.001167914	0.08157074	0.07740395	-0.07708259	0.80317	0.7629684	12.045248	1.6391277e-06	337.33267	21.750973	356.5758	256.76364	329.4489	19.163273	348.06918	259.5869	317.07547	20.593555	334.5861	244.27051	-12.373443	2.9553437	-4.777009	-21.071602	12.373443	2.9553437	21.071602	4.777009	-0.037953533	0.010626163	-0.014139777	-0.07880656	161.83615	76.40802	444.01236	22.819815	0.49993828	0.2591015	1.6468154	0.06754584
91	91999	42295.61984038353	2372.7173	1010.23804	3382.9553	1362.4792	703.0	3383.6873	0.0	3383.6873	3383.6873	1000.0	283.53616	69.45536	336.74097	-24.0846	1.3758138	0.985703	2.5618827	33.192337	-10.407912	-284.83853	0.07607556	0.0007553154	0.077404946	0.07502266	-0.036684636	0.79630256	0.7572637	11.058975	3.1292439e-07	336.18658	20.663172	357.67627	258.60336	325.07166	17.202122	345.4761	258.83655	314.38797	18.812185	332.8266	245.20253	-10.683681	6.673601	11.340822	-29.035822	11.302378	5.5618553	29.035822	0.20270449	-0.033074435	0.020869795	0.035886507	-0.085966244	158.67798	163.42357	843.079	0.04108911	0.49132776	0.49726707	2.4961004	0.00012501329
92	92999	42463.355665683746	3347.138	0.0	3347.138	3347.138	1000.0	3385.837	0.0	3385.837	3385.837	1000.0	284.0612	69.30327	337.1483	-51.740215	1.1037288	1.0093292	2.5793114	34.25863	-11.325793	-285.36475	0.076153435	0.00046563012	0.07697302	0.07542328	0.024091823	0.79908156	0.76307434	11.924082	6.03497e-07	338.38882	22.248386	357.28336	258.11542	329.12076	18.477575	348.5273	262.7809	317.5635	20.257116	335.41623	245.57056	-11.557208	2.9016118	-5.2882977	-18.371881	11.557208	2.9016118	18.371881	5.2882977	-0.035559475	0.010814884	-0.015692418	-0.06774871	141.98839	69.570984	337.52603	27.966093	0.44152492	0.24672867	1.2197447	0.08370913
93	93999	42700.49446129799	3354.3472	0.0	3354.3472	3354.3472	1000.0	3415.1174	0.0	3415.1174	3415.1174	1000.0	284.53687	69.451996	337.72528	-25.426582	1.1037691	0.99525034	2.5860126	36.053036	-9.824427	-285.84113	0.07630417	0.00032253275	0.07693352	0.07573834	-0.012162981	0.79680276	0.7580807	10.274417	9.609212e-07	329.48972	30.990164	360.00458	203.7912	311.14975	28.45136	342.94037	188.31291	308.27567	18.55034	331.4673	245.42201	-2.874135	19.193415	86.11267	-28.890114	13.227995	14.200983	86.11267	0.02998086	-0.0036809603	0.07984287	0.4387933	-0.08525254	376.6478	1014.1759	7415.3926	0.00089885195	1.528208	4.750585	37.385166	2.8096297e-06
94	94999	43066.64021611214	2241.619	0.0	2241.619	2241.619	671.0	3397.3062	0.0	3397.3062	3397.3062	1000.0	285.51306	69.236786	337.81912	-35.13935	1.8578585	1.0178108	2.5745888	34.82153	-9.951123	-286.77875	0.07565865	0.0009677959	0.0781719	0.07432964	0.045720167	0.79303443	0.75721747	10.953777	2.9802322e-07	340.0183	21.590431	359.74445	258.64594	324.71008	17.22523	342.8174	259.3574	316.91394	19.570673	335.78082	245.00842	-7.7961693	4.05942	1.6510587	-19.897972	7.823604	4.006291	19.897972	0.10101762	-0.024463806	0.013793156	0.0049855052	-0.06306766	77.25915	71.43266	395.9293	0.010204558	0.24603905	0.24054061	1.2056906	3.077879e-05
95	95999	43224.08991980553	1862.0186	1096.0645	3378.6965	826.54816	565.6667	3304.5332	0.0	3304.5332	3304.5332	1000.0	285.13858	69.598015	341.78162	-18.30465	1.9097106	1.0452127	2.5378067	30.744507	-12.074928	-286.37405	0.08066183	0.0018484625	0.084155455	0.07818439	0.113625035	0.7890313	0.7606653	10.543047	6.2324107e-06	337.2743	20.608156	353.9134	257.7786	325.47458	18.498137	343.3345	255.59091	319.60736	21.713572	338.08978	243.96545	-5.8672285	4.2183967	2.2098238	-17.830503	5.9328003	4.125665	17.830503	0.010804251	-0.018683374	0.014688436	0.0066963253	-0.06469304	52.219242	64.61327	317.92685	0.00011673183	0.17113079	0.22644061	1.0997149	3.5054288e-07
96	96999	43392.61331677437	3381.2944	0.0	3381.2944	3381.2944	1000.0	3386.454	0.0	3386.454	3386.454	1000.0	285.4029	69.837524	340.8152	-59.95261	2.3941376	1.0418503	2.5251071	29.600042	-11.093458	-286.69955	0.087848336	0.0013163179	0.08982465	0.084159546	0.10228603	0.7958654	0.76639766	9.978856	1.4305115e-06	336.763	22.96462	357.44946	255.36717	324.54797	18.586336	340.32935	257.0875	318.82324	21.545322	336.6202	243.99548	-5.724741	3.5497446	-0.10986598	-17.824139	5.724741	3.5497446	17.824139	0.10986598	-0.018269686	0.012840851	-0.0003280422	-0.066291705	45.373344	56.087925	317.69992	0.012070534	0.14987639	0.20186669	1.1815926	3.6040678e-05
97	97999	43560.03742861748	3378.4392	0.0	3378.4392	3378.4392	1000.0	3345.0037	0.0	3345.0037	3345.0037	1000.0	285.2339	69.8475	341.59787	-40.826374	1.5435762	0.99837524	2.5139444	31.15989	-11.310478	-286.48236	0.08984914	0.00020803824	0.090236515	0.089326635	-0.0038620061	0.80259514	0.77006745	10.981443	1.4938414e-06	335.56616	21.460033	355.43634	255.71852	331.20142	19.060768	348.1646	261.19736	319.63208	21.328882	336.73456	244.80545	-11.569345	3.6195486	-0.622036	-23.08043	11.569345	3.6195486	23.08043	0.622036	-0.035467442	0.012975693	-0.0018650717	-0.08091295	146.9509	85.47149	532.70624	0.38692874	0.45635062	0.29712304	1.8675056	0.0011601417
98	98999	43728.2211625576	3369.3206	0.0	3369.3206	3369.3206	1000.0	3301.4258	0.0	3301.4258	3301.4258	1000.0	285.48557	69.41802	340.35904	-35.155	1.9433962	0.998086	2.5343678	30.489895	-11.97189	-286.7598	0.09000914	0.00041198017	0.09106625	0.08937531	-0.0045663756	0.79935116	0.76601076	13.926202	7.4272975e-07	334.94125	19.956505	352.17575	257.2366	328.9013	18.815466	348.17288	253.97682	319.58368	20.730778	337.1924	244.30093	-9.317629	4.361742	0.08570577	-20.11996	9.317792	4.3613935	20.11996	0.08570577	-0.028735004	0.01439931	0.0002555656	-0.073608756	105.843	84.86529	404.81284	0.007345479	0.32966018	0.27864856	1.4810054	2.1903446e-05
99	99999	43891.164179325104	3359.329	0.0	3359.329	3359.329	1000.0	3344.926	0.0	3344.926	3344.926	1000.0	286.33038	68.87027	338.6115	-40.880123	1.5634841	0.9753603	2.529187	31.533298	-10.957511	-287.58743	0.08743323	0.0011978628	0.089530446	0.085260585	-0.059932217	0.7936236	0.75795877	8.856552	2.5704503e-06	337.85382	20.653118	356.82385	258.43137	328.61646	19.302837	346.03348	257.12775	320.15012	20.906984	337.2657	245.63531	-8.466347	2.9754975	-1.5961686	-18.777767	8.466347	2.9754975	18.777767	1.5961686	-0.026160978	0.01057574	-0.0047994466	-0.06630535	80.5326	54.70062	352.60452	2.5477543	0.25232473	0.191693	1.2450663	0.007660726
100	100999	44053.063094854355	3368.0146	0.0	3368.0146	3368.0146	1000.0	3311.3936	0.0	3311.3936	3311.3936	1000.0	287.3913	68.35964	338.32892	-64.11858	1.3692666	0.96650124	2.512429	31.150364	-11.799539	-288.61856	0.08396127	0.0015147147	0.08605667	0.08100073	-0.08316571	0.7940944	0.75315225	13.020231	5.066395e-07	336.1359	20.723782	355.41855	256.08987	327.25314	18.474054	343.6024	259.48444	320.18738	20.51353	337.04144	245.71225	-7.065792	3.4710207	0.7662105	-16.40197	7.0748477	3.4525256	16.40197	0.011618303	-0.022030694	0.011971156	0.0022968769	-0.061615378	61.9734	52.295647	269.02463	0.00013498496	0.19665563	0.18165243	1.0106136	4.0475848e-07
101	101999	44217.06938004494	3350.0095	0.0	3350.0095	3350.0095	1000.0	3415.062	0.0	3415.062	3415.062	1000.0	288.64975	67.902794	339.48227	-40.31462	1.5863086	0.98146045	2.50424	30.528263	-12.041879	-289.88614	0.0801139	0.0006925913	0.08122621	0.07845945	-0.046825476	0.78652924	0.7454043	8.833627	1.1920929e-06	342.4356	21.47779	362.4211	260.561	325.50214	16.957922	343.75684	262.37024	316.94382	18.958471	335.99246	245.90402	-8.558339	4.305279	0.84958446	-23.407497	8.561892	4.298209	23.407497	0.21582586	-0.02666501	0.014182033	0.0025826802	-0.070113495	91.78059	86.07748	547.9109	0.046580803	0.28845474	0.27703288	1.6411813	0.00014133698
102	102999	44382.41233801842	2398.7207	0.0	2398.7207	2398.7207	699.0	3347.9075	0.0	3347.9075	3347.9075	1000.0	289.52255	67.78301	344.939	-39.21135	1.3163035	0.9937219	2.5084167	32.41012	-10.464134	-290.73868	0.077990584	0.000212253	0.07848731	0.07744607	-0.015961533	0.78567797	0.7429914	13.841373	1.5497208e-06	338.00546	20.67073	357.00253	259.01752	325.346	17.318138	343.21152	259.8569	318.00467	19.08406	335.20764	247.73698	-7.3412914	3.6745114	1.3350154	-18.059294	7.366635	3.623436	18.059294	0.00626378	-0.022907943	0.012113574	0.0040051923	-0.0544614	67.39659	54.780952	326.13806	3.923494e-05	0.21214086	0.17807461	0.9835344	1.1940784e-07
103	103999	44543.438806295395	3397.4263	0.0	3397.4263	3397.4263	1000.0	3389.1816	0.0	3389.1816	3389.1816	1000.0	289.75052	68.237305	342.1713	-49.29845	1.3895767	0.99927306	2.5245862	31.470005	-12.081776	-290.97314	0.07756342	0.0003823678	0.07842578	0.07681594	-0.0017858591	0.78779876	0.748205	10.178572	3.3527613e-08	339.23706	21.42489	359.0951	259.7503	326.5025	17.503645	343.5163	257.6613	319.9706	20.063065	336.23718	247.487	-6.531858	3.6064084	1.001946	-17.012634	6.541122	3.589578	17.012634	0.020105423	-0.02050954	0.012621093	0.0030148893	-0.06077203	55.67135	58.844227	289.4297	0.00040422808	0.17908308	0.20503286	1.0338923	1.2215684e-06
104	104999	44709.89151382446	1563.5607	0.0	1563.5607	1563.5607	447.0	3304.413	0.0	3304.413	3304.413	1000.0	289.4192	68.32374	340.1878	-30.053177	1.4606181	1.0263941	2.5264196	32.832687	-11.06644	-290.5835	0.07897368	0.0012079353	0.08089385	0.076967224	0.066999406	0.79469293	0.754263	12.151392	3.7178397e-06	332.01105	20.41365	348.11002	254.57954	326.4507	18.095207	342.5878	259.13336	319.52487	20.340487	337.96982	246.68619	-6.925808	3.2390656	0.9621796	-15.14973	6.9298472	3.2304149	15.14973	0.18894823	-0.021689007	0.011324189	0.0028580083	-0.056933187	58.45836	48.23772	229.51431	0.035701435	0.1864269	0.1674704	0.8625224	0.000106477346
105	105999	44864.587483644485	3386.429	0.0	3386.429	3386.429	1000.0	3296.5208	0.0	3296.5208	3296.5208	1000.0	289.23624	68.48884	340.4719	-26.670332	1.3821192	0.9893738	2.5303829	32.099586	-10.736767	-290.40714	0.08103804	0.0004926312	0.0819357	0.079578176	-0.026750538	0.7932272	0.75160885	11.8741045	4.172325e-07	333.59656	19.314468	350.40097	259.00497	326.9896	17.81904	343.10812	258.53223	320.6307	20.333044	337.28723	247.0932	-6.3588915	3.6201043	1.4754374	-16.670427	6.3891993	3.5663414	16.670427	0.03518975	-0.019945903	0.012506671	0.0044411584	-0.060266763	53.540653	54.509148	277.90317	0.0012383186	0.17169662	0.18858315	1.0046728	3.7247564e-06
106	106999	45025.82323074341	3367.295	0.0	3367.295	3367.295	1000.0	3363.862	0.0	3363.862	3363.862	1000.0	290.24167	67.689095	339.73865	-21.504135	1.3125885	0.9826165	2.5336437	31.43615	-11.936883	-291.35413	0.0776476	0.0006735026	0.079570584	0.07677226	-0.04420769	0.79403657	0.7513441	12.383488	2.168119e-06	338.03094	19.542484	355.83194	261.86655	326.905	16.864853	342.49994	261.8269	318.4233	19.340435	336.1123	245.81189	-8.48167	3.5564892	0.40984702	-19.964092	8.482749	3.553918	19.964092	0.15600666	-0.026428763	0.012490813	0.0012308499	-0.06562144	84.58736	64.39615	398.56497	0.024338081	0.26801905	0.22426452	1.1675286	7.292219e-05
107	107999	45192.28387618065	3376.521	0.0	3376.521	3376.521	1000.0	3338.4045	0.0	3338.4045	3338.4045	1000.0	290.42456	68.16909	342.26007	-65.733345	1.3955623	0.98593295	2.5416605	30.397411	-11.168097	-291.6048	0.07689757	0.0010606422	0.07818049	0.07499615	-0.036112726	0.7926961	0.75367206	14.071804	2.2351742e-07	336.15762	20.54193	353.53143	258.99567	326.66898	17.002682	342.43704	263.1823	319.30856	20.234165	336.61774	246.46542	-7.3603945	4.2689123	2.345303	-18.682034	7.423499	4.158207	18.682034	0.0216926	-0.0231385	0.014908988	0.00706012	-0.06986207	72.39902	74.297775	349.0184	0.00047056886	0.2334293	0.26257387	1.2932768	1.4236628e-06
108	108999	45354.42571258545	3345.9324	0.0	3345.9324	3345.9324	1000.0	3412.8455	0.0	3412.8455	3412.8455	1000.0	291.3146	67.72535	340.3943	-47.483692	1.5019488	0.9989057	2.5381975	30.29015	-11.345473	-292.47128	0.07540049	0.00037990784	0.07624151	0.074672185	-0.0027724572	0.7964536	0.7537804	15.863491	9.536743e-07	344.90518	21.835894	364.63562	262.20273	330.4008	16.990564	348.73874	266.1888	318.07416	19.2787	338.93506	246.75931	-12.326628	6.4040794	5.3738666	-39.04104	12.483015	6.093631	39.04104	0.18229654	-0.03764941	0.01999285	0.016416593	-0.11194925	192.95801	203.06085	1524.2028	0.03323203	0.5906774	0.60978603	4.370615	0.000102571576
109	109999	45518.19104862213	3373.7175	0.0	3373.7175	3373.7175	1000.0	3365.515	0.0	3365.515	3365.515	1000.0	292.19913	67.217606	340.89948	-28.6969	1.3095325	0.9999309	2.5337837	29.523518	-11.2341385	-293.3404	0.074902184	0.00030924808	0.07552032	0.07430862	-0.000116192816	0.78984654	0.7520219	18.07563	2.3283064e-07	305.35315	53.65739	354.79565	66.76971	289.5416	50.18618	338.88647	66.15848	292.31335	45.33858	335.80377	77.25957	2.771732	14.22892	57.75748	-29.667238	9.2305975	11.177689	57.75748	0.0001734997	0.01574059	0.06325962	0.2621768	-0.2345486	210.14465	521.4801	3335.9268	3.010215e-08	0.91702133	2.3512034	15.142673	9.050267e-11
110	110999	45678.057712078094	3368.5376	0.0	3368.5376	3368.5376	1000.0	3431.199	0.0	3431.199	3431.199	1000.0	292.78052	67.04082	339.96506	-49.117363	1.3272132	0.97914696	2.527637	29.540651	-10.407881	-293.90005	0.074331805	0.0012117301	0.07597502	0.07246078	-0.054254215	0.7894572	0.74667335	13.041399	2.682209e-07	344.47708	21.827055	363.3864	262.99628	329.9884	18.331799	348.9005	262.18143	321.8296	20.459646	340.2918	246.85838	-8.158845	3.6247883	-0.59597003	-20.518084	8.158845	3.6247883	20.518084	0.59597003	-0.025175644	0.012395923	-0.001789727	-0.06430205	79.70583	63.17858	420.99176	0.35518026	0.24966736	0.2135937	1.220522	0.0010666236
111	111999	45842.59881043434	3390.6777	0.0	3390.6777	3390.6777	1000.0	3385.6792	0.0	3385.6792	3385.6792	1000.0	293.68793	66.831085	340.37137	-55.747192	1.2551551	0.99318	2.5132692	31.381927	-11.050587	-294.8012	0.071751006	0.00042223523	0.07271428	0.07111677	-0.017877348	0.7838876	0.74369806	11.5805855	1.7285347e-06	342.54974	20.576218	362.38467	263.34033	326.5033	17.036457	343.47525	257.54337	319.93982	19.261986	338.15204	248.13127	-6.5634813	4.6258016	2.2346065	-27.562876	6.610242	4.5587316	27.562876	0.0004898569	-0.020482548	0.014883164	0.0067253113	-0.08206784	64.477325	107.29443	759.71216	2.3995975e-07	0.20267917	0.32902846	2.2597468	7.299566e-10
112	112999	46000.561551094055	3388.467	0.0	3388.467	3388.467	1000.0	3409.1987	0.0	3409.1987	3409.1987	1000.0	294.2042	66.69787	342.1891	-47.74695	1.1836373	1.0108746	2.522866	30.568295	-12.341081	-295.33026	0.0728562	0.0004320489	0.07371532	0.07167377	0.028646775	0.78727525	0.74495447	13.5792465	2.8312206e-06	341.28952	21.729765	360.32388	260.55377	330.0367	18.037117	347.82672	260.06915	319.4403	19.378117	337.09094	247.6651	-10.596422	2.9849753	-1.7625107	-20.312038	10.596422	2.9849753	20.312038	1.7625107	-0.032436546	0.010392564	-0.0052937977	-0.07151403	121.194244	69.04826	412.57892	3.1064436	0.37387767	0.23048334	1.3970602	0.009330375
113	113999	46159.731297016144	3403.1277	0.0	3403.1277	3403.1277	1000.0	3373.2537	0.0	3373.2537	3373.2537	1000.0	294.5682	66.71195	340.9711	-26.543974	1.2768437	0.9867244	2.551077	31.721218	-11.453883	-295.69662	0.0728353	0.000401577	0.07338281	0.0715025	-0.03481691	0.7887246	0.75230706	16.581713	3.6712736e-06	339.23895	21.661777	360.2117	259.49915	330.04904	18.101786	348.6966	263.58365	321.8975	20.79357	340.3895	247.86316	-8.151565	4.0007515	1.4754728	-17.034883	8.193279	3.9146144	17.034883	0.06495258	-0.025244134	0.0138498675	0.004385019	-0.06428476	82.45402	68.740524	290.18726	0.0042188372	0.260551	0.23979768	1.0950835	1.2858599e-05
114	114999	46317.55046081543	3401.0637	0.0	3401.0637	3401.0637	1000.0	3398.4385	0.0	3398.4385	3398.4385	1000.0	294.98605	66.689415	341.2314	-43.87611	1.4310433	0.99184376	2.5334108	32.0308	-11.543448	-296.09335	0.07113978	0.00040132346	0.07173811	0.07032803	-0.021510316	0.788171	0.7495307	12.02972	1.7657876e-06	278.96048	72.09906	343.8736	4.158662	256.9993	66.733315	319.27725	4.158662	271.9922	67.56373	332.0965	1.3990638	14.992935	18.898626	76.14644	-101.494484	17.927465	16.141626	101.494484	0.026115902	0.06909712	0.12781385	1.5007333	-0.37216395	581.94617	984.4939	10301.13	0.00068204035	2.6844766	4.662829	34.83285	2.3035348e-06
115	115999	46479.904797792435	3390.0288	0.0	3390.0288	3390.0288	1000.0	3405.606	0.0	3405.606	3405.606	1000.0	295.7334	66.57439	345.05368	-25.224571	1.3273194	1.0048026	2.518818	33.779953	-12.231388	-296.8206	0.06966025	0.0006388894	0.07100784	0.06866667	0.012806923	0.79036623	0.75013864	24.315498	1.4007092e-06	339.72577	20.702158	360.49133	258.55252	329.61832	18.388817	349.14383	260.31018	320.7641	20.013386	339.94684	247.81825	-8.854189	3.7549407	0.56808156	-19.165014	8.856851	3.7486558	19.165014	0.11915079	-0.027211584	0.012408844	0.0018223746	-0.06467712	92.49625	72.89437	367.29773	0.014196911	0.2867613	0.2345472	1.1689712	4.533563e-05
116	116999	46639.25522184372	2389.5361	989.36053	3378.8967	1400.1757	704.0	3395.311	0.0	3395.311	3395.311	1000.0	296.34296	66.56288	341.94983	-56.966404	1.3031573	0.9851822	2.5071297	31.695988	-10.04375	-297.44107	0.06966493	0.0009066281	0.07144287	0.068731725	-0.03929403	0.7870515	0.7471392	17.889471	1.5497208e-06	340.26285	21.37088	358.9602	259.37866	326.62402	17.694897	345.44397	259.95023	322.81168	20.328197	340.3933	248.03024	-3.8123643	3.6028585	3.2689948	-16.141989	4.210561	3.1282408	16.141989	0.000105692656	-0.012175488	0.0123119755	0.009936791	-0.061104033	27.514713	38.409264	260.5638	1.1170938e-08	0.09047132	0.13768604	0.9863406	3.3967006e-11
117	117999	46800.05254840851	3137.1511	0.0	3137.1511	3137.1511	912.0	3323.0303	0.0	3323.0303	3323.0303	1000.0	296.41635	66.30761	342.69205	-40.72268	1.377034	1.0342674	2.5302923	30.865635	-10.970728	-297.46805	0.070569485	0.0012257828	0.07319513	0.0689958	0.09061764	0.79014486	0.7579195	15.898454	8.046627e-07	333.73077	20.75633	353.36005	256.8185	331.82166	20.375631	349.4794	259.82843	324.187	21.310246	341.18646	247.92099	-7.634644	2.6422627	-0.24252419	-14.405836	7.634644	2.6422627	14.405836	0.24252419	-0.023283927	0.009001887	-0.0007129117	-0.054915603	65.26935	41.234154	207.52812	0.058817983	0.20090336	0.13893177	0.7911052	0.00017289833
118	118999	46960.01742386818	3370.67	0.0	3370.67	3370.67	1000.0	3382.1433	0.0	3382.1433	3382.1433	1000.0	296.12756	66.64334	341.89737	-46.24755	1.2509137	1.0003846	2.532787	29.583435	-10.810892	-297.21497	0.07372365	0.00027977885	0.07450242	0.07304485	0.0010640726	0.7943937	0.7566114	11.578434	8.940697e-08	338.14713	21.713062	357.99152	256.73413	324.15643	17.289389	340.67972	258.70248	322.82336	20.398312	339.78036	248.74136	-1.3330518	4.180166	7.052179	-14.836753	3.428046	2.7384875	14.836753	0.0057501327	-0.0046621296	0.013905822	0.021195015	-0.055634726	19.250814	29.653318	220.12924	3.306403e-05	0.06410071	0.10796043	0.82543874	9.8724385e-08
119	119999	47120.45145821571	3376.0935	0.0	3376.0935	3376.0935	1000.0	3314.9148	0.0	3314.9148	3314.9148	1000.0	296.52945	66.47925	342.8256	-38.084763	1.3539602	0.9967875	2.542233	32.179073	-12.945305	-297.6189	0.07263794	0.0005312265	0.07357012	0.07180821	-0.008329149	0.79411453	0.7568619	11.564103	2.7120113e-06	334.76648	20.37598	352.30685	257.35846	331.70923	17.880537	346.78754	262.86066	323.9204	20.787981	339.90942	248.94711	-7.7888236	3.553572	-0.33047593	-16.853424	7.7888236	3.553572	16.853424	0.33047593	-0.024066001	0.012634311	-0.0009777194	-0.062006913	73.293655	63.682167	284.0379	0.109214336	0.23191918	0.22276634	1.0450288	0.0003231127
120	120999	47283.98338484764	3378.2942	0.0	3378.2942	3378.2942	1000.0	3328.6072	0.0	3328.6072	3328.6072	1000.0	296.96152	66.07223	342.3164	-45.645493	1.2614714	0.99851775	2.5290642	32.9718	-10.351366	-298.01593	0.072617345	0.00050687115	0.073648706	0.071753636	-0.0038163043	0.79696876	0.75799036	13.937582	2.3841858e-06	336.43536	20.715538	355.335	258.0786	332.78583	18.357155	351.2015	264.16904	323.89935	21.036186	341.1098	248.90714	-8.886459	3.7952795	-0.10046035	-18.696508	8.886459	3.7952795	18.696508	0.10046035	-0.027259529	0.013232715	-0.000296747	-0.06942253	93.37331	73.67585	349.55942	0.010092283	0.29181752	0.2528189	1.2979589	2.9811306e-05
121	121999	47442.189728975296	3366.6965	0.0	3366.6965	3366.6965	1000.0	3361.891	0.0	3361.891	3361.891	1000.0	297.33185	65.694176	342.23898	-40.898537	1.2124236	0.9897685	2.5124516	32.46913	-13.316275	-298.38205	0.0723862	0.00070244557	0.0732915	0.07109707	-0.026854869	0.79312307	0.75350237	11.880098	2.9057264e-07	337.97394	20.781754	355.57965	258.50574	332.07584	18.514801	348.2446	262.37137	324.12372	20.524078	340.59943	248.25223	-7.9520907	3.2696373	-0.400634	-16.641903	7.9520907	3.2696373	16.641903	0.400634	-0.024383117	0.011315889	-0.0011764556	-0.059977505	73.92628	55.394962	276.95297	0.1605076	0.23030484	0.1892356	0.9981399	0.00047132815
122	122999	47599.240512132645	3385.3843	0.0	3385.3843	3385.3843	1000.0	3338.0876	0.0	3338.0876	3338.0876	1000.0	297.82013	65.214554	344.81177	-32.41253	1.1785464	1.0091901	2.540621	31.597301	-11.95862	-298.89432	0.07155203	0.00037502722	0.07251489	0.07081795	0.024227187	0.7974405	0.76068705	11.088691	7.558847e-07	337.81732	20.555878	362.97797	258.1266	330.79846	18.508308	349.72876	260.13107	321.60098	20.364029	341.19513	248.96869	-9.197481	5.911117	0.3533463	-30.158445	9.198154	5.9100695	30.158445	0.022395521	-0.028106002	0.01801264	0.0010395995	-0.08827984	119.53499	175.0581	909.5318	0.00050155935	0.3639744	0.51555014	2.6623826	1.4774425e-06
123	123999	47753.59780907631	2932.787	0.0	2932.787	2932.787	836.0	3364.0269	0.0	3364.0269	3364.0269	1000.0	297.94485	65.64782	344.66064	-25.329895	1.1709236	0.98042864	2.5132072	32.931976	-11.377196	-298.95218	0.071007855	0.0010484116	0.072979435	0.06965525	-0.05158702	0.79490054	0.7546895	10.186371	2.2351742e-07	340.62967	20.759993	358.34048	260.9988	331.96335	18.545067	350.4294	262.69113	324.6304	20.989172	340.93552	249.03789	-7.332967	3.847643	0.8016976	-16.365355	7.3371067	3.8397422	16.365355	0.0045890077	-0.022592152	0.013044515	0.0023843253	-0.058087762	68.57676	63.064785	267.82483	2.1058991e-05	0.21524732	0.21209154	0.9506268	6.262127e-08
124	124999	47912.50670862198	3370.3599	0.0	3370.3599	3370.3599	1000.0	3329.7988	0.0	3329.7988	3329.7988	1000.0	297.94867	65.55705	343.99335	-47.797882	1.1992466	0.99421126	2.5288577	34.7965	-13.624544	-298.99692	0.071000814	0.00053336704	0.07178297	0.069639206	-0.015337505	0.79886407	0.7579938	10.849431	3.2782555e-07	336.9692	20.010204	354.8537	258.6509	331.31143	17.932549	348.63412	262.1432	323.36856	20.46646	340.2631	249.08987	-7.942846	3.7460954	0.9285644	-16.759808	7.944615	3.742343	16.759808	0.012302644	-0.024481554	0.012872046	0.0027834394	-0.059181806	77.122025	65.97444	280.89117	0.00015135505	0.24209817	0.22404654	0.9918757	4.4996048e-07
