Epoch	TotalEnvInteracts	Time	AverageEpRet	StdEpRet	MaxEpRet	MinEpRet	EpLen	AverageTestEpRet	StdTestEpRet	MaxTestEpRet	MinTestEpRet	TestEpLen	AverageQ1Vals	StdQ1Vals	MaxQ1Vals	MinQ1Vals	LossQ1	AverageLogPi	StdLogPi	MaxLogPi	MinLogPi	LossPi	AverageAlpha	StdAlpha	MaxAlpha	MinAlpha	LossAlpha	AveragePreTanh	StdPreTanh	MaxPreTanh	MinPreTanh	AverageMCDisRet	StdMCDisRet	MaxMCDisRet	MinMCDisRet	AverageMCDisRetEnt	StdMCDisRetEnt	MaxMCDisRetEnt	MinMCDisRetEnt	AverageQPred	StdQPred	MaxQPred	MinQPred	AverageQBias	StdQBias	MaxQBias	MinQBias	AverageQBiasAbs	StdQBiasAbs	MaxQBiasAbs	MinQBiasAbs	AverageNormQBias	StdNormQBias	MaxNormQBias	MinNormQBias	AverageQBiasSqr	StdQBiasSqr	MaxQBiasSqr	MinQBiasSqr	AverageNormQBiasSqr	StdNormQBiasSqr	MaxNormQBiasSqr	MinNormQBiasSqr
0	999	1.6487104892730713	22.293045	23.317293	132.62253	5.2394886	24.625	60.343445	0.0	60.343445	60.343445	53.0	0.0	0.0	0.0	0.0	0.0	0.0	0.0	0.0	0.0	0.0	0.0	0.0	0.0	0.0	0.0	0.0	0.0	0.0	0.0	7.188051	6.3635793	33.084404	-1.539556	10.452011	8.449356	43.3776	-0.73033625	-0.07873011	0.061836783	0.12130771	-0.31568396	-10.530743	8.427921	0.45234486	-43.38335	10.534611	8.423085	43.38335	0.00047008958	-0.6962108	0.35458863	0.045234486	-1.0209751	181.92638	265.48135	1882.1152	2.2098422e-07	9.682069	9.078535	43.389103	2.209842e-08
1	1999	2.757038116455078	20.814556	20.167421	124.153015	5.428253	23.5	60.343445	0.0	60.343445	60.343445	53.0	0.0	0.0	0.0	0.0	0.0	0.0	0.0	0.0	0.0	0.0	0.0	0.0	0.0	0.0	0.0	0.0	0.0	0.0	0.0	7.7483964	7.310343	39.080383	-2.80025	10.984582	9.529416	48.683903	-0.9443768	-0.07283569	0.070968285	0.18557876	-0.31932127	-11.057419	9.514197	0.8060343	-48.715385	11.067854	9.502055	48.715385	0.020942304	-0.6950823	0.35201865	0.08060343	-1.0224708	212.78644	347.80576	2373.1887	0.00043858014	10.186824	10.158465	48.746887	4.3858014e-05
2	2999	3.385462760925293	17.460537	16.582548	105.42657	5.3510084	20.979591	59.399616	0.0	59.399616	59.399616	53.0	0.0	0.0	0.0	0.0	0.0	0.0	0.0	0.0	0.0	0.0	0.0	0.0	0.0	0.0	0.0	0.0	0.0	0.0	0.0	7.2427897	9.662742	58.478264	-4.99384	10.739811	12.036866	74.159966	-2.5599964	-0.08079672	0.06930073	0.1441488	-0.33619893	-10.820607	12.019961	2.455818	-74.18431	10.911698	11.93733	74.18431	0.020621672	-0.6480262	0.3856894	0.2455818	-1.0159966	261.565	698.61127	5503.312	0.00042525335	10.036023	12.463963	74.208664	4.2525335e-05
3	3999	4.055624723434448	17.077888	8.235182	38.263966	5.8786683	22.044445	59.796833	0.0	59.796833	59.796833	53.0	0.0	0.0	0.0	0.0	0.0	0.0	0.0	0.0	0.0	0.0	0.0	0.0	0.0	0.0	0.0	0.0	0.0	0.0	0.0	5.590205	5.223795	26.146914	-3.7620256	8.85311	7.346385	36.12098	-1.673687	-0.079476684	0.06842813	0.14901629	-0.35946873	-8.932589	7.3281846	1.5050085	-36.09666	8.969133	7.2834086	36.09666	0.009350639	-0.6403938	0.37297744	0.15050085	-1.0200486	133.4934	191.4439	1302.9689	8.743444e-05	8.029056	7.928087	36.072357	8.743444e-06
4	4999	4.76079249382019	22.184013	22.71988	109.465385	6.3513336	23.47619	60.312553	0.0	60.312553	60.312553	54.0	0.0	0.0	0.0	0.0	0.0	0.0	0.0	0.0	0.0	0.0	0.0	0.0	0.0	0.0	0.0	0.0	0.0	0.0	0.0	6.659572	6.1368732	31.83089	-0.9763317	9.697317	8.446302	43.746334	-0.7335528	-0.082781695	0.06699124	0.17120522	-0.35091975	-9.780099	8.42538	0.56479156	-43.82051	9.78199	8.423184	43.82051	0.013323686	-0.6620569	0.35625297	0.056479156	-1.0171323	166.63737	276.97147	1920.2373	0.0001775206	8.820469	9.083006	43.894814	1.7752061e-05
5	5999	79.3620982170105	160.44145	103.525894	320.57758	28.642603	77.166664	309.82925	0.0	309.82925	309.82925	132.0	113.22265	71.20429	322.4491	-61.32599	36.386837	-0.015747504	2.2404528	15.708534	-10.867443	-121.79431	0.9087203	0.042188346	0.99970007	0.8520297	-0.06720212	0.98060125	0.6800342	5.211183	8.34465e-07	115.08991	46.639187	163.57094	2.8365908	123.69255	51.061485	178.28589	2.8365908	258.0465	41.122986	309.14093	2.495732	134.35399	43.81226	230.28978	-0.48375335	134.35495	43.809345	230.28978	0.48375335	1.8303623	2.1498926	18.794565	-0.048375335	19970.508	12749.499	53033.38	0.23401731	286.0735	372.132	3532.357	0.023401732
6	6999	148.1942708492279	289.93478	33.859055	335.27713	234.1711	121.375	341.58017	0.0	341.58017	341.58017	157.0	281.4044	86.50075	453.86267	-388.33237	93.6965	1.0097116	2.5855198	19.09454	-11.381981	-298.7255	0.85189426	0.008957395	0.8654575	0.83867246	0.0015443129	1.0622516	0.7495069	5.8990126	2.3543835e-06	121.50444	47.493656	182.85141	2.9383204	125.15788	50.803993	187.10399	2.9383204	316.74127	72.05856	466.2135	34.73711	191.58342	48.80554	344.6339	31.79879	191.58342	48.80554	344.6339	31.79879	2.2784407	2.4882376	21.178555	0.56536627	39086.188	19922.508	118772.54	1011.163	451.46866	543.5877	4583.4697	43.98863
7	7999	214.8321487903595	331.81726	184.27347	563.7077	51.86289	189.6	983.23663	0.0	983.23663	983.23663	1000.0	279.58414	89.58275	401.77338	-385.33325	59.11708	0.5613841	2.5327182	18.984816	-10.3744545	-294.0241	0.78375554	0.055923663	0.8570712	0.6706671	-0.12155949	0.97930545	0.7409435	5.9002705	1.4305115e-06	29.89549	16.100636	61.029415	0.46431243	38.74592	20.733316	79.16444	0.46431243	289.38385	9.395742	306.5245	166.96591	250.63792	22.307686	300.34467	165.43315	250.63792	22.307686	300.34467	165.43315	9.942471	8.167203	30.034466	2.6155207	63317.008	11218.522	90206.914	27368.125	2642.4858	2393.4475	9020.691	541.39374
8	8999	283.77927803993225	253.30804	225.00261	715.89386	29.982304	190.0	291.25772	0.0	291.25772	291.25772	141.0	239.36343	76.88	434.65707	-424.42734	43.278614	0.7003068	2.562882	20.055174	-10.316665	-251.17195	0.6030626	0.022947308	0.6703623	0.5760094	-0.14208995	0.9836192	0.7612153	6.808917	2.1457672e-06	106.70489	44.33461	158.87344	2.0064006	115.26423	49.30403	175.09361	2.0064006	224.42783	95.833725	321.87097	-82.01453	109.16359	50.990498	171.75812	-84.02093	113.84523	39.445965	171.75812	0.43964526	0.7622498	1.1241541	2.1924405	-8.402093	14516.72	6844.6616	29500.852	0.19328795	124.633835	60.78626	705.9516	0.006234437
9	9999	352.3922493457794	258.22342	97.15162	379.23547	99.870285	125.375	347.58078	0.0	347.58078	347.58078	197.0	217.38564	68.175125	352.3429	-310.74258	27.05721	0.46159452	2.5753515	18.252396	-12.977983	-226.93506	0.49491546	0.038143445	0.5758049	0.4304058	-0.37564167	0.94060284	0.7459935	6.862748	9.4249845e-07	111.539986	37.599796	154.63504	2.8671215	124.39307	44.166187	173.57704	2.8671215	178.97624	60.38275	237.261	-42.831898	54.58317	22.48452	87.0971	-49.88486	56.56366	16.894634	87.0971	0.08511572	0.38212222	0.55012065	0.9388653	-4.8762445	3484.8765	1657.2019	7585.9043	0.007244686	30.051985	20.025919	237.77759	0.0007244686
10	10999	421.33011960983276	337.9413	118.42757	563.901	223.79326	183.2	320.00385	0.0	320.00385	320.00385	143.0	165.45306	49.78312	237.17653	-213.32106	11.855076	0.0695524	2.3558106	15.882427	-10.800308	-171.8091	0.35069537	0.04061622	0.4302078	0.2933453	-0.9746506	0.8803355	0.69439524	6.827823	7.5101852e-06	119.471306	44.997604	166.90486	2.7493842	123.61274	50.022484	178.77794	2.7493842	144.71642	49.697357	186.03421	-5.6979628	21.103682	16.463934	57.593716	-24.28516	21.478424	15.97197	57.593716	0.006758574	0.20908768	0.22600621	1.1584201	-1.3065531	716.42645	796.612	3317.036	4.567832e-05	7.2874107	8.353851	36.72686	2.6603746e-07
11	11999	490.5869290828705	319.67188	25.742151	374.6136	286.48285	137.375	337.0413	0.0	337.0413	337.0413	154.0	152.05162	43.06405	195.27309	-152.11882	6.607563	0.25405282	2.3674867	17.686153	-12.384236	-157.50397	0.2562403	0.020977894	0.2932653	0.2214859	-1.0189123	0.9147107	0.7028334	5.6412024	2.682209e-06	126.29681	45.303658	175.83911	2.369344	134.86287	50.667557	190.44374	2.369344	135.3668	48.671005	182.51962	-2.5489576	0.5039566	9.332523	34.00233	-24.793633	7.239191	5.9113517	34.00233	0.0020158086	0.033691432	0.20315474	1.6185176	-0.707112	87.34997	132.6342	1156.1584	4.063484e-06	1.2228396	2.9690366	30.16731	2.811951e-08
12	12999	559.6998717784882	358.17468	24.371298	400.98175	333.29672	158.5	340.41052	0.0	340.41052	340.41052	150.0	143.07648	41.441624	183.91623	-117.36983	4.9575734	0.5222091	2.5094025	19.19883	-9.493937	-147.77814	0.19932988	0.011353789	0.22142914	0.18088694	-0.7664282	0.961875	0.7315324	6.184927	9.536743e-07	123.91652	45.948612	170.94714	2.8188088	133.8623	51.972996	187.46497	2.8188088	127.15432	49.035854	172.3443	2.3829463	-6.7079744	6.468534	9.004142	-18.451464	7.918576	4.9127393	18.451464	0.0031763974	-0.0571574	0.09758724	0.8304155	-0.6579462	86.83885	83.04345	340.4565	1.00895e-05	0.6899886	0.75852895	7.336421	6.728184e-08
13	13999	628.6013901233673	291.72668	60.376003	362.86703	203.42494	129.625	298.73575	0.0	298.73575	298.73575	137.0	138.7698	41.699093	177.93098	-114.25674	4.759914	0.71181756	2.5328665	22.820171	-9.999995	-143.01157	0.16770422	0.0077640233	0.18085779	0.15369704	-0.51498514	0.9750603	0.73874325	7.106221	4.5076013e-07	110.97508	45.018986	170.24648	2.2321296	116.33264	50.726337	183.38857	2.2321296	134.78418	42.217377	170.91248	-53.66696	18.451532	24.189539	129.40979	-55.89909	21.448633	21.576582	129.40979	0.0053013037	0.4447305	1.2995855	12.940978	-5.589909	925.5927	2002.7277	16746.893	2.810382e-05	29.756067	133.14925	1674.6892	1.6572605e-07
14	14999	697.8111100196838	315.65024	51.083424	388.5952	214.09233	133.71428	327.17233	0.0	327.17233	327.17233	139.0	140.60385	42.1827	182.17456	-109.94788	4.8351283	0.7541766	2.6544483	22.754295	-11.837443	-144.67665	0.14120658	0.007685776	0.15368253	0.12907091	-0.4809692	0.9742604	0.7593724	9.857965	3.1143427e-06	127.68841	48.67903	182.74347	2.7187512	134.52162	53.394836	194.73224	2.7187512	131.68663	50.342667	174.83746	-7.272309	-2.8349848	10.319019	19.120108	-23.028315	9.04785	5.714517	23.028315	0.05383188	-0.022758914	0.13389443	0.44360143	-1.1074452	114.519295	126.72311	530.3032	0.002897871	0.93509775	1.3151374	13.491239	2.3736788e-05
15	15999	768.237845659256	346.76352	52.490273	395.8272	231.10794	142.42857	380.81604	0.0	380.81604	380.81604	148.0	143.19347	42.510666	185.45917	-123.61674	4.5012255	0.84800524	2.6974878	25.49945	-10.349242	-147.0696	0.120731644	0.0043671704	0.12905833	0.112900525	-0.320875	0.98958486	0.7705145	8.270348	3.285706e-06	151.11143	53.699207	211.98837	3.1998339	149.26031	56.59925	212.8888	3.1998339	141.12411	45.944305	184.58295	-18.79173	-8.136199	17.259623	44.48561	-43.849037	15.8343525	10.647326	44.48561	0.010448994	-0.018653441	0.23540688	1.4551637	-2.1991565	364.09235	396.4046	1978.9696	0.00010918147	2.7899303	4.145643	48.362892	1.0055614e-06
16	16999	838.3821156024933	362.8793	73.8341	422.2969	200.97214	145.66667	459.44592	0.0	459.44592	459.44592	176.0	146.87274	44.139442	202.87961	-106.92328	4.59691	1.1641399	2.8196843	22.797829	-11.370768	-150.63916	0.117489755	0.006782076	0.13294518	0.11133096	0.34462756	1.0478938	0.81030697	8.3244705	3.8146973e-06	146.97983	53.794044	209.93105	2.999479	141.69102	53.52852	207.21849	2.999479	149.36995	44.57982	187.51726	-13.275411	7.67893	31.203485	135.93822	-59.27975	20.356478	24.864378	135.93822	0.01495823	0.19110769	0.97106797	12.639517	-1.9984183	1032.6235	2778.676	18479.201	0.00022374865	22.220745	116.63548	1632.2123	1.2890176e-06
17	17999	909.2452585697174	380.76703	103.41452	514.8632	233.03633	165.42857	503.33514	0.0	503.33514	503.33514	181.0	147.45744	45.27264	194.49094	-94.24375	5.0415893	1.1124896	2.7636592	23.93229	-13.981682	-151.22075	0.14285958	0.0051853703	0.14806435	0.13297944	0.22107144	1.0278108	0.80840355	8.48293	1.8775463e-06	161.06458	59.982204	229.14818	2.8003268	151.26404	56.21272	214.51038	2.8003268	151.23557	50.513557	204.48929	-15.582951	-0.028470475	22.285042	67.71936	-36.143127	17.665482	13.58509	67.71936	0.022477513	0.013191257	0.22829518	1.1475241	-2.0217783	496.6239	649.3152	4585.912	0.0005052386	4.0625734	6.456166	50.21785	2.7304068e-06
18	18999	979.4980933666229	364.1567	58.09252	447.39636	299.25092	151.16667	287.85876	0.0	287.85876	287.85876	144.0	147.48138	46.21583	202.06361	-99.64815	5.0887628	0.9367161	2.7072399	24.76082	-12.524307	-151.08405	0.14826101	0.0047004023	0.15458171	0.13780394	-0.12294794	0.9917349	0.78554416	7.8319597	1.8849969e-06	118.60371	49.85334	186.46098	2.1331794	123.19365	52.662407	195.03467	2.1331794	143.15422	47.121025	190.62616	-90.829285	19.960564	39.599976	152.06976	-94.23207	30.5317	32.162052	152.06976	0.009327103	0.47149917	1.640348	15.206976	-9.423207	1966.5824	3828.6035	23125.21	8.6994856e-05	55.010292	208.96521	2312.521	1.1741236e-06
19	19999	1050.3043682575226	442.26547	125.114944	546.93207	171.2364	171.83333	504.0546	0.0	504.0546	504.0546	169.0	140.63338	43.865505	191.55305	-89.462364	4.0787406	0.93366694	2.6781065	21.747604	-9.921005	-143.89235	0.13016571	0.0034882703	0.13777998	0.12522422	-0.13402025	0.98897517	0.77954894	7.628644	1.013279e-06	162.11028	57.65713	222.9282	3.9996393	153.94691	57.926514	215.61111	3.9996393	143.57484	38.95968	179.92828	9.07275	-10.372075	22.938662	72.19658	-38.050957	21.82009	12.555708	72.19658	0.022998128	0.08987015	0.70139605	7.2196584	-0.2936452	633.7621	665.48883	5212.3467	0.0005289139	10.012612	41.291897	521.2346	3.121494e-06
20	20999	1120.3332195281982	488.8879	153.30095	789.8982	316.37503	170.0	424.37485	0.0	424.37485	424.37485	152.0	150.86726	43.956036	211.42445	-107.25237	4.753783	1.0290241	2.8603296	22.707943	-10.999273	-154.2689	0.12909713	0.0015341504	0.13232036	0.12699953	0.05938818	1.0344197	0.8089212	9.599529	1.7881393e-07	166.50319	60.54266	236.84128	4.584445	157.8748	62.235252	229.52751	4.584445	160.80605	43.389584	205.20844	-22.720772	2.9312556	26.061588	63.414967	-39.67768	21.751669	14.651402	63.414967	0.049977366	0.18902849	0.63325155	5.61831	-2.7850575	687.79865	784.13776	4021.4578	0.0024977373	10.76426	28.095081	315.65405	1.3995696e-05
21	21999	1189.7712843418121	567.415	57.03915	624.16125	468.73016	182.5	555.4875	0.0	555.4875	555.4875	189.0	168.35764	46.71984	229.131	-117.42566	6.0702744	1.1535007	2.9433632	22.001482	-12.240352	-172.21252	0.14591348	0.010251028	0.16141191	0.13185729	0.2952982	1.0358201	0.82647556	10.48614	2.9355288e-06	164.09117	63.812675	236.94095	4.0478425	158.33171	62.516155	233.06723	4.0478425	178.97327	51.018402	224.85562	-22.387524	20.64156	43.10955	161.57027	-39.865276	30.503681	36.79718	161.57027	0.012153563	0.3571504	1.3338504	16.157026	-2.697414	2284.507	4649.922	26104.95	0.0001477091	43.06547	190.91754	2610.4949	6.958571e-07
22	22999	1260.291928768158	486.80078	130.10251	583.50836	205.81212	161.5	148.24146	0.0	148.24146	148.24146	81.0	176.22205	51.09459	229.32452	-123.52021	6.5538125	1.0439701	2.783996	22.004803	-10.504498	-180.08232	0.16281594	0.0048933183	0.17140344	0.15780543	0.079176284	1.0002012	0.7967427	9.1589775	7.748604e-07	108.25896	56.31066	189.00998	1.6323373	109.70564	57.08264	193.27882	1.6323373	185.33855	50.8131	220.74216	1.8634493	75.63289	54.983875	201.46007	-24.058619	76.32027	54.025707	201.46007	0.32410544	1.6685572	3.3821166	20.146008	-0.9245846	8743.561	10586.857	40586.16	0.10504434	253.73543	648.7016	4058.6162	0.0018882096
23	23999	1330.729023694992	639.4965	125.285965	841.61224	521.8575	211.0	706.4051	0.0	706.4051	706.4051	237.0	171.46162	50.56763	290.8706	-186.166	7.754344	1.060141	2.8732257	30.23644	-10.461903	-175.22375	0.1727582	0.0051402356	0.18478023	0.16726753	0.10448562	1.0394856	0.82181937	10.172671	2.3841858e-06	192.22888	71.858315	262.46783	2.8705685	187.09268	73.90307	262.86102	2.8705685	195.24466	55.21719	273.48816	-83.931755	8.151973	56.569504	201.8978	-124.77132	43.883358	36.617134	201.8978	0.08662392	0.22162375	1.5520377	17.534542	-8.810212	3266.5635	5733.167	40762.72	0.0075037037	56.175873	226.55444	3074.6016	3.726281e-05
24	24999	1401.9355659484863	481.34348	178.53938	656.7691	170.51129	176.0	800.42694	0.0	800.42694	800.42694	250.0	179.15366	56.22931	272.77863	-136.07762	10.657205	0.9681203	2.851304	28.702978	-12.07732	-182.9118	0.18407696	0.004354998	0.19234328	0.17717178	-0.054183107	1.0251478	0.81950456	10.399185	4.1350722e-06	216.35052	72.176125	288.70493	3.4119725	207.06567	72.019424	274.24353	3.4119725	183.36008	60.195347	236.23256	-12.6796875	-23.70559	19.662561	24.981352	-64.14473	26.512304	15.673831	64.14473	0.016006958	-0.10270801	0.2122764	1.6361647	-1.9042358	948.57117	904.5684	4114.546	0.00025622273	4.5687385	5.022939	48.14619	1.2781198e-06
25	25999	1475.559535741806	738.9425	390.76047	1086.9347	79.01485	243.5	684.9659	0.0	684.9659	684.9659	215.0	181.09174	56.83067	253.59364	-148.77502	10.03789	0.9952771	2.7930045	22.65046	-11.788987	-184.84712	0.17718934	0.001807077	0.18011913	0.17387527	-0.008087714	1.0258158	0.80708545	9.436599	5.9604645e-07	210.06474	71.097946	287.5944	4.2776194	203.70456	71.88378	280.20093	4.2776194	181.51224	63.663162	237.05536	-0.84640443	-22.19232	19.081766	19.29538	-69.13955	24.248068	16.390364	69.13955	0.0006396812	-0.106652126	0.12773119	1.2561011	-0.9053681	856.61285	947.7243	4780.2773	4.09192e-07	3.9798696	4.173676	22.609802	1.9378387e-08
26	26999	1545.6434285640717	656.52014	82.00802	751.4519	534.29224	209.4	435.56082	0.0	435.56082	435.56082	157.0	182.00388	55.91585	246.09428	-176.53552	8.07927	0.9349333	2.815938	21.925983	-11.4617815	-185.52216	0.16511986	0.0042722323	0.17683327	0.16118398	-0.115432285	1.0009913	0.7981337	9.599886	1.4901161e-07	204.64107	75.50955	288.68222	3.083279	192.60124	74.55792	268.65186	3.083279	190.5543	56.774162	236.42276	-37.112625	-2.0469415	40.68506	153.45218	-52.615643	31.773357	25.493486	153.45218	0.039039765	0.10364619	0.9155041	13.486587	-3.393897	1659.464	3336.732	23547.57	0.0015241032	22.667389	109.46202	1818.8801	8.817959e-06
27	27999	1620.924697637558	780.6495	154.17482	1046.7129	678.78754	250.0	1117.536	0.0	1117.536	1117.536	385.0	182.71956	55.120483	256.04645	-126.15953	8.4475	0.9805029	2.7736204	22.80478	-10.29784	-186.10959	0.15825045	0.002778863	0.1624253	0.15412483	-0.03563199	1.0118951	0.8009947	8.020552	3.501773e-07	224.04431	71.89857	316.5777	2.2961667	214.343	68.73638	296.31833	2.2961667	219.58582	46.279976	264.3747	-27.670372	5.2428246	54.315212	230.7069	-113.1196	38.1408	39.024464	230.7069	0.1430089	0.2466004	1.672347	23.07069	-2.9966538	2977.63	7412.2393	53225.67	0.020451546	57.716682	369.24176	5322.567	8.958608e-05
28	28999	1692.0021212100983	997.1074	255.34618	1356.773	789.2924	319.33334	704.75806	0.0	704.75806	704.75806	221.0	186.48355	55.24366	261.0177	-153.41437	7.5837626	1.015269	2.8295543	22.167463	-11.3282585	-189.86815	0.16201103	0.0016668366	0.16426688	0.15779912	0.028113559	1.0263952	0.8079106	6.7432213	6.556511e-07	218.32462	74.92062	286.72223	3.3437335	209.9922	73.58342	272.49942	3.3437335	181.19629	66.092316	234.48169	-67.4446	-28.795927	13.960941	27.854544	-75.864006	30.28877	10.329739	75.864006	0.4830531	-0.20067604	0.5107684	1.3351178	-7.5864005	1024.1133	598.0416	5755.347	0.2333403	8.028986	29.162659	575.5347	0.012600002
29	29999	1764.4719638824463	614.42	104.78117	697.85675	383.73077	193.83333	678.97516	0.0	678.97516	678.97516	218.0	190.11343	56.95308	263.08572	-147.2093	7.489269	0.96985716	2.7599702	23.277884	-9.431951	-193.46568	0.16106132	0.0031638888	0.16476414	0.15442945	-0.05554876	1.0139117	0.79114777	6.875613	2.9802322e-07	217.17427	73.8137	303.20193	4.011728	211.36577	74.26473	294.62155	4.011728	191.88214	59.052177	244.53726	23.551922	-19.483625	21.071905	53.088783	-62.30626	23.99411	15.745458	62.30626	0.017958136	-0.015152386	0.39156103	5.3088784	-0.42158222	823.6369	911.0215	3882.0698	0.00032249468	5.049981	14.865866	281.8419	1.9684044e-06
30	30999	1836.3921127319336	825.7226	54.040344	869.6984	749.60394	260.0	718.88934	0.0	718.88934	718.88934	221.0	190.88637	58.527184	262.61115	-133.83116	8.078357	0.99869066	2.857316	23.554348	-14.3462715	-194.16304	0.15598175	0.0011626605	0.15793154	0.15406449	-0.002394947	1.0340664	0.8189494	7.3768754	4.172325e-07	230.89705	78.60815	312.41916	2.7374792	219.79596	76.9554	302.22125	2.7374792	192.33563	59.97683	246.19397	-4.8907266	-27.460325	25.229853	57.643833	-71.01382	33.3245	16.73597	71.01382	0.031885225	-0.082883194	0.26349694	3.627389	-0.86569804	1390.615	1141.1274	5042.962	0.0010166676	6.3911114	7.462277	131.5795	9.814215e-06
31	31999	1909.07093501091	926.45544	186.54588	1205.5493	701.69525	289.25	828.826	0.0	828.826	828.826	263.0	192.97401	58.524014	270.37274	-117.709045	7.8696117	1.0073154	2.857331	25.28825	-10.958288	-196.21715	0.1527026	0.0013318883	0.15564498	0.15087897	0.013735793	1.0207937	0.8145744	7.329221	2.9802322e-07	239.75021	77.909134	313.11188	2.3971636	227.92957	77.72951	301.49002	2.3971636	210.01828	60.996742	256.3539	-3.7966404	-17.911282	30.469872	76.43273	-58.555737	29.99032	18.703156	76.43273	0.03863801	-0.04961929	0.2124125	0.82412934	-1.1517762	1249.2272	1093.2708	5841.9624	0.0014928958	6.162324	8.244537	58.29044	8.474345e-06
32	32999	1981.0798811912537	1570.1914	720.9267	2291.1182	849.2647	477.0	640.2935	0.0	640.2935	640.2935	200.0	198.6908	59.296722	275.72855	-126.40726	7.164615	0.96397007	2.8011742	23.471325	-10.92898	-201.91742	0.15256317	0.0021958482	0.15573125	0.14762224	-0.06791213	1.0082617	0.7984134	6.8107367	7.1525574e-07	224.33409	77.83371	311.93225	3.4583845	219.0294	77.126205	303.03586	3.4583845	192.86993	64.37555	253.37823	-17.731327	-26.159477	18.001772	26.003828	-64.7127	27.819256	15.312449	64.7127	0.036591962	-0.091259025	0.23645921	2.4460506	-2.2587798	1008.3821	909.4053	4187.7334	0.0013389718	4.5560346	5.0485325	59.831642	1.30636445e-05
33	33999	2052.8776471614838	870.50934	209.62267	1209.7908	694.8533	267.25	2726.0984	0.0	2726.0984	2726.0984	1000.0	198.04008	61.866714	276.63522	-102.056175	7.306525	0.99407566	2.7757685	28.766684	-10.610022	-201.21425	0.14692077	0.001229124	0.14913194	0.14450067	-0.011262983	0.9914895	0.7929132	8.49832	2.3543835e-06	305.39273	28.925915	334.5026	151.01515	296.54678	28.437904	323.89676	130.92638	245.33714	19.712208	264.7774	125.60835	-51.209637	12.711576	-2.1048713	-72.983055	51.209637	12.711576	72.983055	2.1048713	-0.17040731	0.03430072	-0.015297136	-0.23567623	2784.011	1174.6301	5326.526	4.4304833	9.151648	3.5099	17.20037	0.032198504
34	34999	2125.425997018814	1298.5348	340.63083	1639.1656	957.904	424.0	920.6758	0.0	920.6758	920.6758	282.0	198.41219	59.660854	272.8335	-100.792046	6.6223974	0.9814196	2.756481	27.661573	-9.332785	-201.4473	0.14312258	0.00085248577	0.14638913	0.14203466	-0.035891697	0.9994525	0.7924757	9.410944	1.8775463e-06	258.71817	69.64588	321.13507	3.1134138	253.28671	71.651985	319.84882	3.1134138	215.72554	55.05612	260.59564	6.45013	-37.561188	19.816978	32.268387	-88.64738	38.823788	17.212465	88.64738	0.011504019	-0.12106446	0.19675083	3.2268388	-0.86683464	1803.5554	1258.8341	7858.358	0.00013234244	6.6970744	6.1709948	104.124886	2.646399e-06
35	35999	2197.4140412807465	878.1632	105.06294	1056.7594	788.21	262.0	645.1278	0.0	645.1278	645.1278	213.0	200.52611	59.74259	265.53912	-92.05632	6.002054	1.0302184	2.7943914	26.460196	-12.543896	-203.51416	0.14506134	0.002370289	0.14893915	0.14177687	0.058303628	1.0258213	0.80400014	9.411066	1.0728836e-06	200.55624	75.425156	284.49112	2.4239645	195.53375	74.5296	274.2101	2.4239645	201.71341	55.008396	253.9194	24.66761	6.179651	25.367485	97.30377	-31.2979	19.297745	17.58677	97.30377	0.003676032	0.2959669	1.0785105	8.03878	-0.11446967	681.6973	1299.6265	9468.024	1.351321e-05	20.110987	80.17985	654.36597	5.5596928e-08
36	36999	2271.0132212638855	891.283	54.37994	966.73627	840.6772	277.33334	1217.8395	0.0	1217.8395	1217.8395	357.0	201.88776	59.903996	267.62976	-95.893364	5.417034	0.998042	2.7405005	24.768969	-11.492258	-204.84912	0.14809227	0.00048511397	0.14898373	0.14688154	-0.003656619	1.0242472	0.7975462	8.923055	1.5497208e-06	306.13126	37.399475	334.35474	111.6395	300.77255	39.117565	330.55344	93.16281	247.192	21.201483	270.09637	113.69539	-53.580544	21.344566	20.532578	-86.45772	54.704777	18.27164	86.45772	0.018577045	-0.16933346	0.07288717	0.22039455	-0.2736674	3326.4653	1524.4486	7474.937	0.0003451066	10.59719	4.559114	23.660658	1.4488957e-06
37	37999	2342.2294561862946	1570.9423	601.96857	2172.911	968.9737	481.5	1473.419	0.0	1473.419	1473.419	454.0	202.94965	60.907154	272.55847	-89.31518	5.3203144	0.9944156	2.7351334	23.305294	-11.299555	-205.8281	0.14749062	0.0006470962	0.14886808	0.14635387	-0.010614575	1.0173367	0.79688776	8.465895	3.5762787e-07	274.99365	61.889973	324.12976	2.539446	272.0396	62.67325	322.4624	2.539446	237.70976	44.75869	268.21503	-1.7203909	-34.32986	28.667946	60.512577	-68.21272	41.430344	16.84984	68.21272	0.16422203	-0.11282965	0.13209414	0.5136118	-0.89699996	2000.3905	1171.6276	4652.9756	0.026968878	7.111345	4.0092864	26.589003	0.00012300257
38	38999	2414.774486064911	1269.1183	402.56796	1836.4717	944.5267	392.0	606.6139	0.0	606.6139	606.6139	214.0	206.77396	61.42233	278.16348	-86.89945	5.2999434	0.9786588	2.74216	21.240938	-13.057184	-209.6455	0.14672956	0.0014705254	0.14818431	0.14243263	-0.041167095	1.0116755	0.79730386	7.1949205	3.0398369e-06	173.47057	71.17097	256.6746	2.7193704	171.46024	71.80963	254.41063	2.7193704	217.80826	50.965336	263.05658	-83.36609	46.348007	47.893623	234.60281	-92.15817	48.067005	46.168175	234.60281	0.07179185	0.71724164	1.9445773	23.460281	-9.215817	4441.9375	8218.47	55038.477	0.0051540695	91.22418	369.39246	5503.8477	2.0343756e-05
39	39999	2487.768325328827	1080.9335	396.46082	1609.3298	654.3477	344.66666	1051.4929	0.0	1051.4929	1051.4929	329.0	209.73117	61.65113	281.84674	-93.90315	5.6092663	0.9887851	2.7930598	21.90145	-10.204596	-212.58466	0.1416664	0.00096772466	0.14331055	0.13971138	-0.021898728	1.0082681	0.801139	8.107915	2.4735928e-06	246.00714	76.433655	310.4661	3.4045796	244.72255	77.009895	309.1882	3.4045796	222.93857	57.91268	273.5027	9.149481	-21.783981	22.392633	50.704506	-47.236946	28.257036	13.323352	50.704506	0.083182335	-0.03418228	0.2120905	1.763259	-0.15732406	975.9718	657.06854	2570.9468	0.006919301	4.1917944	3.6970284	31.090826	4.158765e-05
40	40999	2560.419365644455	1136.2799	78.15173	1214.4316	1058.1282	343.0	2851.2058	0.0	2851.2058	2851.2058	1000.0	209.83438	61.965767	280.80154	-83.69608	6.1488037	0.9955561	2.7981706	24.181454	-11.051531	-212.57018	0.14070585	0.0009274931	0.14241847	0.13875091	-0.008683796	1.0136359	0.80400735	7.5458546	3.33786e-06	282.65457	55.10848	340.80664	4.312041	284.69983	56.600327	339.93716	4.312041	254.256	17.257154	274.937	146.26134	-30.443836	43.003647	155.73586	-79.50513	46.54396	24.694145	155.73586	0.33107358	0.01997096	0.9719711	14.580386	-0.24009469	2776.1414	3194.1917	24253.658	0.109609716	24.73535	136.31859	2125.8767	0.0004457401
41	41999	2632.6136660575867	2124.3179	303.9361	2428.254	1820.3817	713.0	2630.889	0.0	2630.889	2630.889	797.0	210.41591	63.36782	281.70474	-93.17765	5.800816	1.0145987	2.7524705	21.718388	-15.608552	-213.16608	0.14154285	0.0014613436	0.14338674	0.13897507	0.028694142	0.99659055	0.79475754	6.7262807	7.599592e-07	269.51694	65.07651	335.08493	3.4955947	265.29248	63.92776	326.4303	3.4955947	238.18066	49.92038	277.35175	-10.047047	-27.111828	21.837692	56.60282	-61.172253	31.026295	15.789395	61.172253	0.014703914	-0.08593752	0.13556781	1.6469412	-1.709001	1211.9362	933.27844	3742.0444	0.00021620508	4.3231797	3.3672454	29.206842	4.343585e-06
42	42999	2705.1615788936615	3096.1345	0.0	3096.1345	3096.1345	1000.0	3183.1472	0.0	3183.1472	3183.1472	1000.0	211.38165	63.344032	280.67065	-80.8494	7.0890927	1.0334157	2.7542284	23.98573	-11.963957	-214.16032	0.1460718	0.0028919745	0.15055323	0.14217716	0.06438701	0.9960782	0.79354966	6.5238338	1.6987324e-06	322.20273	17.593517	344.7786	249.29852	323.0913	15.814413	340.7717	260.17294	261.92822	9.252823	276.06598	221.00926	-61.16313	8.686349	-37.658276	-76.18676	61.16313	8.686349	76.18676	37.658276	-0.18854612	0.020103836	-0.14057764	-0.2308515	3816.3813	1006.86707	5804.4224	1418.1456	11.703815	2.7635238	17.576382	5.3247967
43	43999	2777.830955028534	934.17755	0.0	934.17755	934.17755	283.0	3139.931	0.0	3139.931	3139.931	1000.0	213.93715	62.977684	282.5652	-73.31387	6.3701982	0.98325187	2.7806485	24.181877	-12.515963	-216.65628	0.14722139	0.001581993	0.14984801	0.14499006	-0.031960785	0.9899702	0.79747593	6.8996663	1.9669533e-06	319.51312	16.442171	339.4579	250.1024	319.77292	14.186043	335.94522	259.337	266.29742	10.396388	279.2473	221.66415	-53.475506	6.3195	-35.461296	-68.17993	53.475506	6.3195	68.17993	35.461296	-0.16687953	0.015274052	-0.1331778	-0.21172282	2899.5657	666.72266	4648.503	1257.5037	9.01631	1.8604618	14.289045	4.816294
44	44999	2852.58136677742	1606.5616	529.34344	2354.6492	1208.4226	506.66666	3081.5354	0.0	3081.5354	3081.5354	1000.0	216.01175	63.27683	284.94418	-89.53791	6.9336348	0.99871486	2.7808354	29.45265	-9.916302	-218.70064	0.14704476	0.00074722	0.14838548	0.1455835	-0.002412757	0.9957634	0.79995	6.6340103	1.3709068e-06	311.1597	16.548046	338.2545	245.17464	314.1613	14.849255	336.04254	256.4936	264.7862	10.444394	290.65863	224.75923	-49.375103	7.924954	-26.42395	-80.03519	49.375103	7.924954	80.03519	26.42395	-0.15660301	0.020554686	-0.088135354	-0.2389703	2500.7058	773.93414	6405.631	698.22516	7.891259	2.2305536	19.126032	2.3288841
45	45999	2926.5470016002655	1308.0049	32.66028	1340.6652	1275.3446	403.5	3105.7727	0.0	3105.7727	3105.7727	1000.0	216.03519	63.223026	289.3527	-89.94588	6.2601953	0.97328764	2.8243177	25.859741	-12.731886	-218.70862	0.14138703	0.0018565473	0.14566477	0.13899048	-0.051957864	0.98808974	0.80351967	7.5514007	5.9604645e-08	300.4203	52.87949	340.14026	4.138267	300.1525	53.685608	335.9597	4.138267	253.10414	44.44131	282.29047	-10.1523	-47.04835	10.337446	-0.2794461	-61.85876	47.04835	10.337446	61.85876	0.2794461	-0.16005738	0.07690796	-0.0201462	-1.9949435	2320.41	767.23474	3826.5063	0.078090124	7.5162716	2.2472389	39.797997	0.0078090127
46	46999	2999.982881307602	3112.2063	0.0	3112.2063	3112.2063	951.0	2011.8168	0.0	2011.8168	2011.8168	596.0	217.81801	63.227093	289.48593	-77.172264	5.823981	0.97542596	2.7678406	24.294558	-11.394302	-220.3918	0.13788968	0.0015014063	0.13972351	0.13437852	-0.048789755	0.97936136	0.7955032	7.3561726	3.7550926e-06	291.27136	58.61213	344.88165	3.9722643	290.58817	61.330544	344.0021	3.9722643	252.24266	38.887634	285.9176	44.40378	-38.345505	26.142952	63.85112	-72.90878	43.72642	15.550929	72.90878	0.5111263	-0.07970082	0.35085055	5.122754	-0.21870515	2153.8313	1300.0929	5315.691	0.26125008	8.835703	15.518546	262.42612	0.001066672
47	47999	3073.8006885051727	2428.4016	0.0	2428.4016	2428.4016	731.0	3058.5115	0.0	3058.5115	3058.5115	1000.0	220.48373	63.363693	294.2861	-73.98002	5.525618	0.9878132	2.7806404	22.675175	-12.562951	-222.97758	0.1335649	0.0007203476	0.13459404	0.13187248	-0.024521658	0.983051	0.7979058	7.024453	1.1920929e-06	296.6919	51.18866	339.289	12.556993	298.20135	53.841526	337.5852	10.109379	257.5723	44.401985	287.59912	-8.536779	-40.629086	12.99784	-0.92888	-60.12027	40.629086	12.99784	60.12027	0.92888	-0.13958955	0.079676114	-0.0047213496	-1.8444415	1819.666	956.9639	3614.4468	0.86281794	5.8822165	2.8744626	34.39175	0.0043855673
48	48999	3146.924047231674	2633.2383	385.76184	3019.0	2247.4763	802.0	2126.068	0.0	2126.068	2126.068	634.0	222.42989	64.805595	301.5152	-64.07806	5.7876706	1.0148177	2.7745826	22.577944	-10.004055	-224.92383	0.13341112	0.001092416	0.13520382	0.13154916	0.029912746	0.985961	0.7975081	7.434594	4.4703484e-07	255.87993	70.40339	331.6891	3.9344168	253.9491	72.092	330.738	3.9344168	247.491	45.594307	288.64462	13.390608	-6.458085	42.102833	150.69205	-50.95577	34.862686	24.473425	150.69205	0.16772117	0.13665812	1.0592215	15.069205	-0.28591254	1814.3553	3100.6687	22708.094	0.028130392	25.457388	143.11017	2270.8093	9.98177e-05
49	49999	3221.9200489521027	1582.1292	48.24878	1630.3779	1533.8804	481.5	1244.014	0.0	1244.014	1244.014	379.0	223.86514	65.939	300.57852	-64.820335	5.721166	1.0124929	2.731521	23.518925	-11.025526	-226.37596	0.13742319	0.001284796	0.13910104	0.13458915	0.024974518	0.9897233	0.79708856	7.3591046	7.4505806e-07	311.225	18.541986	336.2429	246.64505	308.72137	16.148193	331.16583	255.37463	274.3479	12.893982	294.34357	227.92853	-34.373497	8.372205	-0.7841339	-50.485363	34.373497	8.372205	50.485363	0.7841339	-0.11075638	0.025019394	-0.0027497285	-0.15966253	1251.631	508.74728	2548.7717	0.61486596	4.0124407	1.5572606	8.06062	0.0021561554
50	50999	3294.1246087551117	1668.2854	350.05786	2018.3433	1318.2275	495.0	1498.5564	0.0	1498.5564	1498.5564	445.0	225.50261	66.360855	298.89725	-95.491165	5.739793	1.0156119	2.7710955	24.188547	-10.035902	-227.98805	0.1396633	0.0008316661	0.1412458	0.13770474	0.030828882	1.0029161	0.8056719	7.0318375	2.9802322e-07	294.85565	70.2014	350.45514	4.738913	285.10657	68.29139	337.23315	4.738913	242.32428	60.566704	294.7068	-8.878904	-42.782253	14.6189	19.149193	-77.93346	43.015743	13.916862	77.93346	0.0952841	-0.15170452	0.14685687	1.9149191	-1.7344004	2044.0332	1244.9664	6073.624	0.00907906	7.18815	4.4565773	36.669155	0.00012503745
51	51999	3365.9444851875305	1803.3789	124.59491	1927.9738	1678.7839	533.0	1357.934	0.0	1357.934	1357.934	405.0	227.52623	66.78367	298.71155	-85.630646	5.774049	1.0167104	2.7680469	26.188614	-10.06964	-230.03125	0.14313024	0.0015205005	0.14530641	0.14077678	0.032573964	1.0106215	0.80534047	8.51935	4.8428774e-07	312.94702	29.770725	340.31586	158.99138	310.1725	30.353136	336.5311	151.1638	267.22125	27.137138	294.72906	117.26192	-42.95125	5.9952283	-21.751373	-58.7013	42.95125	5.9952283	58.7013	21.751373	-0.13875028	0.01757683	-0.080946095	-0.26389232	1880.7523	484.3433	3445.843	473.12222	6.030442	1.4645633	12.924129	1.9765537
52	52999	3439.1721181869507	1039.4319	769.96814	1969.5225	84.00408	316.33334	3137.759	0.0	3137.759	3137.759	1000.0	229.87177	67.05106	305.68842	-113.676025	6.3796077	0.9976551	2.7557318	22.2397	-9.799413	-232.36131	0.14370944	0.00043550887	0.14486144	0.14277843	-0.004469277	0.99510366	0.80031824	8.658455	3.874302e-07	321.84042	18.88682	348.71146	245.43674	325.85382	16.681517	346.5172	258.05737	280.84747	12.963097	299.37402	231.16455	-45.00633	8.037896	-25.926014	-67.70383	45.00633	8.037896	67.70383	25.926014	-0.1376199	0.020727739	-0.092061915	-0.20488721	2090.1775	766.91394	4583.808	672.15826	6.3562083	2.1753812	13.871649	2.5740123
53	53999	3511.7875669002533	3172.6296	0.0	3172.6296	3172.6296	1000.0	1160.1199	0.0	1160.1199	1160.1199	347.0	230.91147	67.356186	304.63184	-116.41471	6.8095527	1.0010271	2.7598207	23.532148	-9.44224	-233.39192	0.14412689	0.00075494096	0.14583303	0.14278841	0.0020577116	0.9852742	0.79985553	10.380203	6.183982e-07	266.52032	70.561905	339.2619	5.071621	258.98978	71.56472	331.54138	5.071621	246.2974	55.236763	296.97955	21.114899	-12.692371	22.944708	83.48547	-50.12992	22.587683	13.317375	83.48547	0.09917196	0.010024446	0.39936644	6.781324	-0.3072422	687.5559	713.212	6969.8237	0.009835077	4.7254276	26.068384	531.9522	3.4769848e-05
54	54999	3585.1400051116943	1004.3132	109.81747	1159.1997	916.9994	304.0	3288.8281	0.0	3288.8281	3288.8281	1000.0	231.57826	67.75015	303.1279	-83.34913	6.1541867	0.99857944	2.7323384	25.429998	-11.579909	-234.00006	0.14507182	0.0003824171	0.14591463	0.14423378	-0.0027006827	0.97535545	0.7967954	7.685048	1.7136335e-06	315.15826	48.416035	352.8096	64.01497	309.8023	52.120373	351.84573	56.494244	270.57297	37.148006	302.09357	78.55875	-39.229366	18.679739	22.064503	-67.42186	40.17988	16.536425	67.42186	0.0044425377	-0.117160924	0.063618265	0.390562	-0.19367814	1887.876	1123.7617	4545.7065	1.973614e-05	5.728187	3.2007716	13.025932	9.3732616e-08
55	55999	3658.5956399440765	1717.5872	760.9662	2478.5532	956.621	530.5	3160.43	0.0	3160.43	3160.43	1000.0	230.918	68.49305	306.44766	-68.96488	6.478263	0.9861144	2.7300003	26.150967	-12.247734	-233.24892	0.14438489	0.0017333108	0.1466774	0.14084506	-0.0269539	0.9728929	0.79819524	8.067197	2.413988e-06	302.7382	55.457775	345.23767	5.124044	302.67264	57.475613	345.32745	5.124044	267.3681	40.115185	296.43503	32.985725	-35.30458	20.605415	38.464787	-66.71534	37.50393	16.261984	66.71534	0.04067754	-0.09020012	0.19950609	3.0012	-0.19441612	1670.997	1095.1545	4450.936	0.0016546622	5.6136303	6.1273885	99.81173	7.1162153e-06
56	56999	3732.105046272278	1334.9818	0.0	1334.9818	1334.9818	403.0	3149.7534	0.0	3149.7534	3149.7534	1000.0	232.13985	67.31642	298.74796	-77.731064	5.950796	0.95466447	2.7416644	24.123722	-11.795955	-234.47615	0.13694233	0.0033031427	0.14124644	0.13133512	-0.090266354	0.96632993	0.7945166	7.651631	3.3974648e-06	313.1105	23.791092	344.22626	198.58911	310.50745	25.408466	335.11154	180.25377	269.05643	23.554281	291.74426	149.0779	-41.451	7.7538266	-22.336401	-66.178215	41.451	7.7538266	66.178215	22.336401	-0.13363825	0.024297588	-0.098545015	-0.2462821	1778.3071	678.0926	4379.5566	498.91486	5.7070813	2.196436	16.298512	2.620435
57	57999	3805.3768434524536	1674.1537	916.9295	2965.6985	928.0139	504.33334	1713.4585	0.0	1713.4585	1713.4585	520.0	233.1869	67.22256	300.38724	-60.40375	5.4683976	0.986792	2.7661254	24.718138	-12.256214	-235.44131	0.13039646	0.0007671392	0.13184474	0.12905362	-0.026840536	0.96542096	0.7985841	7.972727	3.1292439e-06	299.45145	40.66941	339.0887	84.29832	301.8013	44.859646	340.03183	64.576294	269.33124	39.15381	294.38727	32.14624	-32.470074	14.079283	19.967373	-56.354675	33.527153	11.334105	56.354675	0.21947208	-0.10835256	0.05737775	0.09312118	-0.5021975	1252.5319	685.072	3175.849	0.048167996	4.128871	2.2141957	16.28629	0.00017290078
58	58999	3878.767495393753	1196.0918	54.953835	1273.808	1157.0571	350.33334	3252.9312	0.0	3252.9312	3252.9312	1000.0	233.40942	68.11983	301.1236	-82.70658	4.8176703	0.9955287	2.7321942	26.093117	-12.711531	-235.63998	0.12766257	0.00056469854	0.1290338	0.12670858	-0.009108139	0.9676525	0.79663324	7.618566	2.682209e-07	312.21432	52.276974	355.3887	5.7849007	310.1118	53.640347	347.4845	5.7849007	270.79633	38.841194	296.32556	29.310051	-39.315475	18.896484	40.215004	-67.40461	40.76811	15.515962	67.40461	0.060472354	-0.10557596	0.1649418	2.4582078	-0.22033715	1902.7838	1087.5062	4543.3813	0.0036569056	6.1759663	4.673892	63.445698	1.5258483e-05
59	59999	3951.295749425888	1144.443	0.0	1144.443	1144.443	342.0	2000.8335	0.0	2000.8335	2000.8335	574.0	234.71313	68.20569	303.64163	-71.87868	4.7257004	1.0074103	2.7280953	24.897652	-12.048771	-236.9044	0.12877448	0.0007306999	0.13065442	0.1275732	0.015243585	0.97360647	0.79514974	7.8064075	2.3841858e-07	286.1459	73.19346	347.942	3.3993084	283.5598	73.04169	344.5034	3.3993084	253.19379	63.944485	300.96655	5.5310354	-30.366045	11.872521	4.454662	-50.53962	30.42494	11.72077	50.53962	0.036469392	-0.10334502	0.04180371	0.3191606	-0.19511478	1063.0535	698.246	2554.253	0.0013300166	3.4575973	1.8891907	7.4600873	0.00012620327
60	60999	4023.8043365478516	2354.024	898.3036	3252.3274	1455.7202	706.0	1079.5103	0.0	1079.5103	1079.5103	316.0	236.29619	68.47187	305.85974	-81.55274	4.71141	0.9990272	2.7073565	24.227299	-11.302671	-238.47337	0.12887698	0.0004451702	0.12976201	0.1278425	-0.001912642	0.96906227	0.78756726	6.8163643	2.682209e-07	259.8226	77.170166	343.22427	3.4783537	255.14772	77.64375	342.38763	3.4783537	245.47443	64.54259	295.01086	-11.786203	-9.673297	25.793356	45.080574	-62.27936	21.224194	17.56142	62.27936	0.016987871	-0.004110324	0.18702152	2.1625419	-1.6271679	758.86993	970.98157	3878.719	0.0002885878	3.0045238	4.232285	46.765873	1.1505109e-06
61	61999	4096.999189376831	3089.5547	0.0	3089.5547	3089.5547	898.0	3252.2644	0.0	3252.2644	3252.2644	1000.0	237.76588	68.590385	307.79678	-89.41095	4.8024774	0.99658704	2.7409425	25.954664	-9.789068	-239.95477	0.12964565	0.0003411733	0.13059628	0.12867197	-0.0069449483	0.9714287	0.7909661	7.7636404	2.3841858e-07	306.58493	44.42356	345.92282	85.95813	302.93005	44.97378	344.60242	80.65782	268.99207	36.722855	298.68304	73.641945	-33.937992	11.235435	5.9471416	-54.587242	33.978096	11.113559	54.587242	1.6375842	-0.10930119	0.029041361	0.057332642	-0.16374664	1278.0219	705.74066	2979.7668	2.6816819	4.0197906	1.9957238	8.869889	0.025112253
62	62999	4170.462728977203	2079.6604	1117.8878	3197.5483	961.77264	645.0	3230.693	0.0	3230.693	3230.693	1000.0	239.92723	68.09278	308.58136	-86.92742	4.729218	0.9777001	2.7099092	28.609968	-10.680931	-242.10524	0.12624612	0.0012208694	0.1289093	0.12430424	-0.046053726	0.9620608	0.7882329	7.5065794	1.8328428e-06	322.57483	24.109505	352.431	221.90616	321.54202	23.85783	349.27777	213.62338	275.18155	21.522587	302.7771	177.85149	-46.360504	12.108622	-26.781925	-86.17869	46.360504	12.108622	86.17869	26.781925	-0.14377135	0.03494596	-0.08636909	-0.28553477	2295.9153	1291.1786	7426.7666	717.2715	7.0694876	3.9030113	24.607014	2.3131304
63	63999	4244.947333574295	1724.088	0.0	1724.088	1724.088	515.0	3175.353	0.0	3175.353	3175.353	1000.0	241.19864	68.44656	311.84363	-98.56473	4.4924407	0.98733306	2.719063	26.578192	-10.074923	-243.3569	0.123152494	0.0012111984	0.12494464	0.121213526	-0.026493976	0.9669276	0.7929957	7.385758	2.9802322e-07	323.8554	20.340618	346.32114	245.6317	328.72345	19.001604	347.3169	257.416	291.1872	14.41798	308.63608	235.96878	-37.536243	5.6957436	-20.597668	-48.534767	37.536243	5.6957436	48.534767	20.597668	-0.1136604	0.012752502	-0.07541705	-0.1428825	1441.4111	397.17926	2355.6238	424.26395	4.336968	1.057228	6.934769	1.5534153
64	64999	4318.846472024918	3235.9656	0.0	3235.9656	3235.9656	1000.0	3302.4968	0.0	3302.4968	3302.4968	1000.0	241.85292	68.98679	314.023	-94.982185	4.382368	1.0053027	2.7309132	26.555586	-12.242198	-243.99669	0.12169075	0.0005802484	0.122825064	0.120643325	0.011208237	0.9771984	0.7984856	8.198553	1.6391277e-06	308.15366	59.239964	359.9242	3.8780556	301.90085	57.35607	355.90506	3.8780556	264.0326	49.815937	302.33105	7.9104176	-37.868244	13.712291	4.032362	-75.84469	37.87804	13.685216	75.84469	1.0845739	-0.1253465	0.039591707	0.4032362	-0.28756416	1622.0309	1223.16	5752.4165	1.1763004	5.1104198	3.2972322	16.57918	0.10679331
65	65999	4393.237411975861	2125.3003	1081.9608	3207.261	1043.3395	651.5	3284.7302	0.0	3284.7302	3284.7302	1000.0	243.97931	69.16969	316.43762	-91.73737	4.354509	1.0022918	2.7319708	26.219578	-12.78472	-246.05167	0.12319926	0.0006701635	0.12457411	0.12234934	0.0048613986	0.97432643	0.7975886	7.786236	1.013279e-06	326.61606	18.450823	342.9397	251.53902	330.30554	16.936285	346.5948	261.94144	295.70187	14.526111	309.48972	237.08066	-34.603653	3.2961156	-24.230532	-43.199654	34.603653	3.2961156	43.199654	24.230532	-0.10463145	0.006753107	-0.09035368	-0.12606782	1208.2773	222.38449	1866.2102	587.11865	3.640141	0.55900997	5.446086	2.2029247
66	66999	4467.940979719162	3239.2476	0.0	3239.2476	3239.2476	1000.0	3222.249	0.0	3222.249	3222.249	1000.0	246.02765	69.19672	316.96713	-97.534454	4.187226	0.9885738	2.730701	24.601217	-10.22201	-248.07883	0.122415505	0.0007025975	0.123655595	0.12117123	-0.023966052	0.9673126	0.79366773	8.086157	2.4735928e-06	289.5212	64.58603	341.7329	4.730359	288.54117	65.76422	346.61853	4.730359	262.51965	59.239414	305.74152	15.927178	-26.021507	13.925891	20.355177	-48.101215	27.23572	11.369469	48.101215	0.05793273	-0.08620878	0.07042394	1.119682	-0.20794526	871.04913	592.014	2313.7268	0.0033562013	2.9145403	1.8351599	12.536876	3.2405365e-05
67	67999	4542.705429077148	1793.233	603.745	2396.978	1189.488	522.0	3227.1055	0.0	3227.1055	3227.1055	1000.0	246.99884	69.95657	317.6769	-106.66796	4.2378106	0.9803784	2.767494	23.462864	-10.781849	-249.07591	0.11912564	0.0009181422	0.12116181	0.1173488	-0.04165078	0.9748383	0.7988573	7.8211365	5.364418e-06	324.4812	19.22836	344.5276	249.70471	327.20422	17.382315	344.27145	261.50766	296.29813	14.433406	312.44965	238.7727	-30.90609	3.701275	-21.554472	-38.511257	30.90609	3.701275	38.511257	21.554472	-0.09420093	0.0077819354	-0.0762715	-0.11509464	968.8858	220.60565	1483.1168	464.59525	2.938645	0.572567	4.432439	1.6555682
68	68999	4617.272555589676	2242.1152	1039.3203	3281.4355	1202.795	676.5	3265.4119	0.0	3265.4119	3265.4119	1000.0	247.93878	70.01109	318.4502	-123.55614	4.3282824	0.9855794	2.7857866	25.87946	-10.549659	-249.94585	0.11629547	0.0007906818	0.11777455	0.11479071	-0.03099889	0.9771259	0.800339	8.886553	3.0249357e-06	327.33875	20.606396	347.34784	250.70758	330.65024	19.373547	348.57748	260.86078	295.94415	14.309757	311.74255	238.59009	-34.706047	6.502807	-20.755194	-49.75955	34.706047	6.502807	49.75955	20.755194	-0.10429808	0.015299528	-0.071282685	-0.14928654	1246.7961	432.9955	2476.0127	430.7781	3.7177937	1.1767428	7.4284306	1.5616966
69	69999	4691.407832622528	3217.8145	0.0	3217.8145	3217.8145	1000.0	3271.8062	0.0	3271.8062	3271.8062	1000.0	248.84454	69.74383	318.01785	-65.39755	4.002309	0.99943906	2.8155782	26.296257	-11.80101	-250.83398	0.114644505	0.0003998301	0.11533784	0.11387031	-0.0011560202	0.9790665	0.802206	8.140812	1.5199184e-06	329.40417	20.150486	350.67123	252.54013	333.24063	19.639494	353.05313	260.473	298.23856	15.386136	319.7367	239.2577	-35.002094	5.795615	-20.703295	-59.97455	35.002094	5.795615	59.97455	20.703295	-0.104530744	0.013353568	-0.07453294	-0.1776246	1258.736	391.88083	3596.9463	428.6264	3.7340312	1.0537325	10.652955	1.6173102
70	70999	4765.816468238831	3242.0254	0.0	3242.0254	3242.0254	1000.0	3242.7893	0.0	3242.7893	3242.7893	1000.0	250.79916	69.20964	318.7807	-87.921776	4.10455	1.0187004	2.8060954	28.508692	-10.525509	-252.81114	0.11497985	0.0010486739	0.117938995	0.11382999	0.04028134	0.9741023	0.7975844	7.603114	3.2782555e-06	326.97818	19.155516	345.42224	252.21999	331.66245	18.783289	348.7301	261.9354	299.6278	15.5079	321.07703	239.07764	-32.0346	4.1693783	-21.574469	-43.92504	32.0346	4.1693783	43.92504	21.574469	-0.096279286	0.008858998	-0.07563327	-0.13199277	1043.599	255.04974	1929.4092	465.45767	3.1193938	0.66410875	5.7977877	1.6631768
71	71999	4841.08984875679	3257.5146	0.0	3257.5146	3257.5146	1000.0	3233.5369	0.0	3233.5369	3233.5369	1000.0	252.76218	68.33868	317.95612	-92.464195	4.7278795	1.006632	2.8086038	27.235418	-10.923173	-254.81354	0.11862525	0.00047030943	0.119460106	0.11778812	0.014208358	0.9717126	0.8016395	7.3205576	1.4901161e-06	314.93896	53.67024	354.98615	5.2837443	313.94238	54.842087	357.8642	5.2837443	277.33002	50.844543	314.24927	-20.0834	-36.61237	10.870307	1.4154223	-60.576763	36.61612	10.857684	60.576763	0.54351264	-0.1294808	0.15159756	0.011123387	-2.5367146	1458.6293	789.8832	3669.5442	0.29540595	4.963376	4.9466777	67.10132	0.002591341
72	72999	4915.643249988556	938.58484	0.0	938.58484	938.58484	281.0	3241.9375	0.0	3241.9375	3241.9375	1000.0	253.50168	67.90251	318.19116	-82.773994	4.4354444	1.0087367	2.8074186	27.698566	-10.364654	-255.5514	0.12190033	0.0010262945	0.12355148	0.11920805	0.018586036	0.9793121	0.80637765	7.5063963	5.364418e-06	329.22256	18.911339	352.20975	254.34953	334.22073	17.957935	353.87137	266.9436	297.40512	14.849838	313.6148	240.06274	-36.81561	5.581773	-26.12505	-53.685707	36.81561	5.581773	53.685707	26.12505	-0.10985314	0.013330367	-0.0901616	-0.15568414	1386.5454	441.3155	2882.1553	682.5182	4.115525	1.1938025	8.358013	2.4520092
73	73999	4990.593337774277	3224.7559	0.0	3224.7559	3224.7559	1000.0	3247.864	0.0	3247.864	3247.864	1000.0	254.0828	67.72076	318.33414	-96.92837	4.0618825	0.9771214	2.7693572	26.357801	-11.408655	-256.0506	0.118545465	0.0010010069	0.12105763	0.11703846	-0.04867431	0.9717116	0.8017773	7.0996485	4.7683716e-07	306.4415	52.87572	342.15564	4.3172197	306.94623	55.66181	344.85165	4.3172197	281.3264	47.36328	311.51874	10.590261	-25.619833	10.667815	25.163101	-37.922947	26.176231	9.218616	37.922947	0.004736711	-0.07587159	0.055253487	0.6650354	-0.113815874	770.178	411.20816	1438.15	2.2436428e-05	2.4008105	1.1704404	5.9212637	1.2517741e-07
74	74999	5066.414664983749	1894.4779	941.3759	3216.502	1097.5537	567.3333	3178.4563	0.0	3178.4563	3178.4563	1000.0	255.45245	67.82126	319.60468	-84.56469	3.9481497	0.96801263	2.7853167	24.965536	-10.573924	-257.4422	0.11359407	0.002210852	0.117008574	0.11092429	-0.06942108	0.9761793	0.80115277	7.2644672	0.0	318.85834	18.26564	340.91418	252.30096	321.26697	20.228474	344.5656	234.79408	294.88208	14.556364	314.27753	240.45685	-26.384888	9.368504	29.333752	-35.630444	27.397655	5.77058	35.630444	0.9825363	-0.08086678	0.030532513	0.12396942	-0.106596425	783.93115	246.00793	1269.5284	0.96537757	2.415943	0.71704894	3.7877495	0.003310006
75	75999	5140.535576343536	972.8204	0.0	972.8204	972.8204	327.0	3227.6624	0.0	3227.6624	3227.6624	1000.0	255.88402	68.353645	320.16278	-73.182846	4.658672	1.0169611	2.7560873	26.683744	-12.028374	-257.82806	0.11192729	0.0013484553	0.1143183	0.11004659	0.037110716	0.97228265	0.801132	7.3027124	1.9073486e-06	302.62408	68.912254	380.3964	4.3444796	297.85248	69.52682	381.55542	4.3444796	274.15103	54.822426	319.4381	-20.771751	-23.701471	25.50022	42.73741	-87.54755	27.416203	21.456295	87.54755	0.1322194	-0.060084675	0.20047699	3.3651316	-2.5463545	1212.0209	1836.9932	7664.5728	0.017481972	3.9981349	7.504782	126.75674	5.810392e-05
76	76999	5213.100833415985	3263.9915	0.0	3263.9915	3263.9915	1000.0	953.28656	0.0	953.28656	953.28656	287.0	257.75476	67.78917	321.18344	-77.63577	4.6455173	1.0022906	2.7516248	24.399015	-11.328546	-259.67606	0.1149012	0.00050290267	0.115911566	0.114017114	0.005024011	0.9737669	0.8011707	7.5191774	2.529472e-06	261.88586	79.80575	337.43524	4.5047255	253.4753	80.609764	334.9926	4.5047255	248.28387	73.7185	323.39612	-68.62819	-5.1914473	17.840162	46.47402	-75.41279	15.360358	10.453798	75.41279	0.010497247	-0.026561469	0.47397	1.8962995	-7.5022745	345.22247	506.98083	5687.089	0.00011019219	4.278804	28.420097	562.84125	3.472201e-07
77	77999	5287.0520362854	3257.093	0.0	3257.093	3257.093	1000.0	1211.5634	0.0	1211.5634	1211.5634	352.0	259.5492	67.01633	320.557	-74.68665	4.815302	1.0092713	2.7891867	24.744026	-13.139185	-261.50864	0.11541693	0.0005864099	0.11644283	0.114377156	0.020082407	0.98266375	0.8063296	9.056624	1.039356e-06	277.73795	74.851524	353.324	3.6346188	271.55182	76.89103	351.2143	3.388771	270.22263	59.837097	318.51276	-130.14944	-1.3291852	25.856087	56.498684	-133.78406	21.833889	13.91349	133.78406	0.032823075	0.029602198	0.42840835	1.747891	-13.378407	670.30396	842.0743	17898.176	0.0010773543	5.232683	51.06721	1789.8175	3.6449178e-06
78	78999	5359.977530956268	3258.6606	0.0	3258.6606	3258.6606	1000.0	425.74536	0.0	425.74536	425.74536	156.0	260.6444	66.57901	322.68002	-74.960945	5.3100514	0.98948485	2.7942402	23.746334	-14.074542	-262.61905	0.11545352	0.00053904153	0.11644899	0.11427129	-0.022659607	0.99347484	0.81005704	7.187186	1.7881393e-06	202.6275	82.20249	312.66254	4.2867293	197.76189	81.068924	306.50412	4.2867293	268.2963	59.824055	319.40668	-10.030291	70.534424	75.752655	268.90494	-21.487278	72.427605	73.94466	268.90494	0.12185434	0.9725824	2.6347218	24.69462	-1.4525259	10713.568	17031.191	72309.86	0.014848481	193.62341	611.97003	6098.243	5.0321272e-05
79	79999	5433.704236984253	1777.6527	855.8081	2967.5947	991.26624	522.6667	3302.8613	0.0	3302.8613	3302.8613	1000.0	261.42603	68.20129	323.70566	-83.0996	4.480173	0.9603144	2.8164892	24.783375	-13.861673	-263.3365	0.11153507	0.0021130557	0.11427963	0.10758907	-0.087223954	0.990761	0.8104033	8.742017	5.662441e-07	329.24518	23.631659	351.77753	226.40794	328.80505	24.307203	352.74905	217.18733	297.33078	20.885477	318.98462	204.30414	-31.474272	5.625492	-7.4441924	-44.427986	31.474272	5.625492	44.427986	7.4441924	-0.095348775	0.013742157	-0.024845736	-0.1495332	1022.27594	340.58105	1973.846	55.416	3.072902	0.9363101	6.6434593	0.18495645
80	80999	5507.559355258942	674.12885	0.0	674.12885	674.12885	220.0	3291.4497	0.0	3291.4497	3291.4497	1000.0	259.81747	68.603424	323.93323	-116.00424	5.316517	1.0060109	2.8343625	25.533504	-10.802435	-261.67725	0.10747796	0.00067806843	0.10866412	0.106238216	0.013435631	0.9975686	0.8216068	9.1238	1.6084086e-06	306.83786	57.294537	345.3564	2.3557081	309.28955	59.44966	350.95453	2.3557081	285.69626	45.847466	320.34464	-19.939129	-23.593285	14.804329	55.59945	-41.714478	26.747171	7.771753	55.59945	0.15736772	-0.03790184	0.3233315	4.7018347	-2.2294836	775.8112	379.45688	3091.2986	0.0247646	4.032823	14.3342085	222.99405	0.00012972853
81	81999	5582.565625667572	3242.6145	0.0	3242.6145	3242.6145	1000.0	3284.6367	0.0	3284.6367	3284.6367	1000.0	259.36856	68.98494	323.10883	-138.06465	4.5624027	1.0133893	2.8146286	22.96355	-10.337326	-261.1649	0.10921698	0.00062068325	0.11083137	0.10843423	0.029656524	0.9918628	0.8214905	8.868116	6.3180923e-06	327.3595	19.623362	344.1717	251.08258	334.4803	18.585236	352.133	265.96472	302.6763	16.926233	324.91742	240.31393	-31.803999	3.1021068	-23.332417	-37.51189	31.803999	3.1021068	37.51189	23.332417	-0.0950723	0.0073862826	-0.06955022	-0.1101301	1021.1174	192.00981	1407.142	544.4017	3.0425055	0.49535456	4.130434	1.6227748
82	82999	5657.3914403915405	3233.4597	0.0	3233.4597	3233.4597	1000.0	3276.4167	0.0	3276.4167	3276.4167	1000.0	260.7595	68.80701	327.29047	-81.9947	4.08375	0.98984605	2.8407712	27.54417	-12.026359	-262.56387	0.109904215	0.0006125897	0.11081005	0.1087805	-0.022348251	0.9842363	0.8202972	8.609642	1.065433e-06	327.55673	18.205954	346.42325	253.7931	331.26794	18.216211	349.35028	263.40298	302.09018	16.124546	320.6057	240.198	-29.177774	3.4769564	-19.785086	-38.777206	29.177774	3.4769564	38.777206	19.785086	-0.08795674	0.008078886	-0.06070471	-0.11304847	863.43176	202.91147	1503.6716	391.4496	2.5917222	0.53496164	4.3837037	1.2010479
83	83999	5732.010899066925	3278.7107	0.0	3278.7107	3278.7107	1000.0	3298.4797	0.0	3298.4797	3298.4797	1000.0	261.8302	69.23614	328.6692	-130.41339	4.117479	0.9834892	2.8177044	25.715607	-14.293764	-263.62186	0.107727475	0.00067379366	0.10922564	0.106391594	-0.036732942	0.98629475	0.8160143	8.694454	1.5497208e-06	336.00174	20.617855	357.10458	255.23724	336.22147	19.989008	362.64465	261.93747	304.5544	17.042294	322.97208	240.81609	-31.667053	7.346192	-17.884247	-51.567936	31.667053	7.346192	51.567936	17.884247	-0.09377527	0.018887077	-0.05596125	-0.14740595	1056.7687	529.69635	2659.252	319.84625	3.1050842	1.4609923	7.592986	1.0008248
84	84999	5807.034942865372	3074.2954	185.33653	3259.6318	2888.9587	926.5	3280.9963	0.0	3280.9963	3280.9963	1000.0	263.30295	68.43129	327.0202	-127.76591	4.284558	1.0130527	2.845947	24.435804	-10.772207	-265.04187	0.10733287	0.0006600058	0.108349256	0.106134646	0.029179025	0.9849395	0.8173732	8.572521	5.8859587e-06	329.5794	19.332428	347.60733	252.48566	332.26703	18.079828	350.41214	261.83618	309.39243	17.115168	324.8277	241.27933	-22.874613	2.742053	-13.433195	-32.661476	22.874613	2.742053	32.661476	13.433195	-0.06887673	0.0076754955	-0.041972976	-0.093299195	530.7668	122.03834	1066.7721	180.45073	1.5938684	0.34079364	3.0472896	0.5665964
85	85999	5882.789937734604	3286.6584	0.0	3286.6584	3286.6584	1000.0	3252.6682	0.0	3252.6682	3252.6682	1000.0	263.2731	68.44969	326.77066	-125.17899	4.8244033	1.0275884	2.830589	26.929462	-12.15224	-265.03152	0.11167183	0.0014988892	0.11327619	0.10836393	0.060797982	0.98307025	0.81643915	8.657232	1.4305115e-06	314.5013	54.337574	356.32462	33.134113	309.725	56.36234	354.4605	30.79449	291.8185	38.833176	324.3105	78.606514	-17.906477	23.54835	63.46109	-53.801754	26.85177	12.415677	63.46109	0.10354621	-0.03424998	0.14812234	1.5696594	-0.15982927	875.1668	714.84357	4027.3098	0.010721818	3.4311354	5.5618854	75.8724	3.823743e-05
86	86999	5957.508467912674	3240.498	0.0	3240.498	3240.498	1000.0	3266.9731	0.0	3266.9731	3266.9731	1000.0	265.10736	67.220764	328.40244	-126.27957	4.198272	1.0054355	2.8181648	24.790943	-13.104139	-266.92456	0.114230216	0.0005111935	0.11498648	0.11288634	0.011869283	0.99274063	0.8136242	8.111779	2.682209e-06	305.44547	63.064743	346.6839	3.3013215	307.97183	63.104607	349.72165	3.3013215	302.92032	15.587915	322.76062	243.62508	-5.0514946	60.39381	297.50638	-40.137455	41.705677	43.97234	297.50638	17.611992	0.20581128	1.8086406	29.750639	-0.11947416	3672.9302	11031.91	88510.05	310.18228	66.99411	508.24588	8851.005	1.1287863
87	87999	6032.1707282066345	3265.5488	0.0	3265.5488	3265.5488	1000.0	3283.6887	0.0	3283.6887	3283.6887	1000.0	266.33087	67.08388	327.1715	-112.682785	4.203307	0.96764517	2.7733896	22.436487	-11.486386	-268.08514	0.11121905	0.0017214884	0.11403206	0.108528964	-0.07101275	0.98894465	0.80124503	7.694767	5.2154064e-07	330.07	18.345022	345.44302	254.6899	331.27063	17.327814	350.84018	263.74088	306.9469	15.962332	323.5801	242.8471	-24.323738	3.597814	-15.93653	-31.183378	24.323738	3.597814	31.183378	15.93653	-0.073363066	0.00959672	-0.04968664	-0.0932637	604.58844	174.41615	972.4031	253.97298	1.8167285	0.48586592	2.8961918	0.7918326
88	88999	6106.1543509960175	560.5575	0.0	560.5575	560.5575	189.0	3283.6067	0.0	3283.6067	3283.6067	1000.0	265.86865	67.6187	327.46115	-116.9202	4.5314646	1.0171922	2.77336	25.91485	-11.060707	-267.58313	0.107882984	0.0019735142	0.111851655	0.10572024	0.03808744	0.991748	0.8067844	8.334799	5.379319e-06	291.48706	67.75723	348.7155	3.840392	283.3509	65.7981	339.80222	3.840392	265.1717	58.822098	318.39627	-0.94000095	-18.179165	9.661872	17.076029	-37.697063	18.658873	8.699441	37.697063	0.0062144757	-0.062319547	0.041842505	0.15865959	-0.54146343	423.83374	305.3857	1421.0685	3.8619706e-05	1.3887833	0.90608346	4.226678	1.5316618e-07
89	89999	6181.161072969437	3282.8923	0.0	3282.8923	3282.8923	1000.0	3298.0789	0.0	3298.0789	3298.0789	1000.0	265.41568	68.2172	328.10135	-125.180145	4.1763687	0.97622246	2.7677627	25.730026	-10.7038555	-267.0993	0.110175066	0.0018248205	0.11219986	0.10719976	-0.052594945	0.9896842	0.80668813	8.362066	1.527369e-07	329.25156	18.919168	345.63663	250.85039	332.717	17.912315	351.3843	262.1101	307.21588	16.541994	323.84308	241.52289	-25.50112	2.9789388	-16.652885	-31.064442	25.50112	2.9789388	31.064442	16.652885	-0.07662257	0.007796761	-0.05182103	-0.09631544	659.1812	145.50804	964.9995	277.31857	1.9743185	0.396556	2.855805	0.86395055
90	90999	6256.124171972275	3259.0642	0.0	3259.0642	3259.0642	1000.0	3281.6106	0.0	3281.6106	3281.6106	1000.0	266.87918	68.1671	329.48975	-120.17569	3.8673668	0.9738387	2.77975	25.32825	-13.16499	-268.54764	0.10453795	0.0012073555	0.10729549	0.10301666	-0.058879044	0.98431635	0.80412656	12.504825	4.351139e-06	328.04025	19.290167	343.0588	250.74312	332.56265	18.788342	350.0637	259.90036	307.87833	16.585747	323.47516	242.54816	-24.684319	3.298033	-16.117123	-32.55843	24.684319	3.298033	32.55843	16.117123	-0.074051395	0.007664887	-0.053149424	-0.11381894	620.1927	156.13847	1060.0513	259.76166	1.851284	0.41391227	3.705766	0.92959166
91	91999	6330.959039926529	3243.0261	0.0	3243.0261	3243.0261	1000.0	3262.0947	0.0	3262.0947	3262.0947	1000.0	267.81876	68.20251	330.9519	-116.091484	3.663831	0.97912407	2.8052752	25.168205	-10.546047	-269.46042	0.101825066	0.0012046371	0.1032521	0.09966907	-0.04773402	0.9813015	0.8038703	7.6903133	2.8014183e-06	328.87857	21.474087	353.06885	254.15405	328.56357	22.67723	351.40533	233.61047	303.70215	16.263618	323.35092	241.85977	-24.861422	13.746803	51.468174	-52.359993	27.613733	6.6743264	52.359993	1.8172449	-0.07364554	0.045916453	0.2203162	-0.15744215	807.0649	395.94434	2741.5688	3.3023791	2.4561026	1.2667098	11.3392725	0.011168203
92	92999	6406.678909063339	3275.0522	0.0	3275.0522	3275.0522	1000.0	3317.0203	0.0	3317.0203	3317.0203	1000.0	269.12823	67.830246	330.19223	-126.82381	3.537086	0.976028	2.8396318	24.32296	-11.086787	-270.76013	0.09675589	0.0010388594	0.09969655	0.09577499	-0.05563724	0.9787879	0.8047717	9.602013	9.834766e-07	330.298	19.149986	346.15704	254.1523	335.4082	18.1848	356.40585	265.08743	310.6789	17.683346	328.9651	242.95602	-24.729322	2.604024	-17.826633	-33.097404	24.729322	2.604024	33.097404	17.826633	-0.07385639	0.007853359	-0.052768752	-0.09681715	618.32025	129.79535	1095.4382	317.78885	1.8436306	0.37068355	3.0833132	0.94068915
93	93999	6482.420592784882	3316.939	0.0	3316.939	3316.939	1000.0	3306.0378	0.0	3306.0378	3306.0378	1000.0	271.11346	67.46183	334.1788	-60.68549	3.3530924	0.97413707	2.8618553	25.6237	-11.079964	-272.7453	0.0939609	0.001133048	0.09619258	0.09235505	-0.061030217	0.98445296	0.80626607	9.429167	3.5762787e-07	330.63654	19.50172	345.0232	251.654	334.9583	17.765442	355.20273	265.473	309.35248	16.28507	326.4289	244.41447	-25.605822	3.3221214	-17.606466	-34.527737	25.605822	3.3221214	34.527737	17.606466	-0.07638782	0.008441233	-0.052170135	-0.10117706	666.69464	172.90376	1192.1646	309.98767	1.9815676	0.46798018	3.4934149	0.9185318
94	94999	6558.613561868668	3334.2034	0.0	3334.2034	3334.2034	1000.0	3307.6194	0.0	3307.6194	3307.6194	1000.0	271.72754	68.172195	334.06308	-111.42013	3.2300034	1.0084524	2.856587	26.965002	-13.562256	-273.35208	0.09250474	0.0005612288	0.09372401	0.091515884	0.020145662	0.99111867	0.8075463	8.019103	2.2649765e-06	331.63083	19.90475	348.52237	251.10066	337.22684	19.002382	355.27176	263.19583	313.21323	18.489744	330.41815	242.8294	-24.013597	2.2675755	-18.21663	-29.484386	24.013597	2.2675755	29.484386	18.21663	-0.071348995	0.006972588	-0.053455066	-0.09156268	581.7947	108.20943	869.32904	331.84567	1.7258981	0.3088276	2.5393758	0.9737712
95	95999	6634.549911260605	3280.4458	0.0	3280.4458	3280.4458	1000.0	3305.7188	0.0	3305.7188	3305.7188	1000.0	272.02496	68.35921	335.79565	-120.35112	3.3971016	1.006274	2.8483505	26.701693	-10.347574	-273.6144	0.094039	0.00047628954	0.09476369	0.09303017	0.014889514	0.98872	0.80790627	7.8054876	8.6426735e-07	334.09564	20.302006	349.08914	252.96892	335.6341	18.403173	352.4055	263.55814	315.2617	18.76225	332.44427	243.22351	-20.372402	2.000099	-15.400885	-25.041832	20.372402	2.000099	25.041832	15.400885	-0.06096001	0.007707146	-0.045475993	-0.091606304	419.03513	81.27486	627.0933	237.18724	1.2550874	0.2724271	2.2618563	0.70852816
96	96999	6709.626191616058	3273.0676	0.0	3273.0676	3273.0676	1000.0	3329.0479	0.0	3329.0479	3329.0479	1000.0	272.83673	68.33953	336.1496	-119.71839	3.1456647	1.0176611	2.8407464	23.92649	-11.672897	-274.44916	0.09521108	0.00071297726	0.09690495	0.09428751	0.04148542	0.98632586	0.8057395	7.888781	3.0696392e-06	335.40918	21.134851	352.77637	250.90059	335.4428	19.37955	354.1847	259.65475	317.2853	18.533281	332.2954	245.02625	-18.157482	3.1120296	-10.097576	-30.967596	18.157482	3.1120296	30.967596	10.097576	-0.05413654	0.00874532	-0.032009427	-0.08762935	339.3789	113.87865	958.992	101.961044	1.0083456	0.3216394	2.7136703	0.3232176
97	97999	6785.4269506931305	3289.884	0.0	3289.884	3289.884	1000.0	3298.6638	0.0	3298.6638	3298.6638	1000.0	274.22345	68.39484	334.69336	-115.10411	3.1755288	1.0054711	2.8322082	28.139553	-10.206367	-275.7885	0.09688182	0.00045861985	0.09783598	0.09593339	0.012802916	0.9910602	0.80368316	8.545422	4.7683716e-07	330.43686	19.69275	348.2418	251.77417	335.52515	18.170359	356.35153	264.49615	311.8665	16.765572	330.86407	244.88141	-23.658676	3.052186	-15.180507	-30.534855	23.658676	3.052186	30.534855	15.180507	-0.070466645	0.007835933	-0.04703683	-0.08765376	569.04877	142.69055	932.3774	230.44777	1.6886986	0.38569787	2.6719823	0.7140429
98	98999	6863.215653181076	3298.6104	0.0	3298.6104	3298.6104	1000.0	3255.4917	0.0	3255.4917	3255.4917	1000.0	275.7044	67.8013	336.38275	-109.35718	3.1675057	0.9815376	2.8396244	27.186253	-11.093682	-277.32364	0.09619612	0.0010522731	0.09805439	0.09495486	-0.043118354	0.99163747	0.80577505	7.919484	8.612871e-06	327.3476	18.591452	342.4754	252.26512	333.4127	18.025219	350.76236	264.15417	314.52063	17.830322	327.95422	244.68393	-18.892076	2.3459203	-11.870018	-25.088526	18.892076	2.3459203	25.088526	11.870018	-0.056802	0.0075392136	-0.0366243	-0.08022696	362.41388	88.41959	629.4341	140.89734	1.0886256	0.2652763	1.8260298	0.43473113
99	99999	6938.523005485535	3286.034	0.0	3286.034	3286.034	1000.0	3288.5823	0.0	3288.5823	3288.5823	1000.0	277.66806	67.055534	336.3122	-144.96823	3.254703	0.9867605	2.8798141	27.016813	-10.413462	-279.27106	0.094477564	0.0007198207	0.0953709	0.09298015	-0.031221744	0.99371004	0.8103218	8.868305	1.9967556e-06	329.7756	19.61598	346.94647	249.72934	335.61142	18.432356	352.4124	261.79773	313.93893	17.041256	329.6306	245.65033	-21.672543	2.185101	-14.131227	-26.312002	21.672543	2.185101	26.312002	14.131227	-0.064530015	0.004999838	-0.051059894	-0.078425065	474.4738	91.34361	692.32153	199.69156	1.4077219	0.2345305	2.0057628	0.7320163
100	100999	7014.818072557449	3288.4995	0.0	3288.4995	3288.4995	1000.0	3302.541	0.0	3302.541	3302.541	1000.0	278.64252	66.71798	335.57446	-133.252	2.9944975	0.98986804	2.8692813	26.328373	-10.935028	-280.1998	0.09248848	0.00039960313	0.09332699	0.09168481	-0.02405246	0.99730605	0.8126174	7.6082406	2.797693e-06	331.66064	19.785118	348.937	253.15361	336.17532	19.115318	355.36267	264.30765	315.2128	18.174576	332.56415	244.68414	-20.962507	2.4120343	-12.998686	-26.356745	20.962507	2.4120343	26.356745	12.998686	-0.06239526	0.006608689	-0.04010312	-0.080604956	445.2446	98.80244	694.67804	168.96584	1.3214041	0.2692516	1.9607507	0.5212878
101	101999	7091.488467931747	3264.8745	0.0	3264.8745	3264.8745	1000.0	3281.4094	0.0	3281.4094	3281.4094	1000.0	278.89847	67.52349	335.30817	-135.49579	3.163898	0.9849514	2.835169	26.357788	-11.525352	-280.40744	0.090502255	0.00049029733	0.09179196	0.089634225	-0.036062036	0.99089146	0.81103796	7.631757	1.0579824e-06	328.60596	19.578922	345.93295	251.92686	335.36545	18.935461	352.4561	265.3678	315.73947	18.429314	333.71295	245.29645	-19.625975	2.260371	-12.067181	-25.72782	19.625975	2.260371	25.72782	12.067181	-0.058625516	0.0068492405	-0.037456222	-0.07771539	390.28815	86.86684	661.9207	145.61684	1.1636883	0.24919334	1.8882293	0.45199096
102	102999	7167.177427768707	3262.5212	0.0	3262.5212	3262.5212	1000.0	3257.5544	0.0	3257.5544	3257.5544	1000.0	279.2371	67.89073	349.5164	-167.45154	3.1344962	1.0250804	2.8670218	26.13314	-10.685909	-280.79895	0.091557726	0.0012104078	0.0934386	0.08956153	0.060071196	0.9985751	0.8134362	7.9106464	2.9802322e-08	328.18652	19.877523	350.10413	250.91016	334.4464	19.055191	352.77704	261.05423	313.29205	17.94272	337.69617	245.64731	-21.15434	2.345709	-14.640984	-27.866228	21.15434	2.345709	27.866228	14.640984	-0.06325181	0.005963158	-0.042206034	-0.083561316	453.00845	98.493805	776.52673	214.3584	1.3499682	0.26341683	2.3285387	0.6280629
103	103999	7243.965776205063	2134.8938	1120.3239	3255.2175	1014.5699	652.0	3274.4258	0.0	3274.4258	3274.4258	1000.0	279.71265	68.30318	338.22516	-158.30933	3.1250055	0.9719999	2.8540442	24.195992	-12.683852	-281.2226	0.09140485	0.0011700753	0.093268156	0.08912371	-0.06695517	0.99143964	0.81357706	8.857569	3.4570694e-06	331.2721	19.7549	349.62848	253.85048	336.8504	19.022877	354.46057	265.53482	315.05173	17.975513	332.45575	245.86742	-21.798656	2.350472	-14.653796	-27.31874	21.798656	2.350472	27.31874	14.653796	-0.06473904	0.0061280797	-0.045234848	-0.07722277	480.70618	102.153046	746.3136	214.73373	1.4231529	0.2701066	2.1089084	0.66286224
104	104999	7320.528103351593	3276.803	0.0	3276.803	3276.803	1000.0	3279.2947	0.0	3279.2947	3279.2947	1000.0	279.58902	68.150795	336.5163	-156.71033	3.2432144	0.99821365	2.8901284	25.75644	-10.726007	-281.0971	0.089223966	0.00029414042	0.08987113	0.08864812	-0.004268758	0.99063915	0.8163583	8.392807	2.8312206e-07	329.03433	19.31898	346.66693	252.65924	334.3254	18.897894	352.27545	263.1482	314.80936	18.08617	332.1491	245.81387	-19.516083	2.1555047	-14.182386	-25.083263	19.516083	2.1555047	25.083263	14.182386	-0.058419067	0.0058948486	-0.042027947	-0.07123532	385.52368	84.64262	629.17004	201.14009	1.1507664	0.23066048	1.7860173	0.6124302
105	105999	7396.7962119579315	3260.6465	0.0	3260.6465	3260.6465	1000.0	3273.934	0.0	3273.934	3273.934	1000.0	280.1519	67.729866	339.17755	-169.42938	3.0964174	0.9994918	2.8491807	25.765518	-14.032996	-281.64764	0.08906454	0.0003421931	0.0899087	0.08848044	-0.001170948	0.99174625	0.8123639	7.990789	1.2516975e-06	329.11197	18.977236	345.49734	252.75427	336.26498	18.110956	352.42184	265.54147	314.8578	18.319513	330.72635	244.5279	-21.407173	2.1448426	-15.224588	-25.928062	21.407173	2.1448426	25.928062	15.224588	-0.063888766	0.0075614313	-0.044114552	-0.08164331	462.86737	89.95204	672.2644	231.78809	1.3814675	0.27864784	1.9635559	0.6716259
106	106999	7472.847631692886	3300.182	0.0	3300.182	3300.182	1000.0	3270.5583	0.0	3270.5583	3270.5583	1000.0	280.79584	67.377914	342.85037	-168.16788	2.9825113	0.986646	2.8484938	25.665125	-12.504038	-282.23224	0.08811671	0.00077130605	0.08921872	0.086807586	-0.032381076	0.9917126	0.81301075	7.5710354	0.0	327.6232	18.797813	347.0885	252.9799	331.6257	17.981005	350.78024	260.10825	314.70886	18.081263	332.9501	245.04898	-16.916862	2.3108547	-9.279585	-23.032484	16.916862	2.3108547	23.032484	9.279585	-0.051176086	0.007561579	-0.027432756	-0.06972195	291.5203	77.144585	530.49536	86.110695	0.8815894	0.23539522	1.5349935	0.25456458
107	107999	7548.171854257584	3278.611	0.0	3278.611	3278.611	1000.0	3308.4492	0.0	3308.4492	3308.4492	1000.0	281.47757	67.84957	343.55905	-200.06882	3.0728962	1.0134504	2.869413	26.423773	-10.579823	-282.96378	0.08783737	0.00052248704	0.08909414	0.0871301	0.032733183	0.99428725	0.8168898	8.755074	4.7683716e-07	328.2255	25.697159	354.37613	209.68268	325.05078	26.64074	357.54068	199.5064	305.76715	25.308506	334.0896	176.49945	-19.283657	6.4449954	16.0203	-47.23583	19.516956	5.699627	47.23583	0.034489244	-0.05922848	0.020311482	0.05606518	-0.1805962	413.39737	205.65912	2231.2236	0.001189508	1.2676251	0.6536992	8.530611	3.733019e-06
108	108999	7623.534933567047	3333.8774	0.0	3333.8774	3333.8774	1000.0	3365.372	0.0	3365.372	3365.372	1000.0	282.51883	67.69218	344.4635	-104.65892	2.9716084	0.9901553	2.8511436	26.846315	-12.191751	-283.9808	0.088489614	0.00074701005	0.089814626	0.087216996	-0.023809025	0.9847875	0.8112695	9.770603	2.6077032e-06	329.29523	46.813484	366.2642	71.50125	323.25537	47.679626	371.7898	66.973114	301.97177	41.114548	352.02335	76.46733	-21.283556	10.584877	24.439339	-49.320164	22.644386	7.229189	49.320164	0.96621746	-0.06146017	0.043272592	0.25765815	-0.15589133	565.02936	346.0523	2432.4785	0.9335761	1.7414062	1.02925	7.6885858	0.011526482
109	109999	7699.324715614319	3291.8235	0.0	3291.8235	3291.8235	1000.0	3309.401	0.0	3309.401	3309.401	1000.0	282.85217	67.720436	349.89822	-115.44244	3.1446073	0.9814428	2.8487222	25.832434	-11.191474	-284.28625	0.08729074	0.0011333104	0.08880242	0.08532679	-0.045336183	0.9828575	0.811474	8.980838	9.685755e-07	337.7422	22.685085	373.59695	255.15707	338.0826	19.671532	363.50632	264.6212	313.70288	17.252306	330.78918	245.79227	-24.379747	7.649765	-15.87066	-55.788956	24.379747	7.649765	55.788956	15.87066	-0.07171828	0.020009799	-0.046755686	-0.15389973	652.891	485.57132	3112.4077	251.87785	1.8993368	1.3264517	8.585905	0.7420436
110	110999	7776.619232177734	3337.1887	0.0	3337.1887	3337.1887	1000.0	3287.4866	0.0	3287.4866	3287.4866	1000.0	282.9209	67.4695	351.0376	-65.86076	2.9817314	0.9826841	2.818146	27.407942	-14.475832	-284.34366	0.08437707	0.0007741499	0.085460186	0.08308822	-0.0427831	0.97864556	0.8118174	8.579061	1.013279e-06	327.43826	18.640295	345.89352	252.5465	334.49652	17.771107	351.0065	264.50595	316.2842	18.64358	334.1034	244.48123	-18.212332	2.568597	-12.432609	-24.559227	18.212332	2.568597	24.559227	12.432609	-0.054748826	0.009257458	-0.03645387	-0.08373167	338.2867	93.06601	603.15564	154.56976	1.0191491	0.30295625	1.8817183	0.4607821
111	111999	7852.7791402339935	3275.8862	0.0	3275.8862	3275.8862	1000.0	3269.3865	0.0	3269.3865	3269.3865	1000.0	283.51172	66.76391	350.9205	-80.69778	2.8281116	0.9951984	2.8543983	24.68458	-10.930685	-284.91675	0.08298813	0.00032894718	0.08363079	0.08224479	-0.01189632	0.9869392	0.81477696	8.249315	1.4305115e-06	330.43127	19.782146	351.2795	252.74605	334.5725	18.045803	354.7758	264.35736	316.772	19.307909	336.0355	245.46957	-17.800514	3.8496451	-9.309777	-28.911121	17.800514	3.8496451	28.911121	9.309777	-0.05354234	0.012645368	-0.028032135	-0.08167729	331.67804	144.42528	835.85297	86.67195	0.9997718	0.4431025	2.361382	0.26097292
112	112999	7927.508928060532	2517.588	817.9329	3335.5208	1699.6549	737.5	3294.8865	0.0	3294.8865	3294.8865	928.0	284.26172	66.61362	351.72324	-69.419846	2.9444058	1.0085069	2.848582	26.476019	-10.447131	-285.69788	0.082181156	0.00060038513	0.08351198	0.08124563	0.021256005	0.99096173	0.8178251	8.425031	6.109476e-06	332.34198	28.143143	360.03125	216.80348	326.5519	26.328407	361.5077	211.4105	309.24643	20.437984	335.98343	221.74004	-17.305475	11.8465605	26.393217	-40.38108	19.358849	8.065695	40.38108	0.014044649	-0.051191952	0.036279153	0.09059765	-0.11170186	439.82043	288.92017	1630.6317	0.00019725217	1.31261	0.8166704	4.510642	6.8909367e-07
113	113999	8004.027215480804	3304.855	0.0	3304.855	3304.855	1000.0	3280.5361	0.0	3280.5361	3280.5361	1000.0	284.57523	66.17491	350.4873	-79.31825	2.797032	1.0172209	2.8395877	26.092678	-12.023735	-286.0057	0.08480382	0.0005775434	0.08585663	0.0835156	0.042575464	0.9996295	0.82130235	8.19621	2.7418137e-06	327.92136	19.097486	345.38797	252.64285	333.43143	17.922478	351.93466	262.40747	317.47076	18.450274	334.9214	247.70929	-15.960687	2.336837	-8.318638	-26.506214	15.960687	2.336837	26.506214	8.318638	-0.048089374	0.007940896	-0.02434387	-0.076523855	260.2043	72.92105	702.57935	69.19973	0.7847598	0.22803038	2.0283575	0.20250784
114	114999	8081.058093547821	3266.653	0.0	3266.653	3266.653	1000.0	3306.7532	0.0	3306.7532	3306.7532	1000.0	284.52225	66.861755	349.1089	-89.563194	2.8951747	1.0220833	2.8647866	26.906425	-9.819984	-285.97073	0.08753289	0.0011154829	0.08918325	0.085657306	0.053932108	1.0042764	0.82424885	9.534975	2.2351742e-07	341.0402	22.582804	365.9848	257.1754	339.4345	20.04298	370.74704	264.63434	316.09827	18.417633	344.0587	246.44727	-23.336208	5.6105385	-14.064678	-42.495388	23.336208	5.6105385	42.495388	14.064678	-0.068585426	0.01486125	-0.041333873	-0.11783605	576.05676	301.19998	1805.858	197.81517	1.681442	0.82723826	5.0074887	0.58134764
115	115999	8158.180374860764	3307.41	0.0	3307.41	3307.41	1000.0	3280.5762	0.0	3280.5762	3280.5762	1000.0	285.21683	66.495605	347.06006	-98.08262	2.6416743	0.98973536	2.8777034	23.738077	-10.137129	-286.60117	0.087411255	0.0009331761	0.08894652	0.0861811	-0.024884464	0.9944239	0.8254119	8.586255	4.3809414e-06	334.40207	22.32422	371.3747	252.96	337.48834	19.680635	367.0557	264.38568	314.91315	17.302786	335.094	246.14111	-22.575174	6.9189587	-13.141371	-53.114223	22.575174	6.9189587	53.114223	13.141371	-0.06653505	0.018059274	-0.039531834	-0.14558905	557.5105	422.37515	2821.1206	172.69562	1.6249723	1.1496415	7.7328496	0.5195025
116	116999	8234.60631775856	3308.2012	0.0	3308.2012	3308.2012	1000.0	3258.2068	0.0	3258.2068	3258.2068	1000.0	285.982	66.16666	347.52612	-76.61246	2.6394663	1.0111637	2.8757002	23.464746	-11.010453	-287.36868	0.08841223	0.00044130287	0.08907749	0.08722625	0.027195215	1.0009146	0.8245638	10.20661	3.6344863e-06	327.85287	18.680695	346.5674	252.42876	331.52557	19.031565	351.6922	258.83795	318.32047	18.465641	335.5037	246.69424	-13.20509	2.8470888	-5.5313005	-20.971193	13.20509	2.8470888	20.971193	5.5313005	-0.039847553	0.008324275	-0.017010925	-0.0599997	182.4803	75.14329	439.79095	30.595287	0.5487441	0.21786724	1.2582654	0.09473756
117	117999	8311.489538431168	3316.1294	0.0	3316.1294	3316.1294	1000.0	3327.8022	0.0	3327.8022	3327.8022	1000.0	286.1986	65.88386	348.352	-59.761623	2.7084215	0.9978715	2.8586216	24.386723	-12.130308	-287.5665	0.08871542	0.0002532792	0.08928297	0.08824434	-0.005094873	1.0012178	0.82025343	8.190135	1.937151e-06	334.99832	21.35083	354.75714	253.54164	339.94473	20.208134	358.1659	262.49997	319.2787	18.525696	336.1892	248.95425	-20.666018	2.3912442	-11.807274	-26.965164	20.666018	2.3912442	26.965164	11.807274	-0.060692556	0.0050429795	-0.043946605	-0.07539453	432.8023	96.91678	727.12006	139.41171	1.2649273	0.24135351	2.0313396	0.5188896
118	118999	8387.845353603363	3256.826	0.0	3256.826	3256.826	1000.0	3286.493	0.0	3286.493	3286.493	1000.0	286.7498	65.68112	350.28992	-69.41597	2.7067358	0.9719965	2.8789532	25.181128	-11.917778	-288.1547	0.08791544	0.0012785686	0.08946481	0.084812984	-0.068412535	0.9929082	0.8168087	7.919991	5.066395e-07	327.0799	18.61593	344.83688	252.899	333.65463	18.469612	353.70987	259.7678	316.54416	17.561687	334.5	245.67685	-17.110498	2.1131387	-11.441514	-21.445402	17.110498	2.1131387	21.445402	11.441514	-0.05128008	0.0057180137	-0.036095332	-0.07133261	297.23453	70.89417	459.90524	130.90823	0.8880586	0.19705796	1.3461093	0.41298524
119	119999	8464.291079759598	3276.7651	0.0	3276.7651	3276.7651	1000.0	3276.0564	0.0	3276.0564	3276.0564	1000.0	287.5061	65.10531	351.17847	-65.73703	2.6164556	0.994685	2.8780482	26.13218	-11.306164	-288.90048	0.08393461	0.000529299	0.08488598	0.08310662	-0.013053923	0.99330306	0.8176705	10.807621	3.3080578e-06	327.59933	19.13572	347.56564	251.66429	333.0677	18.421745	350.75476	261.34943	317.2482	17.45294	335.2506	248.0794	-15.819487	2.6528935	-9.880482	-23.015709	15.819487	2.6528935	23.015709	9.880482	-0.047453526	0.0071589574	-0.029021151	-0.066496275	257.294	86.76264	529.72284	97.62392	0.7686262	0.24369165	1.5304589	0.28908142
120	120999	8540.793257713318	3321.1375	0.0	3321.1375	3321.1375	1000.0	3307.2454	0.0	3307.2454	3307.2454	1000.0	288.30252	64.70376	352.66672	-73.12253	2.7369204	1.0179955	2.8795202	28.22225	-11.6554165	-289.6739	0.08602302	0.00070008956	0.087204434	0.08415074	0.044372525	1.002707	0.82091117	8.044298	1.9073486e-06	308.15933	61.11835	362.28424	3.6946952	300.4179	64.05472	360.77814	3.6946952	311.75217	18.898481	344.1172	169.73347	11.334284	56.10255	316.57614	-39.03555	31.565123	47.74521	316.57614	0.012792818	0.27820483	1.9439318	31.657614	-0.109517716	3275.9622	10016.73	100220.45	0.00016365621	67.23381	540.66534	10022.045	5.091682e-07
121	121999	8617.577293634415	3273.3835	0.0	3273.3835	3273.3835	1000.0	3291.1184	0.0	3291.1184	3291.1184	1000.0	288.28598	65.2618	350.32465	-66.00341	2.6698124	1.003531	2.8632312	25.342655	-11.0164795	-289.64	0.086220615	0.00056938396	0.08722764	0.08516089	0.008712251	0.9966866	0.820841	9.822059	4.1127205e-06	330.9117	20.487038	352.59177	252.13904	333.5993	19.163887	354.80823	260.90604	317.3924	17.561464	334.25085	248.82	-16.206913	2.7288728	-9.982748	-24.71546	16.206913	2.7288728	24.71546	9.982748	-0.048436873	0.0067159007	-0.03134809	-0.07003544	270.1107	89.058975	610.85394	99.65525	0.8025016	0.24084964	1.7309582	0.31294006
122	122999	8695.605707406998	3304.354	0.0	3304.354	3304.354	1000.0	3318.4746	0.0	3318.4746	3318.4746	1000.0	287.9595	65.61324	350.21646	-88.26156	2.72981	0.9835611	2.899534	29.406504	-10.134493	-289.3495	0.08646362	0.0008727017	0.087772794	0.08480641	-0.040311374	0.9846381	0.8196811	10.579575	2.1904707e-06	333.63004	21.258278	351.45844	253.44058	337.184	19.53273	359.08224	264.38083	318.77106	18.736633	335.67383	247.13374	-18.412874	2.3290725	-12.964304	-25.248169	18.412874	2.3290725	25.248169	12.964304	-0.0546477	0.006364121	-0.03794251	-0.07421791	344.45853	87.286156	637.4701	168.07318	1.0191149	0.23817286	1.8633587	0.49189824
123	123999	8773.191727399826	3296.7458	0.0	3296.7458	3296.7458	1000.0	3263.4976	0.0	3263.4976	3263.4976	1000.0	288.2879	65.62793	351.68488	-94.84612	2.7504625	0.9731554	2.9227924	27.73454	-10.212841	-289.63562	0.083294265	0.0009276386	0.08479637	0.08142582	-0.066758454	0.97910696	0.8195235	9.900591	7.003546e-07	330.12576	19.400486	348.9005	253.34041	334.315	18.062498	353.56842	263.62244	315.79007	17.5414	331.20074	245.88437	-18.524975	2.202151	-12.518597	-24.976248	18.524975	2.202151	24.976248	12.518597	-0.05548641	0.0064124386	-0.03665312	-0.072732024	348.02408	81.57424	623.813	156.71526	1.0401555	0.22905402	1.8165731	0.4588456
124	124999	8849.670417547226	3283.2346	0.0	3283.2346	3283.2346	1000.0	3283.8064	0.0	3283.8064	3283.8064	1000.0	289.3321	65.00144	352.23004	-87.91585	2.62285	0.9986468	2.918689	28.035103	-12.029428	-290.67065	0.08134331	0.00028959868	0.08195765	0.0807399	-0.003330039	0.9864683	0.8210832	10.311886	4.7683716e-07	331.6547	20.3902	355.1952	253.0868	335.36456	18.442223	359.20477	263.41125	317.7655	18.0242	337.00763	247.58968	-17.59905	2.4337392	-9.798982	-25.817652	17.59905	2.4337392	25.817652	9.798982	-0.05256024	0.007172523	-0.02867887	-0.07384808	315.64966	85.62772	666.55115	96.020035	0.94071305	0.2434101	1.8912749	0.2810237
