Epoch	TotalEnvInteracts	Time	AverageEpRet	StdEpRet	MaxEpRet	MinEpRet	EpLen	AverageTestEpRet	StdTestEpRet	MaxTestEpRet	MinTestEpRet	TestEpLen	AverageQ1Vals	StdQ1Vals	MaxQ1Vals	MinQ1Vals	LossQ1	AverageLogPi	StdLogPi	MaxLogPi	MinLogPi	LossPi	AverageAlpha	StdAlpha	MaxAlpha	MinAlpha	LossAlpha	AveragePreTanh	StdPreTanh	MaxPreTanh	MinPreTanh	AverageMCDisRet	StdMCDisRet	MaxMCDisRet	MinMCDisRet	AverageMCDisRetEnt	StdMCDisRetEnt	MaxMCDisRetEnt	MinMCDisRetEnt	AverageQPred	StdQPred	MaxQPred	MinQPred	AverageQBias	StdQBias	MaxQBias	MinQBias	AverageQBiasAbs	StdQBiasAbs	MaxQBiasAbs	MinQBiasAbs	AverageNormQBias	StdNormQBias	MaxNormQBias	MinNormQBias	AverageQBiasSqr	StdQBiasSqr	MaxQBiasSqr	MinQBiasSqr	AverageNormQBiasSqr	StdNormQBiasSqr	MaxNormQBiasSqr	MinNormQBiasSqr
0	999	4.243025302886963	22.293045	23.317293	132.62253	5.2394886	24.625	60.34344	0.0	60.34344	60.34344	53.0	0.0	0.0	0.0	0.0	0.0	0.0	0.0	0.0	0.0	0.0	0.0	0.0	0.0	0.0	0.0	0.0	0.0	0.0	0.0	7.096712	5.535892	27.360485	-2.5761926	10.059441	7.585509	36.065235	-0.9156942	0.00019120747	0.04641653	0.14701943	-0.1744623	-10.059249	7.601613	0.8541804	-36.066376	10.070301	7.5869656	36.066376	0.032801367	-0.6911387	0.3524381	0.08541804	-1.013478	158.973	207.51642	1300.7833	0.0010759296	9.169527	8.269762	36.067513	0.00010759297
1	1999	5.880571126937866	20.814556	20.167421	124.153015	5.428253	23.5	60.34344	0.0	60.34344	60.34344	53.0	0.0	0.0	0.0	0.0	0.0	0.0	0.0	0.0	0.0	0.0	0.0	0.0	0.0	0.0	0.0	0.0	0.0	0.0	0.0	7.096712	5.535892	27.360485	-2.5761926	10.059441	7.585509	36.065235	-0.9156942	0.00019120747	0.04641653	0.14701943	-0.1744623	-10.059249	7.601613	0.8541804	-36.066376	10.070301	7.5869656	36.066376	0.032801367	-0.6911387	0.3524381	0.08541804	-1.013478	158.973	207.51642	1300.7833	0.0010759296	9.169527	8.269762	36.067513	0.00010759297
2	2999	7.682731628417969	17.460537	16.582548	105.42657	5.3510084	20.979591	59.399616	0.0	59.399616	59.399616	53.0	0.0	0.0	0.0	0.0	0.0	0.0	0.0	0.0	0.0	0.0	0.0	0.0	0.0	0.0	0.0	0.0	0.0	0.0	0.0	8.233373	8.929823	41.937675	-3.47486	11.577597	11.154159	53.84074	-1.2010777	-0.0064440235	0.0468294	0.1649284	-0.19004168	-11.584041	11.1661625	1.1428806	-53.845547	11.603886	11.145538	53.845547	0.0026515198	-0.67772067	0.36472672	0.11428806	-1.0127316	258.8732	481.7752	2899.343	7.0305573e-06	10.73446	11.729387	53.850357	7.030557e-07
3	3999	9.393053531646729	17.077888	8.235182	38.263966	5.8786683	22.044445	59.796833	0.0	59.796833	59.796833	53.0	0.0	0.0	0.0	0.0	0.0	0.0	0.0	0.0	0.0	0.0	0.0	0.0	0.0	0.0	0.0	0.0	0.0	0.0	0.0	9.046069	10.344884	58.180862	-0.5064567	12.620604	12.953299	71.834915	-0.72630024	-0.005953491	0.047276206	0.19414265	-0.18380027	-12.626558	12.963253	0.8290137	-71.848015	12.631676	12.958266	71.848015	0.01398768	-0.6985208	0.35238665	0.08290137	-1.0159568	327.47586	734.363	5162.137	0.0001956552	11.766223	13.522319	71.86112	1.956552e-05
4	4999	11.181912660598755	22.184013	22.71988	109.465385	6.3513336	23.47619	60.312557	0.0	60.312557	60.312557	54.0	0.0	0.0	0.0	0.0	0.0	0.0	0.0	0.0	0.0	0.0	0.0	0.0	0.0	0.0	0.0	0.0	0.0	0.0	0.0	9.693829	9.1059	39.994812	-2.6318586	13.355648	11.939544	52.037384	-1.4091913	-0.00485045	0.048493277	0.16609204	-0.19987617	-13.360498	11.95228	1.3603591	-52.062874	13.386344	11.9233265	52.062874	0.0075428407	-0.71839136	0.35470018	0.13603592	-1.0122936	321.35992	511.5308	2710.5427	5.6894445e-05	12.600016	12.533471	52.088375	5.689444e-06
5	5999	603.0532462596893	129.69406	63.77475	219.28488	43.768513	65.333336	242.9978	0.0	242.9978	242.9978	156.0	111.307686	70.97904	271.8919	-48.24317	58.464325	0.08659066	2.334339	16.533997	-10.916566	-119.5113	0.91492593	0.03610495	0.99970007	0.86630535	-0.05367164	1.0416698	0.710991	5.301382	4.4107437e-06	73.10418	34.731537	124.14622	1.7665844	84.36385	40.151676	142.84833	1.7665844	225.70187	33.650276	270.89	83.14303	141.33801	25.934525	211.55995	80.93929	141.33801	25.934525	211.55995	80.93929	2.985588	3.7193048	21.063948	0.64067894	20649.033	7709.233	44757.613	6551.169	473.73373	699.82135	4436.899	58.573505
6	6999	1207.21919131279	153.95532	118.288124	340.96033	12.716524	120.42857	481.5054	0.0	481.5054	481.5054	289.0	247.27786	81.39349	399.33105	-60.547	139.0033	0.9898925	2.7816246	19.797178	-11.145709	-262.10245	0.8607163	0.003742745	0.866412	0.85218203	-0.0013937575	1.2013607	0.8264134	7.847738	4.053116e-06	123.50313	35.962868	178.89478	2.994517	118.19977	37.003654	159.62115	2.994517	296.97015	62.10869	391.0835	12.334487	178.77037	39.788406	262.76828	9.065364	178.77037	39.788406	262.76828	9.065364	1.7596463	0.97803664	8.86792	0.7681827	33541.965	12658.087	69047.17	82.180824	315.4035	174.09734	834.40704	8.218082
7	7999	1760.3541224002838	583.82245	185.50246	831.31433	384.72693	389.66666	8.998253	0.0	8.998253	8.998253	40.0	279.5567	90.51733	401.95248	-82.17168	128.30792	0.8476171	2.7851145	20.758804	-10.6463	-294.18274	0.8644157	0.037987523	0.9134683	0.7860977	-0.029203225	1.1780236	0.8411817	7.363431	4.23193e-06	1.9254462	4.8006377	23.323767	-4.5601845	1.7879795	6.791125	32.541946	-8.586725	286.48596	16.185358	314.6802	191.67908	284.69803	15.811734	318.66223	192.1066	284.69803	15.811734	318.66223	192.1066	27.519672	3.8378775	31.866224	7.9930277	81302.97	8583.53	101545.625	36904.94	7867.246	1334.2622	10154.5625	2079.056
8	8999	2323.758711576462	194.31723	325.65173	841.88245	9.480076	191.4	228.68161	0.0	228.68161	228.68161	108.0	237.5066	72.58344	343.17038	-88.898315	96.281944	0.61614615	2.7071943	17.90869	-12.427321	-248.61238	0.695324	0.050757717	0.78596234	0.6169944	-0.13821334	1.1202991	0.812676	7.9260473	3.874302e-06	94.14011	39.102417	144.25546	2.5901887	98.61235	40.922173	150.59364	2.5901887	254.83755	67.012794	332.06927	-3.6578934	156.2252	41.617874	229.7572	-9.419655	156.25974	41.488014	229.7572	0.50404227	2.080278	1.4597791	9.876319	-0.94196546	26138.361	11744.893	52788.37	0.25405863	314.73245	172.92213	975.41675	0.014405382
9	9999	2868.527422428131	296.5623	99.85761	516.73694	231.79326	128.16667	340.90173	0.0	340.90173	340.90173	162.0	224.17375	69.65565	340.88425	-95.93449	71.84687	0.7384886	2.6875315	22.79086	-11.079227	-233.88266	0.5695625	0.03119596	0.61683	0.5050798	-0.15193796	1.1069261	0.8146552	10.564353	2.9802322e-07	116.81144	35.193047	166.50693	2.785302	130.9502	40.326065	185.64622	2.785302	179.1	79.18081	267.08655	-24.198187	48.1498	43.766617	111.95476	-88.67686	60.993935	22.664072	111.95476	1.8676288	0.22777745	0.59683937	0.7753635	-3.2336323	4233.9204	2554.8342	12533.868	3.4880373	33.60254	19.249804	104.563774	0.034386646
10	10999	3457.651664495468	776.7648	209.20737	985.9721	567.5574	532.0	559.27435	0.0	559.27435	559.27435	239.0	185.39268	60.012833	278.53915	-103.49388	44.691883	0.2947923	2.6074164	20.261858	-12.000008	-192.38634	0.41213232	0.047855645	0.50492316	0.33796102	-0.6336223	1.0255957	0.7835602	8.539471	2.9802322e-08	141.89806	51.4242	194.77393	1.8685219	148.50163	54.311268	207.68987	1.8685219	142.94981	43.952084	220.98701	-3.0874505	-5.5518208	45.190365	151.21725	-94.04339	35.500626	28.507853	151.21725	0.0952545	0.23696849	1.3994552	15.121726	-0.8005774	2072.992	3358.9253	22866.658	0.00907342	40.93559	181.92245	2286.666	4.4144752e-05
11	11999	4070.1007690429688	674.8876	82.21842	746.93604	535.0611	280.25	538.6756	0.0	538.6756	538.6756	200.0	152.4432	45.707104	221.38376	-85.311806	29.621923	0.2830233	2.6390066	21.406202	-10.582853	-157.56483	0.28705698	0.025713172	0.3378314	0.2468889	-0.8914536	1.0371534	0.79492676	8.064354	2.026558e-06	167.69492	54.036842	223.90723	3.130203	165.62582	54.72011	218.55017	3.130203	139.43573	36.564613	185.71468	-1.5930532	-26.19008	31.13215	158.53633	-82.73525	34.24999	21.95608	158.53633	0.027394563	-0.030198615	1.0268064	15.853633	-0.582826	1655.1312	2188.994	25133.768	0.00075046206	21.272966	143.27565	2513.377	5.66228e-05
12	12999	4657.302512168884	499.9047	131.06609	708.3872	355.56625	182.66667	645.13275	0.0	645.13275	645.13275	206.0	149.85957	41.27649	240.95602	-76.42145	25.787382	0.7138662	2.7951212	22.338871	-12.09395	-154.64066	0.22531402	0.009350011	0.24682932	0.21578096	-0.41860077	1.1020062	0.8271744	6.813945	9.510666e-06	213.40346	75.13987	318.08133	4.0369444	203.4087	74.36916	306.76157	4.0369444	179.13518	37.077106	228.94713	12.705493	-24.273531	58.38222	110.6761	-135.99266	55.909992	29.525599	135.99266	0.16877721	0.064369105	0.7404796	9.481113	-0.4483409	3997.688	3749.8372	18494.004	0.028485747	26.708054	58.433846	898.91504	0.00034212886
13	13999	5182.031324625015	473.4188	113.69616	634.75726	279.4392	158.5	546.35486	0.0	546.35486	546.35486	178.0	166.25937	45.855984	246.04988	-94.34513	31.334808	1.0421059	2.899585	22.688938	-12.472923	-171.36736	0.21630903	0.0018809072	0.22312476	0.21349928	0.06392427	1.1051173	0.83493435	6.8945913	1.4305115e-06	149.96371	52.89718	203.11542	3.4866834	136.05437	47.374763	184.46654	3.4866834	173.40503	42.41643	229.02979	21.934444	37.350666	34.815983	127.719475	-54.656723	42.969322	27.58373	127.719475	0.35679108	0.46452466	0.6562783	6.5883465	-0.3251239	2607.2249	2968.989	16312.264	0.12729988	30.381893	44.56552	434.06308	0.000933001
14	14999	5686.466608762741	490.27646	74.01974	579.03125	387.19778	170.83333	680.64233	0.0	680.64233	680.64233	236.0	175.49571	52.78378	259.60107	-107.67937	34.19839	1.1932076	2.865521	22.464584	-10.940401	-180.84103	0.24070846	0.008703966	0.26292345	0.22317536	0.27443206	1.1015537	0.8457043	7.5781975	1.1026859e-06	192.24182	62.925304	264.24963	4.112473	186.11679	62.43704	261.0354	4.112473	182.63159	50.6241	246.90727	19.25774	-3.485199	33.257965	91.82532	-86.04711	25.995241	21.035358	91.82532	0.027031932	0.11325181	0.69823176	9.182531	-0.3763802	1118.2389	1535.1229	8431.889	0.00073072535	11.88985	47.98665	843.18884	4.491175e-06
15	15999	6231.729561090469	602.5036	60.77933	659.7225	512.76276	212.0	619.943	0.0	619.943	619.943	218.0	175.25247	52.9139	260.3162	-116.81456	31.288145	0.92710686	2.7908742	18.447388	-9.576454	-180.09804	0.26039514	0.00786261	0.26987845	0.24473631	-0.09983005	1.0906258	0.8367872	7.28535	8.1956387e-07	193.18263	60.641148	268.5211	4.0618267	193.75409	60.29848	265.16006	4.0618267	169.8543	61.163338	226.20634	-2.593551	-23.899775	20.627962	29.215586	-107.86649	26.651304	16.923944	107.86649	0.036824	-0.15217225	0.15232562	0.54945374	-1.0121615	996.71204	1417.929	11635.18	0.001356007	5.5833416	7.136567	55.010433	6.765083e-06
16	16999	6753.079488515854	623.1603	144.52815	780.66254	386.89297	213.4	658.88196	0.0	658.88196	658.88196	203.0	166.19621	46.95832	232.37404	-147.88536	26.38784	0.8423345	2.7966206	21.162968	-10.646184	-170.38634	0.22559457	0.011511949	0.244674	0.20532107	-0.23565121	1.0813829	0.8243043	7.115655	1.6987324e-06	204.04985	76.8522	296.8248	3.2301428	200.16907	74.816666	288.40192	3.2301428	161.77173	53.777916	214.1746	-3.0146112	-38.397335	46.229904	77.41129	-141.76315	50.324905	32.84758	141.76315	0.06186459	-0.14743876	0.30292428	3.586784	-0.8425199	3611.5593	3691.9668	20096.793	0.0038272273	16.156199	15.199169	128.65019	4.0977877e-05
17	17999	7257.276594400406	710.547	232.50085	1006.09827	425.97766	225.4	873.02277	0.0	873.02277	873.02277	293.0	166.65762	45.70321	254.00299	-139.46619	25.746323	0.9019102	2.869235	21.437435	-10.043352	-170.5202	0.19092566	0.0063001523	0.20527247	0.1828259	-0.16087602	1.0736939	0.8282949	7.651929	0.0	198.24753	74.33916	284.9295	3.7072396	193.07393	72.33403	274.48865	3.7072396	165.06761	55.833374	220.92395	-22.88102	-28.006319	36.05795	73.87149	-92.46828	39.61392	22.699501	92.46828	0.3966197	-0.100861974	0.50562423	7.3871493	-2.8572123	2084.5298	1894.6095	8550.382	0.1573072	12.42962	28.679594	545.69977	0.00077391876
18	18999	7752.419728517532	721.8508	419.75308	1125.7343	26.416	226.75	626.67267	0.0	626.67267	626.67267	198.0	170.86716	46.91958	253.95126	-132.02141	25.347982	1.0002007	2.895286	22.182785	-13.412855	-174.62288	0.18418032	0.000965936	0.18566097	0.18262775	0.00039133264	1.0770913	0.83592504	8.375484	1.3113022e-06	232.90462	68.55706	307.79037	3.7300432	226.7874	66.58818	305.23068	3.7300432	185.4834	53.544865	251.8982	-34.331203	-41.30399	29.424055	73.552345	-119.97148	46.70416	19.761475	119.97148	0.12332678	-0.18043819	0.2678024	1.4238571	-3.991265	2571.7942	1887.4535	14393.156	0.015209494	11.503412	11.0222225	159.30197	0.00045391047
19	19999	8241.646778821945	650.20264	88.426094	775.08905	504.4571	204.4	1090.5004	0.0	1090.5004	1090.5004	358.0	172.75471	48.21589	251.75378	-138.14067	25.96964	1.002436	2.9031336	23.11899	-12.540848	-176.3594	0.18223047	0.000999091	0.18409702	0.18039826	0.0041955938	1.0606134	0.83741844	7.2441235	2.503395e-06	237.76994	69.045906	310.64536	3.520085	236.59213	69.1867	311.6549	3.520085	192.28592	46.93103	237.07527	13.790369	-44.3062	41.34646	84.2301	-120.87237	55.931213	23.32957	120.87237	0.241443	-0.14354864	0.25761276	1.994872	-0.67774075	3672.5688	2438.0957	14610.13	0.058294717	15.3018675	10.261685	70.755455	0.001436863
20	20999	8730.047966241837	762.7049	183.34995	1054.8845	548.05145	247.75	840.89044	0.0	840.89044	840.89044	268.0	175.07661	49.37253	251.36398	-129.52766	25.057713	1.004158	2.8301632	22.871952	-12.116167	-178.54237	0.18239783	0.00067965186	0.18416601	0.18100627	0.007089696	1.0494689	0.8326366	6.581167	8.940697e-07	226.94754	71.3019	291.82507	3.6958394	223.7017	71.62809	289.90756	3.6958394	186.30861	53.06794	230.89037	-16.659565	-37.393097	27.970865	41.347256	-102.20272	41.278458	21.833513	102.20272	0.12726359	-0.14059405	0.30496708	4.1347256	-2.0425084	2180.6133	1731.8475	10445.396	0.016196022	9.528627	9.881289	170.95956	8.25601e-05
21	21999	9219.866076469421	700.6349	113.379684	885.343	530.14514	214.4	857.6697	0.0	857.6697	857.6697	270.0	177.6028	50.16944	253.51874	-108.296646	23.957975	1.008342	2.7411673	20.039183	-11.125219	-180.95074	0.18588662	0.0008404997	0.18717933	0.18406412	0.014102165	1.0428386	0.8255797	7.15119	2.3841858e-07	238.9221	74.234055	308.10687	3.8955839	237.17485	74.21604	304.31567	3.8955839	193.25171	51.828495	240.0587	8.328038	-43.923138	32.38741	40.808193	-108.26185	48.991966	24.041088	108.26185	0.037665747	-0.133715	0.2867906	4.080819	-0.3928428	2978.186	2191.1445	11720.629	0.0014187085	11.876808	10.081571	166.53087	6.508014e-06
22	22999	9720.79920244217	869.6741	175.21552	1075.3853	647.18195	291.33334	2995.7957	0.0	2995.7957	2995.7957	1000.0	180.86514	51.08909	256.98654	-105.30923	23.550959	1.0040883	2.7051377	21.104563	-10.848809	-184.2356	0.1884885	0.00075117726	0.19048816	0.18668191	0.006924408	1.0367482	0.82141364	6.805971	2.682209e-07	251.09581	63.840252	308.58194	3.4492557	249.99753	63.744106	307.28186	3.4492557	207.2564	47.7761	254.64021	-20.732283	-42.741093	27.944084	60.220726	-94.36117	47.79432	17.982655	94.36117	0.23963866	-0.13801159	0.37940243	6.022073	-2.543346	2607.6729	1569.9852	8904.03	0.057426687	11.307198	17.009861	362.6536	0.0010135352
23	23999	10200.791794776917	2863.6377	0.0	2863.6377	2863.6377	1000.0	766.9228	0.0	766.9228	766.9228	247.0	184.72218	51.51425	256.44977	-125.23034	23.244675	0.96088326	2.641309	21.784933	-10.244812	-187.97293	0.18245342	0.0038613002	0.18805423	0.17624104	-0.06651306	1.0173291	0.8080177	7.103648	2.2649765e-06	249.70064	70.58921	315.85727	3.659822	243.82292	70.5221	312.68338	3.659822	203.15646	49.7557	246.61397	-24.717787	-40.66645	32.120125	45.855896	-98.88054	47.212845	21.363752	98.88054	0.18618605	-0.13976519	0.32849818	3.5794613	-2.8923445	2685.463	1934.7145	9777.36	0.03466524	11.212968	10.893562	136.46939	0.0001922131
24	24999	10697.810866594315	1750.5801	901.9973	2652.5774	848.58276	565.0	2929.0483	0.0	2929.0483	2929.0483	1000.0	188.42924	51.935757	254.25778	-129.37248	22.560719	0.9649282	2.6468494	21.362926	-11.25174	-191.62831	0.17226821	0.0031937242	0.17710091	0.16749893	-0.061655793	1.0124829	0.80810785	6.524433	8.940697e-07	267.6391	63.646023	339.49124	4.047699	262.13568	62.919655	330.69113	4.047699	205.44063	48.053604	246.21753	-12.963974	-56.69506	23.16736	-2.2847028	-119.28875	56.69506	23.16736	119.28875	2.2847028	-0.225493	0.12834892	-0.025157262	-1.8584408	3751.0566	2818.2783	14229.806	5.2198668	13.479632	8.580567	43.856544	0.058865026
25	25999	11183.48306632042	1412.5581	673.13477	2085.6929	739.42334	487.0	2799.7021	0.0	2799.7021	2799.7021	1000.0	191.12216	52.410656	252.31876	-127.449	21.962782	0.98948187	2.6669939	21.595974	-11.460939	-194.1808	0.16618323	0.00088541803	0.1678752	0.16468586	-0.018848363	1.0205458	0.81424314	7.4085617	4.7683716e-07	286.37195	50.715927	342.81183	4.8021955	282.1341	50.89404	341.9448	4.8021955	225.27081	30.426682	249.18115	21.032549	-56.86327	28.009912	20.670864	-109.86732	58.034225	25.495396	109.86732	0.08786058	-0.18301237	0.12324239	1.7518939	-0.3249207	4017.9863	3108.0422	12070.828	0.0077194814	13.1453705	9.035052	35.60508	9.107238e-05
26	26999	11683.292580127716	2223.2517	0.0	2223.2517	2223.2517	701.0	2784.1382	0.0	2784.1382	2784.1382	1000.0	194.77313	52.892155	251.96281	-125.03097	21.145128	0.99363744	2.67876	21.201546	-10.251521	-197.80382	0.1629032	0.00056409364	0.16466884	0.16206223	-0.011472681	1.022271	0.81343347	6.9273424	2.9206276e-06	284.71936	12.282796	299.96344	225.8916	279.4695	10.199254	293.61722	230.40274	239.21957	7.478298	250.56303	202.6368	-40.24997	5.2894044	-26.488743	-54.618465	40.24997	5.2894044	54.618465	26.488743	-0.1437173	0.015710557	-0.101573415	-0.18686508	1648.038	426.78955	2983.1768	701.65344	5.8656507	1.3920028	10.206284	2.690552
27	27999	12174.328761577606	2878.462	0.0	2878.462	2878.462	1000.0	2904.137	0.0	2904.137	2904.137	1000.0	199.94885	53.655155	257.12088	-114.688934	20.8428	1.0002017	2.664349	21.41317	-10.010889	-202.98569	0.16263983	0.00049910654	0.16393192	0.16171737	0.0004116397	1.0282884	0.8115911	8.121425	1.3411045e-06	302.9413	14.5039625	322.7906	238.95622	297.26343	13.125367	319.86108	240.69518	242.64194	6.803298	253.2882	207.00829	-54.621483	9.026698	-31.553846	-73.06938	54.621483	9.026698	73.06938	31.553846	-0.1829008	0.02381578	-0.12502943	-0.23492035	3064.9878	978.5141	5339.1343	995.6452	10.20333	2.931928	17.154554	3.9451594
28	28999	12666.867030382156	3003.3708	0.0	3003.3708	3003.3708	1000.0	2980.4626	0.0	2980.4626	2980.4626	1000.0	204.40497	54.242214	258.42984	-115.82564	20.522099	1.0012605	2.676733	24.038315	-10.203137	-207.34218	0.16211292	0.0010201129	0.16345769	0.16002773	0.002339819	1.0379783	0.812204	8.2743	2.115965e-06	310.09427	16.47044	332.69986	241.09929	302.7447	14.97178	323.0811	238.83281	246.262	7.285483	258.7124	210.08781	-56.482708	10.95801	-28.366085	-82.42181	56.482708	10.95801	82.42181	28.366085	-0.18536405	0.029029142	-0.11211831	-0.25739735	3310.374	1210.0935	6793.3545	804.6347	10.786234	3.6015139	21.215157	3.2127624
29	29999	13172.268805980682	3156.0479	0.0	3156.0479	3156.0479	966.0	3168.578	0.0	3168.578	3168.578	1000.0	207.93666	54.482567	263.20743	-103.593254	20.149616	0.99771184	2.6392612	21.97322	-10.306069	-210.86725	0.16335738	0.001078204	0.16531809	0.16133985	-0.0040828926	1.0434883	0.8098795	7.1364326	2.5331974e-06	305.97043	46.731308	347.57773	4.918539	303.4565	46.99444	345.24585	4.918539	240.28442	34.903675	263.1403	-3.9099138	-63.172108	16.49843	-2.302394	-97.430336	63.172108	16.49843	97.430336	2.302394	-0.20773569	0.04820819	-0.03146878	-0.98336864	4262.913	1906.4556	9492.671	5.3010173	13.5220585	5.2938495	28.24679	0.07245352
30	30999	13664.541288137436	3279.2334	0.0	3279.2334	3279.2334	1000.0	3199.9954	0.0	3199.9954	3199.9954	1000.0	210.9651	54.67027	271.7107	-121.21547	20.038216	0.9916265	2.6065438	22.985518	-10.5302925	-213.78557	0.1619097	0.0007227686	0.16325489	0.16057806	-0.015212893	1.039063	0.80495584	8.688173	3.5017729e-06	313.211	34.104725	349.54953	129.50665	308.60577	33.03736	345.7317	127.77175	245.40923	25.527796	270.01083	88.75457	-63.196564	13.111951	-34.47097	-93.768616	63.196564	13.111951	93.768616	34.47097	-0.20421733	0.032427333	-0.13236842	-0.30536625	4165.729	1646.162	8792.554	1188.2478	13.248857	4.4844174	25.810154	4.5628676
31	31999	14164.619779109955	1498.152	344.22223	1948.0641	1112.206	443.33334	3125.4773	0.0	3125.4773	3125.4773	1000.0	213.16402	55.016785	273.73322	-114.13585	19.643429	0.98079646	2.6050816	25.573032	-11.312973	-215.90822	0.15829352	0.0017562187	0.160949	0.15536025	-0.03537872	1.0265743	0.8036792	9.587106	4.172325e-06	313.99237	18.675882	337.2339	239.44693	306.0027	15.607847	327.09186	245.94446	256.2651	10.6578045	270.23447	212.60289	-49.737576	7.2048016	-32.84739	-64.84944	49.737576	7.2048016	64.84944	32.84739	-0.16195667	0.01771238	-0.121821545	-0.2027929	2525.7354	704.8918	4205.4497	1078.9509	8.179202	2.0250106	13.147127	4.199196
32	32999	14650.769986867905	3155.8135	0.0	3155.8135	3155.8135	1000.0	3200.8865	0.0	3200.8865	3200.8865	1000.0	214.65405	55.587593	274.56354	-102.89993	18.695389	1.014151	2.612049	22.60897	-11.528244	-217.34554	0.15733524	0.0010807845	0.1591769	0.15517208	0.026215779	1.0271189	0.805157	11.463017	1.937151e-06	313.95914	18.64587	340.68973	239.90642	304.99423	15.390927	329.27313	244.45657	258.0871	10.970335	273.73633	213.53923	-46.9071	7.743704	-30.917349	-65.2131	46.9071	7.743704	65.2131	30.917349	-0.15321907	0.020360738	-0.10682017	-0.20453848	2260.2415	724.4995	4252.748	955.8825	7.34022	2.1268938	13.338588	3.4136808
33	33999	15152.468504190445	3137.989	0.0	3137.989	3137.989	1000.0	3188.0554	0.0	3188.0554	3188.0554	1000.0	217.56955	56.071075	277.2588	-92.239044	18.488115	0.9955655	2.6140764	24.09343	-11.257539	-220.20436	0.15829703	0.00045889133	0.15924789	0.1572783	-0.0081149135	1.0276861	0.80266047	9.490498	5.2452087e-06	310.84805	18.160908	334.1021	242.90373	300.80475	14.944442	323.46463	245.72394	260.00998	12.224922	274.18335	214.98375	-40.794796	6.2672343	-20.374147	-54.966755	40.794796	6.2672343	54.966755	20.374147	-0.13533068	0.017771147	-0.07111072	-0.17512375	1703.4933	490.5562	3021.3442	415.1059	5.626571	1.4769583	9.560377	1.4488202
34	34999	15637.882403373718	3195.8757	0.0	3195.8757	3195.8757	1000.0	3137.6655	0.0	3137.6655	3137.6655	1000.0	221.01414	56.219433	279.8056	-87.89185	18.199165	0.9893096	2.606841	22.396954	-10.649954	-223.61575	0.15668023	0.0011529137	0.15834816	0.15503496	-0.01977342	1.0257651	0.800683	8.245411	7.599592e-07	319.75	20.333784	344.44318	241.36023	314.10995	16.808817	336.75235	248.01479	263.69553	11.475419	279.11932	216.34334	-50.414387	7.4072866	-31.671448	-69.19881	50.414387	7.4072866	69.19881	31.671448	-0.15988241	0.017274672	-0.12371259	-0.20974576	2596.478	744.5284	4788.475	1003.08057	8.184549	2.0607915	14.508526	4.007922
35	35999	16131.37323975563	3197.9294	0.0	3197.9294	3197.9294	1000.0	3224.6648	0.0	3224.6648	3224.6648	1000.0	224.07837	56.66781	282.27786	-96.53024	16.977385	1.0010093	2.6058233	25.19128	-11.295097	-226.54935	0.15543708	0.0006358663	0.15649079	0.15413442	0.001929945	1.0223495	0.7994316	14.80337	2.0861626e-06	326.3056	21.277145	351.03607	244.89536	317.62552	17.516365	344.80576	250.64832	267.3106	12.723465	281.4715	216.57158	-50.314873	7.128637	-33.942593	-72.57731	50.314873	7.128637	72.57731	33.942593	-0.15790229	0.016344836	-0.12360674	-0.21713766	2582.4043	730.94336	5267.4653	1152.0996	8.055962	1.9775354	15.759267	4.5964785
36	36999	16650.31720304489	2748.3496	0.0	2748.3496	2748.3496	807.0	3229.0928	0.0	3229.0928	3229.0928	1000.0	226.61397	57.563564	284.78958	-95.09791	17.654207	0.9933203	2.6075916	26.154196	-10.985291	-229.06972	0.15420942	0.00048482072	0.15563054	0.15322886	-0.012424589	1.0225513	0.7975884	12.999247	7.927418e-06	323.65024	20.754501	348.7521	245.483	316.4423	16.597006	338.99197	252.7429	270.72183	13.567861	285.9069	218.60063	-45.720448	5.1056213	-33.665806	-61.06156	45.720448	5.1056213	61.06156	33.665806	-0.14429241	0.012017036	-0.116494775	-0.18611208	2116.4268	472.7642	3728.5142	1133.3866	6.652098	1.2779539	11.364293	4.248062
37	37999	17159.3705368042	1348.2548	0.0	1348.2548	1348.2548	412.0	3181.554	0.0	3181.554	3181.554	1000.0	228.11917	58.108913	287.42014	-76.69797	17.254898	1.0000948	2.588122	24.477821	-10.81874	-230.52306	0.15353096	0.0003804305	0.15444703	0.15286411	0.00021400976	1.021341	0.7942734	13.647269	1.013279e-06	318.31952	19.250475	345.63254	244.25998	314.3888	16.216713	340.68835	252.87793	271.12332	13.3327675	286.51657	219.61241	-43.265453	6.284169	-31.869312	-67.37237	43.265453	6.284169	67.37237	31.869312	-0.13735698	0.016250057	-0.10311797	-0.20365545	1911.3905	567.30164	4539.0356	1015.6531	6.038979	1.6007903	13.72075	3.2999983
38	38999	17656.992215156555	3189.3264	0.0	3189.3264	3189.3264	1000.0	3178.5217	0.0	3178.5217	3178.5217	1000.0	230.18683	58.176605	288.48022	-65.76534	16.8701	0.9936659	2.5698423	25.154457	-11.945501	-232.49442	0.15321434	0.0009255879	0.15449302	0.15160117	-0.011841761	1.0200034	0.791771	9.122901	8.34465e-07	317.34558	20.280045	340.52524	240.51321	310.185	15.926224	333.58093	247.06564	273.15244	13.598108	287.89835	219.29971	-37.03255	4.634557	-27.106318	-54.28396	37.03255	4.634557	54.28396	27.106318	-0.119238734	0.01198531	-0.08972035	-0.1674538	1392.8889	353.0895	2946.748	734.75244	4.4666038	1.0010394	9.0900545	2.505441
39	39999	18153.796462535858	3189.8467	0.0	3189.8467	3189.8467	1000.0	3107.9377	0.0	3107.9377	3107.9377	1000.0	232.54736	58.39312	290.96274	-57.662796	16.769686	0.9926984	2.5685208	25.533943	-12.178717	-234.88242	0.15180707	0.00048206767	0.15280384	0.1505168	-0.013747169	1.0173384	0.7877713	18.100355	2.30968e-06	311.84607	18.322247	339.22592	241.32202	311.17386	15.189647	334.85782	251.01082	273.84415	13.582736	289.3189	220.719	-37.3297	4.9357257	-24.436047	-53.623505	37.3297	4.9357257	53.623505	24.436047	-0.119896576	0.013936479	-0.07991407	-0.16509268	1417.8678	368.0518	2875.4802	597.1204	4.539286	1.0770005	8.852848	1.952784
40	40999	18650.418084144592	3189.8035	0.0	3189.8035	3189.8035	1000.0	3181.913	0.0	3181.913	3181.913	1000.0	235.07785	58.541824	294.33386	-53.618313	15.904442	0.9893863	2.5640385	28.378616	-10.211393	-237.40114	0.14902723	0.0007114506	0.15073197	0.14752641	-0.020154275	1.0167732	0.7862243	13.432003	4.917383e-07	320.40625	20.017467	344.48578	242.07599	317.5634	16.997618	337.5175	251.41959	278.19745	14.662555	293.35202	221.18472	-39.365967	4.1062074	-27.795605	-54.67567	39.365967	4.1062074	54.67567	27.795605	-0.123868	0.009900279	-0.088497065	-0.1652031	1566.5403	323.08737	2989.4292	772.5957	4.911264	0.8738038	9.03259	2.4598293
41	41999	19146.82849740982	3171.1267	0.0	3171.1267	3171.1267	1000.0	3181.0474	0.0	3181.0474	3181.0474	1000.0	237.64981	58.58873	296.713	-66.97922	16.167208	0.98605514	2.553582	23.410797	-11.207467	-239.89868	0.14556454	0.000730761	0.147727	0.14452758	-0.026778677	1.008159	0.78208286	16.848635	1.3113022e-06	320.16092	19.826454	340.90112	243.34677	316.53452	16.851349	333.71255	250.69624	280.09625	15.124923	295.7518	221.98589	-36.438236	3.5451355	-28.132877	-48.052246	36.438236	3.5451355	48.052246	28.132877	-0.11511024	0.009143901	-0.08830132	-0.14789134	1340.3129	258.34216	2309.0183	791.4588	4.221323	0.71263576	7.1065106	2.4841702
42	42999	19638.27886915207	3172.062	0.0	3172.062	3172.062	1000.0	3198.4658	0.0	3198.4658	3198.4658	1000.0	240.10628	58.403	298.35202	-69.688286	15.383297	0.98859394	2.5460782	24.48015	-13.067459	-242.3244	0.14281894	0.00069522916	0.14455266	0.14160098	-0.02214739	1.0060749	0.7805221	14.026342	1.5497208e-06	322.56894	19.433773	347.09253	245.86324	314.16022	14.891493	332.8599	251.4672	281.7351	16.159664	296.78632	222.09952	-32.42507	4.998815	-25.249289	-80.80216	32.42507	4.998815	80.80216	25.249289	-0.103554524	0.017150141	-0.07924198	-0.24781619	1076.3733	442.34323	6528.9893	637.52655	3.438606	1.3965765	20.024084	2.0008037
43	43999	20123.75313282013	3208.2314	0.0	3208.2314	3208.2314	1000.0	3185.263	0.0	3185.263	3185.263	1000.0	242.04077	58.59884	299.71402	-53.04173	15.943758	0.989511	2.5660877	24.13935	-12.860889	-244.24562	0.13966236	0.0007910814	0.14166543	0.13863036	-0.020545414	1.009266	0.78223974	18.089792	2.9057264e-06	320.48062	19.175934	344.14908	244.63231	316.48645	16.79861	338.8609	249.90433	282.68317	15.845796	298.07697	222.43553	-33.80332	3.8857784	-23.046743	-46.809998	33.80332	3.8857784	46.809998	23.046743	-0.106896594	0.011422157	-0.07246808	-0.1415883	1157.7638	266.90176	2191.176	531.15234	3.652221	0.7769976	6.6277485	1.6701531
44	44999	20624.974353551865	3173.3706	0.0	3173.3706	3173.3706	1000.0	1903.4644	0.0	1903.4644	1903.4644	575.0	244.41748	58.365585	301.70712	-46.62879	14.61212	0.9829024	2.5728319	25.295689	-13.985032	-246.53151	0.13699457	0.0012794695	0.13922052	0.13478585	-0.033911344	1.0007792	0.77893853	15.521494	1.1920929e-07	324.8653	19.8368	349.86533	247.23831	323.84753	17.487528	345.36838	254.29834	284.14337	16.198067	299.55722	222.64249	-39.70418	3.4590914	-31.407267	-53.84867	39.70418	3.4590914	53.84867	31.407267	-0.12271368	0.009588222	-0.09966003	-0.15886135	1588.3873	280.6239	2899.6792	986.41644	4.897726	0.76983654	8.554473	3.2701712
45	45999	21109.76878976822	3194.1697	0.0	3194.1697	3194.1697	1000.0	3228.4832	0.0	3228.4832	3228.4832	1000.0	246.21417	58.363987	303.09106	-41.319714	14.795485	0.9834571	2.5668	23.960495	-12.757479	-248.34622	0.1333033	0.001302716	0.13555019	0.13136575	-0.033285674	1.0008243	0.77969646	11.071881	6.631017e-07	322.79565	20.701153	345.17688	244.46367	321.26187	17.804274	342.4977	253.85109	282.90112	15.729741	298.65652	223.3925	-38.36074	3.7907844	-26.79664	-51.5783	38.36074	3.7907844	51.5783	26.79664	-0.11937365	0.009234364	-0.08465439	-0.15410522	1485.9164	286.65527	2660.321	718.05994	4.6080027	0.7603477	7.9484844	2.2684534
46	46999	21592.019088745117	3237.4849	0.0	3237.4849	3237.4849	1000.0	3233.3616	0.0	3233.3616	3233.3616	1000.0	247.83212	58.611813	304.522	-95.125916	14.050196	0.9979866	2.5769348	24.421799	-12.182987	-249.88197	0.13078249	0.000882755	0.13210239	0.12928528	-0.00403704	1.0005744	0.78290737	13.378624	3.2186508e-06	303.0506	58.84438	349.6464	3.381969	296.14563	57.76884	337.55957	3.381969	275.11545	40.71388	302.65268	5.0563426	-21.030182	23.164167	69.220985	-41.831375	29.498745	10.424548	69.220985	0.17153943	-0.04309991	0.15466161	0.95349246	-0.13247564	978.8471	650.6716	4791.5454	0.029425777	4.0434203	5.6878057	49.251972	0.00010350575
47	47999	22084.672246932983	3234.6948	0.0	3234.6948	3234.6948	1000.0	3231.906	0.0	3231.906	3231.906	1000.0	249.6387	58.370316	305.825	-80.913635	13.819166	0.9819453	2.5637636	27.219307	-10.606895	-251.59744	0.12984751	0.001413408	0.13163306	0.12722294	-0.03690389	0.9961809	0.77897984	16.317894	2.477318e-06	325.7807	20.919174	352.09955	246.96541	322.88333	18.104893	345.90628	253.3896	286.76056	16.504627	302.8142	224.1584	-36.122746	3.4405313	-28.279202	-51.125996	36.122746	3.4405313	51.125996	28.279202	-0.11191986	0.008899875	-0.09286897	-0.15244721	1316.6901	258.0586	2613.8674	799.7132	4.0670385	0.6953317	7.7940154	2.8205404
48	48999	22567.374108314514	2812.0195	445.2942	3257.3137	2366.7253	842.0	3271.7805	0.0	3271.7805	3271.7805	1000.0	251.48073	58.270874	306.94342	-68.14377	13.793044	0.9990043	2.564517	26.860615	-10.895035	-253.40286	0.1264848	0.00035873457	0.12727503	0.12592426	-0.0020082735	0.9970398	0.7800831	8.533291	1.9222498e-06	324.3243	21.979645	353.12222	245.44508	316.62433	19.206453	344.86835	250.09386	286.19376	16.692007	307.9613	225.01494	-30.430548	6.412492	-6.355579	-51.16614	30.430548	6.412492	51.16614	6.355579	-0.09581729	0.018281125	-0.02166614	-0.1530881	967.1383	365.2223	2617.974	40.393387	3.0276961	1.0617192	7.8329277	0.13770086
49	49999	23054.16741323471	3279.011	0.0	3279.011	3279.011	1000.0	3229.446	0.0	3229.446	3229.446	1000.0	252.2725	58.662117	308.3319	-40.437855	13.558541	0.9942043	2.58337	22.951506	-12.116576	-254.20403	0.12605749	0.0007249652	0.12732016	0.12488103	-0.011941469	0.9965161	0.78207153	11.584219	2.592802e-06	323.67834	20.475018	348.38684	244.44424	316.0606	17.8218	339.29608	247.62154	288.62747	17.844397	306.6656	224.61499	-27.433113	5.1575093	-16.13508	-75.078804	27.433113	5.1575093	75.078804	16.13508	-0.086980745	0.016334303	-0.050834484	-0.23165603	779.17566	359.182	5636.827	260.34082	2.4654775	1.1067904	17.392458	0.8202185
50	50999	23548.828561306	2438.1028	0.0	2438.1028	2438.1028	727.0	3216.386	0.0	3216.386	3216.386	1000.0	252.96883	58.82487	308.0639	-53.14391	13.252777	0.98842615	2.5543258	25.498775	-10.712937	-254.90797	0.12456099	0.0007068755	0.12587981	0.12347389	-0.024070216	0.99353606	0.7815969	12.171038	2.0861626e-07	319.88873	23.710651	348.70166	237.18819	310.73798	20.192457	334.72858	240.82082	288.2737	17.484724	307.11798	224.92818	-22.464256	6.46512	-2.5266662	-55.730076	22.464256	6.46512	55.730076	2.5266662	-0.07185026	0.018960034	-0.008438293	-0.17247188	546.4406	290.9929	3105.8413	6.384042	1.7336414	0.88004184	9.611871	0.02132075
51	51999	24047.729442358017	3263.8025	0.0	3263.8025	3263.8025	1000.0	3197.5598	0.0	3197.5598	3197.5598	1000.0	253.51718	59.098297	308.85138	-33.86603	13.209143	1.0016917	2.5565217	24.608723	-11.99607	-255.37135	0.12362747	0.00022464494	0.12409066	0.123101056	0.0035754	0.9975675	0.7851184	12.311367	3.1292439e-07	325.95334	22.926344	350.04767	242.84415	319.15408	19.17576	339.09033	248.90091	289.5822	17.571505	305.55362	224.5356	-29.571878	3.1487288	-21.866568	-42.543297	29.571878	3.1487288	42.543297	21.866568	-0.09266781	0.008080955	-0.07003784	-0.12892321	884.4104	191.97125	1809.9321	478.1468	2.7609124	0.52226126	5.4848185	1.5418332
52	52999	24542.54655122757	3162.949	0.0	3162.949	3162.949	1000.0	3206.5776	0.0	3206.5776	3206.5776	1000.0	254.1941	58.90158	308.97424	-76.08226	13.247014	0.9907484	2.5484912	24.012703	-10.681126	-256.04242	0.12346873	0.0009099281	0.12504256	0.12175765	-0.01936238	0.9960917	0.784473	9.115849	4.61936e-07	325.9003	22.042677	349.60477	245.59995	316.74216	19.597893	337.889	247.41083	290.89575	18.395227	308.62186	224.53325	-25.846401	3.5261052	-16.728403	-36.623882	25.846401	3.5261052	36.623882	16.728403	-0.08165178	0.010151963	-0.053112116	-0.11211079	680.4699	181.9435	1341.3087	279.83948	2.1415327	0.52299494	4.105932	0.8884809
53	53999	25051.47069978714	3175.6567	0.0	3175.6567	3175.6567	1000.0	552.83795	0.0	552.83795	552.83795	214.0	255.0691	58.761215	308.90073	-45.19811	12.940674	0.99325377	2.5576108	25.451397	-11.574849	-256.85895	0.122162916	0.0007436259	0.1237408	0.120408095	-0.01418741	0.9950593	0.78365356	8.414657	3.5762787e-07	192.96875	87.154625	322.11313	2.6865442	189.57109	84.41708	315.0417	2.6865442	281.39383	19.849117	307.09766	202.81378	91.82273	85.32537	291.3155	-17.626797	95.33973	81.376724	291.3155	0.08412676	1.7193645	4.427379	29.131548	-0.062956996	15711.835	21331.701	84864.71	0.0070773116	402.15167	1226.3031	8486.471	2.3644921e-05
54	54999	25536.31348323822	3190.7646	0.0	3190.7646	3190.7646	1000.0	3217.7222	0.0	3217.7222	3217.7222	1000.0	256.52185	58.385197	309.37936	-66.42638	13.037731	0.9956142	2.5630953	25.98734	-12.272663	-258.30862	0.11932692	0.0005044847	0.12040359	0.11850317	-0.009259297	0.99633855	0.7841136	8.260681	1.3113022e-06	325.8842	21.613287	349.0483	245.07066	318.4253	19.567469	338.15518	247.93658	291.88757	18.149078	308.53772	224.91911	-26.537746	4.126012	-16.64047	-41.849575	26.537746	4.126012	41.849575	16.64047	-0.0833279	0.011578821	-0.054530952	-0.12588164	721.27594	229.60626	1751.3868	276.90527	2.2546437	0.66109425	5.2680926	0.90742075
55	55999	26041.758789539337	3241.2634	0.0	3241.2634	3241.2634	1000.0	2778.8154	0.0	2778.8154	2778.8154	929.0	257.72443	58.30009	310.6784	-64.57642	12.443404	0.9827621	2.544574	25.778164	-13.5221195	-259.43182	0.11796117	0.0011125713	0.11971181	0.11608229	-0.03684162	0.99061924	0.781664	8.749111	2.861023e-06	236.5102	66.44227	321.4794	2.9759529	232.13559	65.23954	317.49637	2.9759529	288.87436	17.346073	309.57306	226.23033	56.738773	70.12086	295.35022	-19.116186	60.1794	67.191246	295.35022	0.010585974	0.7385752	2.7680228	29.535023	-0.06815224	8136.223	16095.235	87231.75	0.000112062844	163.80698	790.1921	8723.175	4.867751e-07
56	56999	26532.28826403618	3178.4646	0.0	3178.4646	3178.4646	1000.0	3177.4802	0.0	3177.4802	3177.4802	1000.0	259.2455	58.0684	311.52164	-35.933517	11.857039	0.993064	2.5450892	25.881363	-11.787312	-260.94733	0.11576719	0.000387638	0.11643497	0.114556625	-0.014934287	0.99292064	0.7837621	15.443591	1.4007092e-06	320.77875	20.871408	342.38782	243.35149	315.79327	18.793715	336.06277	246.66017	292.14566	17.979372	309.78992	225.59932	-23.647627	3.771412	-13.607509	-35.563957	23.647627	3.771412	35.563957	13.607509	-0.07495198	0.011379893	-0.04360324	-0.10918472	573.4338	177.08069	1264.7952	185.16429	1.8116223	0.52788126	3.8830407	0.5933315
57	57999	27034.320651054382	2795.7622	0.0	2795.7622	2795.7622	818.0	3195.83	0.0	3195.83	3195.83	1000.0	259.75342	58.35856	311.7018	-80.445206	12.203529	0.99421495	2.557815	22.817999	-12.472704	-261.45905	0.11414206	0.00044973177	0.11517857	0.11322189	-0.0124976905	0.9932079	0.78677344	14.829444	2.861023e-06	322.06375	20.672215	345.38818	243.61522	315.45544	18.530039	336.71658	246.8401	293.1237	18.37999	311.1586	226.44579	-22.33176	2.9343472	-14.884115	-28.60234	22.33176	2.9343472	28.60234	14.884115	-0.07099476	0.009743229	-0.04650351	-0.09257537	507.31787	130.56755	818.0939	221.5369	1.6106122	0.40520042	2.5025165	0.6921636
58	58999	27532.57891893387	2491.5518	334.4336	2825.9854	2157.1182	764.5	3212.4824	0.0	3212.4824	3212.4824	1000.0	260.5226	58.09688	311.85883	-49.39151	11.748399	1.0051178	2.553733	25.110657	-10.806104	-262.18332	0.113581516	0.0006068831	0.114647284	0.11252138	0.011148642	0.99596304	0.7867895	8.435507	2.7418137e-06	324.9154	21.669064	348.1237	244.47726	323.6991	19.276009	343.1219	250.90685	291.12265	17.428024	306.80972	226.54033	-32.57647	3.2220712	-23.230177	-43.093292	32.57647	3.2220712	43.093292	23.230177	-0.10062603	0.007815796	-0.08320051	-0.12865445	1071.6082	210.02357	1857.0317	539.6411	3.2979755	0.5598625	5.5441437	2.02881
59	59999	28033.94355249405	2930.3135	0.0	2930.3135	2930.3135	863.0	3193.743	0.0	3193.743	3193.743	1000.0	260.67844	58.178677	312.05075	-44.47513	12.662901	0.9983539	2.5228386	24.768456	-10.916815	-262.34995	0.115310684	0.0006165448	0.11653729	0.114004664	-0.003510604	0.99039006	0.7814109	10.303875	6.556511e-06	323.0452	20.92814	342.6358	243.7558	319.78104	19.054747	337.90274	245.17128	292.95776	17.629202	309.11432	227.21329	-26.823298	2.9833124	-17.08386	-34.289337	26.823298	2.9833124	34.289337	17.08386	-0.083867796	0.007977526	-0.06250509	-0.104897074	728.3895	156.10394	1175.7587	291.85828	2.2699594	0.44883698	3.5561264	1.0678282
60	60999	28521.819927215576	3198.485	0.0	3198.485	3198.485	1000.0	3201.2039	0.0	3201.2039	3201.2039	1000.0	261.52393	57.883324	312.4078	-42.666405	12.459314	0.987477	2.5236259	25.388844	-10.65136	-263.12207	0.11375886	0.0008999423	0.11493407	0.11190028	-0.027246695	0.98644465	0.7797329	19.642664	1.7881393e-06	321.07877	20.645994	345.39032	242.3263	317.27005	19.27068	339.94305	245.92903	292.97244	18.017569	310.9627	226.0526	-24.297607	3.6810246	-15.091703	-35.11562	24.297607	3.6810246	35.11562	15.091703	-0.076579854	0.010426068	-0.046977557	-0.10521107	603.9236	178.35472	1233.1067	227.75952	1.8955034	0.51578265	3.694552	0.7089714
61	61999	29030.111445188522	3178.6077	0.0	3178.6077	3178.6077	1000.0	2910.4194	0.0	2910.4194	2910.4194	1000.0	262.1413	58.287716	313.5028	-62.509544	12.29019	0.9971547	2.5379164	24.657282	-10.223509	-263.73755	0.11116447	0.00037885288	0.11209534	0.11042619	-0.00620494	0.9878627	0.782381	14.871436	1.6475096e-06	305.5634	17.073862	325.6893	237.13681	299.78162	15.443793	319.8567	239.18024	290.0291	17.114649	311.15854	226.03874	-9.752494	3.9744418	0.930613	-17.281164	9.754436	3.9696746	17.281164	0.08864549	-0.032874588	0.014201632	0.003101486	-0.065689795	110.90732	78.23531	298.63864	0.007858023	0.37621024	0.2743767	1.0522999	2.6197564e-05
62	62999	29526.61972975731	3091.2769	0.0	3091.2769	3091.2769	1000.0	3166.6545	0.0	3166.6545	3166.6545	1000.0	263.1457	57.685215	313.5721	-50.3468	11.812285	0.9966403	2.5273714	22.166279	-12.113587	-264.68228	0.11126579	0.00042807608	0.112124346	0.11048757	-0.0073421886	0.9891453	0.78229547	17.789341	2.7418137e-06	318.91168	20.921375	341.59186	240.6636	308.6779	18.48481	330.68765	242.07924	294.27786	18.924501	312.28012	226.13943	-14.400046	4.001584	-5.719195	-22.463268	14.400046	4.001584	22.463268	5.719195	-0.046864286	0.01350784	-0.018803442	-0.07873933	223.37402	114.93898	504.59842	32.70919	0.7269485	0.3770068	1.7494941	0.10754055
63	63999	30021.93446135521	3179.42	0.0	3179.42	3179.42	1000.0	3143.4048	0.0	3143.4048	3143.4048	1000.0	263.9185	57.824184	313.9823	-42.654766	11.808487	0.9856226	2.5283651	24.533546	-10.307408	-265.49173	0.110343814	0.0006154089	0.111264095	0.10823818	-0.031755567	0.984526	0.77903664	21.098482	2.5629997e-06	321.18182	20.071695	343.03616	244.32854	317.8708	18.425476	338.10062	249.62599	294.68063	18.637001	312.7358	226.71085	-23.190153	2.8457537	-15.5064125	-29.780567	23.190153	2.8457537	29.780567	15.5064125	-0.07323956	0.010181828	-0.048250906	-0.097210795	545.8814	128.99716	886.8822	240.44882	1.7237478	0.4175677	2.648384	0.75644773
64	64999	30515.62701368332	3172.2754	0.0	3172.2754	3172.2754	1000.0	2947.8643	0.0	2947.8643	2947.8643	1000.0	265.03195	57.47135	314.1304	-42.018635	11.865361	0.98378056	2.5403776	23.49271	-10.634686	-266.5654	0.106492214	0.0008640005	0.108212456	0.10512419	-0.036268424	0.97991693	0.7796284	10.456381	3.8146973e-06	314.2581	18.937967	336.5032	241.39293	308.1449	17.469847	331.5995	243.39403	293.85382	18.414703	313.0831	226.02522	-14.291119	4.914382	-0.767486	-24.32382	14.291119	4.914382	24.32382	0.767486	-0.046629876	0.01647627	-0.002454149	-0.08313226	228.38722	141.66577	591.64825	0.58903474	0.7453937	0.46341524	1.8290023	0.001883525
65	65999	31005.7149643898	3150.4998	0.0	3150.4998	3150.4998	1000.0	3190.9138	0.0	3190.9138	3190.9138	1000.0	266.0694	57.272152	314.79974	-38.99459	12.048055	0.9951938	2.5300846	24.809551	-11.52403	-267.5551	0.10463835	0.00035301642	0.10534903	0.10395853	-0.010800185	0.9791536	0.7773439	16.260454	5.662441e-07	321.43475	20.822138	343.0857	241.10066	318.10907	19.510355	339.64438	242.74803	296.323	19.02414	313.51163	227.09993	-21.786072	2.5700955	-14.423486	-30.140919	21.786072	2.5700955	30.140919	14.423486	-0.068637766	0.008361768	-0.050087206	-0.09645783	481.23834	113.8411	908.47504	208.03694	1.5135384	0.3536603	2.6885145	0.8076651
66	66999	31502.264340162277	2134.449	0.0	2134.449	2134.449	618.0	3177.3372	0.0	3177.3372	3177.3372	1000.0	266.50647	57.18161	315.13168	-42.926525	12.4395	0.9869539	2.5218682	24.641434	-10.564549	-267.96793	0.10356695	0.0007959087	0.10477826	0.10212429	-0.029586833	0.9750981	0.77771276	19.83355	3.6507845e-06	326.91464	21.69361	353.57687	246.90717	319.69778	19.248089	338.7897	246.36446	297.09058	19.173315	313.67807	226.68652	-22.60726	3.8791842	-10.37492	-37.47727	22.60726	3.8791842	37.47727	10.37492	-0.07091457	0.012443705	-0.03277542	-0.113366365	526.1363	173.92712	1404.5455	107.63896	1.6477827	0.5348576	4.2486615	0.34004238
67	67999	31995.378617048264	3144.704	0.0	3144.704	3144.704	932.0	3286.5774	0.0	3286.5774	3286.5774	1000.0	266.4735	57.711037	315.6666	-40.911247	11.400388	1.0020875	2.534838	23.705397	-10.547376	-267.94275	0.10184211	0.00046070098	0.102679126	0.10098515	0.0047983015	0.9722793	0.77892685	17.319712	2.9206276e-06	326.09845	22.970284	350.19894	243.3151	320.19415	19.146015	341.8369	248.49184	294.13272	18.589417	313.35153	227.04478	-26.061459	3.584437	-17.042355	-36.75325	26.061459	3.584437	36.75325	17.042355	-0.08154044	0.010956401	-0.051779017	-0.11131577	692.04785	194.71297	1350.8014	290.44186	2.159913	0.57636726	4.0912166	0.8824364
68	68999	32488.29422903061	3173.86	0.0	3173.86	3173.86	1000.0	2948.68	0.0	2948.68	2948.68	1000.0	267.1615	57.316288	315.65616	-40.2288	11.244084	0.98661923	2.5277197	23.386845	-10.961449	-268.56293	0.10183699	0.0009602071	0.10331406	0.10005022	-0.030604651	0.96969634	0.7770688	14.7027645	1.66893e-06	310.2813	16.722681	330.02148	242.47661	301.816	14.26601	318.57028	240.49298	293.8367	18.23937	313.45786	226.16422	-7.9793324	5.642883	2.0631943	-23.677485	8.054747	5.5347004	23.677485	0.013073084	-0.02709772	0.020510023	0.00677605	-0.090729915	95.51186	122.059845	560.6233	0.00017090554	0.33126402	0.44199345	2.047538	5.6213315e-07
69	69999	32980.687175512314	3175.9856	0.0	3175.9856	3175.9856	1000.0	2884.7446	0.0	2884.7446	2884.7446	1000.0	268.14212	57.145084	316.0845	-41.561966	10.624102	0.99184823	2.537895	25.012295	-13.413545	-269.58545	0.09947436	0.00061872083	0.10059888	0.09850585	-0.018779503	0.97105634	0.7776587	16.369907	1.7285347e-06	306.4627	20.494457	330.2649	229.89522	298.43793	17.514252	323.47104	235.72694	292.5328	17.618052	314.2816	227.38765	-5.905105	4.432	7.1550484	-15.0610895	6.617646	3.2740872	15.0610895	0.0018592174	-0.019798476	0.015400297	0.024866998	-0.06011273	54.512886	47.69338	226.83643	3.4566895e-06	0.18462735	0.17012066	0.88523734	1.1973771e-08
70	70999	33467.36631798744	3162.472	0.0	3162.472	3162.472	1000.0	3161.5645	0.0	3161.5645	3161.5645	1000.0	268.91855	56.897	316.82275	-42.811535	11.528121	1.0032431	2.5321026	24.258766	-11.121414	-270.3351	0.09911124	0.00035249314	0.099996395	0.098615445	0.00754216	0.97140366	0.7762263	11.338242	5.3048134e-06	320.0931	19.293602	347.28842	244.23547	312.2228	17.455738	334.4652	244.3025	296.64987	19.131361	315.30576	227.83809	-15.572915	5.2008605	2.2071462	-27.74872	15.595874	5.1315994	27.74872	0.007396382	-0.050257865	0.017953642	0.007334562	-0.09872083	269.56458	141.68716	769.99146	5.4706463e-05	0.87412846	0.48264045	2.7393768	1.7880845e-07
71	71999	33953.62254357338	3208.8442	0.0	3208.8442	3208.8442	1000.0	3170.5723	0.0	3170.5723	3170.5723	1000.0	269.65558	56.88259	316.77304	-41.783707	11.294078	0.99295676	2.5281672	26.007996	-12.342789	-271.07092	0.0983432	0.00066113117	0.099546626	0.09708026	-0.016275417	0.9667287	0.7746919	15.808586	1.8030405e-06	324.52103	21.91006	350.71542	245.57309	316.36624	18.583456	336.6239	246.76512	297.4021	19.329664	315.82867	228.46736	-18.964119	4.3157973	-8.891538	-38.461544	18.964119	4.3157973	38.461544	8.891538	-0.060243107	0.0143924365	-0.028286515	-0.11758109	378.26398	174.73587	1479.2903	79.05945	1.2017264	0.55272377	4.52235	0.25151062
72	72999	34444.981560230255	3376.679	0.0	3376.679	3376.679	1000.0	3129.9402	0.0	3129.9402	3129.9402	1000.0	270.3934	56.5799	317.5818	-41.645653	11.172501	0.989633	2.5219848	23.616617	-10.40476	-271.74194	0.09625366	0.000772928	0.09806881	0.095293984	-0.02412719	0.9638572	0.77480227	12.195987	3.5464764e-06	320.82028	20.139343	347.04156	242.90492	315.67303	19.154026	339.5384	244.90607	298.52667	19.296963	315.28644	227.60428	-17.146336	2.9896002	-11.173455	-27.139654	17.146336	2.9896002	27.139654	11.173455	-0.054532573	0.010019789	-0.034810487	-0.08060262	302.9345	110.15248	736.5608	124.8461	0.9626814	0.34681338	2.1730027	0.38895342
73	73999	34954.59746837616	3194.9348	0.0	3194.9348	3194.9348	1000.0	3148.1514	0.0	3148.1514	3148.1514	1000.0	270.77185	56.607018	317.80975	-41.772537	9.955236	0.98973584	2.5188456	25.068472	-9.5089	-272.13162	0.09549722	0.00073690957	0.09643248	0.09409694	-0.024077259	0.9622219	0.7753288	13.9335575	3.6209822e-06	318.80035	21.717384	341.95337	239.4401	311.00403	20.02812	332.3273	238.20499	297.1935	19.367725	316.60498	227.38972	-13.810493	3.634268	-4.4716334	-25.025347	13.810493	3.634268	25.025347	4.4716334	-0.04440063	0.011058897	-0.014107399	-0.07841297	203.93765	105.89026	626.268	19.995504	0.6519477	0.32249856	1.9623117	0.06308311
74	74999	35447.92774987221	3174.1604	0.0	3174.1604	3174.1604	1000.0	3171.6965	0.0	3171.6965	3171.6965	1000.0	271.6189	56.209393	318.829	-42.526966	11.074284	0.99843174	2.520303	22.723154	-11.858375	-272.94073	0.094737165	0.00025595858	0.09509528	0.094069324	-0.0036554337	0.96585083	0.7765856	18.023748	4.5895576e-06	327.45673	21.508793	348.24527	246.98428	319.56943	19.217531	338.5505	242.89719	299.12946	19.94275	316.1969	227.44815	-20.439991	3.223431	-11.224666	-29.285004	20.439991	3.223431	29.285004	11.224666	-0.064322814	0.011847051	-0.035068855	-0.09916587	428.18375	132.17552	857.61145	125.99312	1.3500389	0.4515636	2.8325872	0.39363614
75	75999	35951.6767179966	2720.9668	628.8054	3349.7722	2092.1614	802.5	3157.663	0.0	3157.663	3157.663	1000.0	272.11728	56.27211	318.98737	-41.258705	10.308879	0.99089223	2.5196888	26.564152	-10.84218	-273.42212	0.09351237	0.00043822508	0.09441013	0.09257656	-0.021524627	0.9583486	0.77567744	9.887517	1.2516975e-06	321.8757	21.011993	344.17676	242.82057	314.04395	19.388603	332.78928	241.92334	298.8118	19.952377	317.25778	227.38383	-15.232193	3.7787685	-5.883703	-24.937153	15.232193	3.7787685	24.937153	5.883703	-0.048773475	0.013083281	-0.019238846	-0.09823234	246.29881	121.85036	621.8616	34.61796	0.7902088	0.4115597	2.4496346	0.113195665
76	76999	36441.39084672928	3169.3962	0.0	3169.3962	3169.3962	939.0	3082.6914	0.0	3082.6914	3082.6914	1000.0	272.17365	56.304348	318.95895	-38.947178	10.879552	0.9959652	2.543359	23.526375	-13.470721	-273.4788	0.093166076	0.00047307805	0.09394876	0.091919854	-0.00955961	0.96096003	0.7786839	11.275315	5.9604645e-07	314.96924	18.7929	335.3729	240.35617	305.9807	16.205627	330.05945	242.08194	297.9164	18.984173	317.5244	228.13269	-8.064325	5.2377563	1.7924355	-19.463497	8.096889	5.187276	19.463497	0.052982897	-0.02686387	0.018132756	0.0058308286	-0.06359	92.467445	97.735886	378.82773	0.0028071871	0.31074774	0.33179066	1.1821467	8.938009e-06
77	77999	36928.397998571396	3174.2	0.0	3174.2	3174.2	1000.0	3120.5361	0.0	3120.5361	3120.5361	1000.0	272.37726	56.287918	319.89038	-49.67964	10.829283	1.0043639	2.5247576	23.556553	-11.127734	-273.69287	0.09328679	0.00045581136	0.093905136	0.09211527	0.010421794	0.9592732	0.77499825	9.51688	2.3841858e-07	322.21365	21.109005	348.12183	243.95328	313.4975	18.672123	334.8336	243.80927	298.5661	19.39791	317.12137	227.6388	-14.931384	3.5089693	-4.884974	-22.91359	14.931384	3.5089693	22.91359	4.884974	-0.047924265	0.01218886	-0.015291925	-0.078619294	235.25912	98.439095	525.03253	23.862972	0.75634015	0.32809535	1.6123161	0.07470065
78	78999	37418.0570025444	3173.264	0.0	3173.264	3173.264	1000.0	3158.4194	0.0	3158.4194	3158.4194	1000.0	272.99487	55.944016	319.1116	-41.483456	9.538861	0.9877361	2.518112	26.866356	-10.623025	-274.26007	0.092320256	0.00059490744	0.09329191	0.09071989	-0.029225934	0.9589505	0.77852166	14.333794	1.937151e-06	319.773	19.881454	340.29974	243.50002	313.28244	17.333069	330.11093	245.2516	298.72827	19.771915	317.97903	228.02762	-14.554189	4.4606853	-5.278047	-24.841116	14.554189	4.4606853	24.841116	5.278047	-0.047016673	0.016028034	-0.016602727	-0.08731747	231.72212	135.89433	617.08105	27.85778	0.7541707	0.46353227	1.9429857	0.08762997
79	79999	37914.09751582146	3182.4458	0.0	3182.4458	3182.4458	1000.0	3204.1973	0.0	3204.1973	3204.1973	1000.0	273.74323	55.37465	319.82407	-41.827812	9.135556	0.9878882	2.520611	23.580372	-11.310769	-274.9964	0.09011099	0.00042089494	0.090781406	0.08899589	-0.029122042	0.9556619	0.77540845	15.851129	1.5646219e-06	322.26956	20.3748	343.56332	243.89613	312.87274	17.927479	331.15158	244.2569	299.51935	20.020573	318.4584	226.84544	-13.3534	3.3367558	-6.625494	-21.026396	13.3534	3.3367558	21.026396	6.625494	-0.043230563	0.0129332105	-0.02068811	-0.08399839	189.44727	92.107994	442.1093	43.89717	0.61922574	0.3350618	1.7651178	0.13706894
80	80999	38433.24096465111	3194.233	0.0	3194.233	3194.233	1000.0	3179.2598	0.0	3179.2598	3179.2598	1000.0	274.44672	55.55254	320.37512	-43.461678	9.875479	0.99279124	2.532195	25.489582	-11.268634	-275.67807	0.08821017	0.00035289724	0.08906411	0.08752254	-0.01743288	0.9534112	0.77725405	13.742592	2.3245811e-06	321.00125	19.797806	342.2243	245.10648	311.23563	18.085886	332.16986	244.8834	299.84103	19.834677	318.65884	228.23936	-11.39459	4.020727	-0.03603857	-20.246899	11.39459	4.020727	20.246899	0.03603857	-0.03705442	0.014359566	-0.000118620614	-0.07007964	146.00294	88.01746	409.9369	0.0012987785	0.47863287	0.30642602	1.2639662	4.274917e-06
81	81999	38926.2774913311	3226.0576	0.0	3226.0576	3226.0576	1000.0	3217.7356	0.0	3217.7356	3217.7356	1000.0	275.1421	55.26278	320.5768	-42.438072	9.597745	1.0013188	2.5296059	25.626438	-11.444567	-276.35934	0.08791722	0.0004678507	0.08890881	0.087154366	0.003260208	0.9565986	0.77935016	14.199804	1.1920929e-07	322.42108	21.642653	344.33026	242.64597	317.3118	18.798784	336.63696	247.2298	300.02405	20.116007	318.5829	228.26408	-17.287718	3.4639468	-5.1458106	-25.10924	17.287718	3.4639468	25.10924	5.1458106	-0.054925594	0.0127702495	-0.016374545	-0.08809302	310.86414	113.13802	630.47394	26.479364	0.99146426	0.38908443	1.9746883	0.08426031
82	82999	39413.655322790146	3308.4028	0.0	3308.4028	3308.4028	1000.0	3163.42	0.0	3163.42	3163.42	1000.0	275.7188	55.045174	320.5125	-41.76409	10.122348	0.98778856	2.5190682	23.496395	-10.514122	-276.92776	0.087332964	0.00040959514	0.08832157	0.086344495	-0.029755594	0.95288026	0.77522886	19.830885	3.6358833e-06	318.1513	19.749199	342.63504	242.46477	310.06763	17.693491	333.71628	242.21504	300.2209	19.571068	319.14478	228.39835	-9.846702	3.9546907	-1.9752556	-19.093945	9.846702	3.9546907	19.093945	1.9752556	-0.032208905	0.01413085	-0.0064654443	-0.075068	112.59711	82.83177	364.57874	3.9016347	0.37186906	0.28913188	1.4064572	0.012770905
83	83999	39900.48047018051	3193.369	0.0	3193.369	3193.369	1000.0	3201.5684	0.0	3201.5684	3201.5684	1000.0	276.09567	54.758766	320.51996	-44.793633	9.498338	0.9882166	2.5177498	28.158981	-10.988467	-277.26532	0.08609451	0.00063542335	0.087151416	0.08466479	-0.028932014	0.94843537	0.77401114	12.015253	9.0897083e-07	325.7029	20.419899	349.21005	246.03743	320.7359	19.244946	337.7032	247.83759	299.81607	19.70209	318.56232	228.51619	-20.919813	3.1836839	-12.480577	-32.07162	20.919813	3.1836839	32.07162	12.480577	-0.06553812	0.011207648	-0.039335072	-0.09682231	447.77448	138.82808	1028.5889	155.76482	1.4035273	0.4483593	3.0746927	0.4910957
84	84999	40397.71453285217	3205.187	0.0	3205.187	3205.187	1000.0	3202.58	0.0	3202.58	3202.58	1000.0	276.74905	54.852345	320.79276	-41.862343	8.441181	1.0041269	2.5184572	23.621735	-11.096029	-277.942	0.08460884	0.0002088193	0.08501787	0.084142976	0.010233546	0.94760805	0.775529	18.346565	4.7683716e-07	322.94263	20.27431	344.144	245.91557	315.9834	19.040056	334.3422	242.87944	300.8856	20.104677	319.12628	228.2863	-15.097811	2.949022	-6.0628033	-21.450998	15.097811	2.949022	21.450998	6.0628033	-0.04816439	0.010987722	-0.01941884	-0.078951545	236.64066	88.605255	460.14532	36.757584	0.7578737	0.3069362	1.6198957	0.11773261
85	85999	40890.97821187973	2233.8342	0.0	2233.8342	2233.8342	659.0	3205.7349	0.0	3205.7349	3205.7349	1000.0	276.93954	54.737732	320.8958	-40.41181	10.404113	0.9940012	2.5241902	26.611553	-11.217943	-278.10406	0.08510573	0.00047580435	0.085798964	0.084125444	-0.014759348	0.9465851	0.7748922	16.44806	8.7171793e-07	326.60565	21.474049	348.38055	246.16505	319.54922	18.670807	339.23486	249.61855	300.7156	19.902283	318.41873	227.64629	-18.833612	3.8088164	-10.517207	-25.907818	18.833612	3.8088164	25.907818	10.517207	-0.05935407	0.013509542	-0.032151386	-0.08802333	369.21207	139.95673	671.21497	110.61164	1.1666325	0.46401003	2.148816	0.33814278
86	86999	41388.8364136219	3196.2383	0.0	3196.2383	3196.2383	1000.0	3219.8545	0.0	3219.8545	3219.8545	1000.0	276.96463	55.0178	320.862	-42.11813	8.475308	0.9940317	2.5004196	23.836422	-11.388673	-278.12668	0.08411863	0.00030437397	0.08464213	0.08338272	-0.014749207	0.9460679	0.7730797	14.956303	2.875924e-06	326.71515	21.176628	355.36673	247.58054	315.7964	17.71682	340.27237	247.50542	295.959	19.630808	316.3714	228.35965	-19.837383	6.922049	-1.5778996	-39.525898	19.837383	6.922049	39.525898	1.5778996	-0.063173935	0.022571253	-0.005162431	-0.12236971	441.43652	309.71933	1562.2968	2.4897673	1.4065474	0.9784363	4.836773	0.008145798
87	87999	41881.71925544739	3162.009	0.0	3162.009	3162.009	1000.0	3176.6545	0.0	3176.6545	3176.6545	1000.0	277.49823	54.895977	321.0864	-42.319878	9.151814	0.9855209	2.5122373	24.824883	-11.66651	-278.63876	0.082273856	0.000730323	0.08363177	0.08124276	-0.036092658	0.9401218	0.7723408	16.71046	4.4107437e-06	320.64755	19.26307	340.44885	245.42053	316.91983	18.921652	334.6987	244.93913	300.57953	20.101212	319.11826	228.18279	-16.34031	2.907655	-8.148071	-22.901684	16.34031	2.907655	22.901684	8.148071	-0.05197733	0.01105247	-0.025142232	-0.080990635	275.46017	94.63869	524.4871	66.39106	0.87961483	0.32997552	1.7561741	0.20486069
88	88999	42374.908640384674	3240.1033	0.0	3240.1033	3240.1033	1000.0	3194.3152	0.0	3194.3152	3194.3152	1000.0	278.0316	54.606888	321.15836	-45.379734	9.482383	0.99881387	2.5102093	25.26798	-9.843316	-279.17444	0.08159255	0.00039061546	0.0823373	0.08102039	-0.0029291133	0.9434752	0.77229136	10.611173	3.3825636e-06	322.5281	20.186203	343.9395	245.3849	317.0647	18.75316	335.13113	244.44377	301.36832	20.01927	319.10333	228.154	-15.696455	3.0011384	-7.9147806	-22.099154	15.696455	3.0011384	22.099154	7.9147806	-0.049927093	0.011251439	-0.02435999	-0.079583645	255.38556	91.24193	488.37256	62.64375	0.81567204	0.31582332	1.5721145	0.19280398
89	89999	42873.3025033474	3208.1604	0.0	3208.1604	3208.1604	1000.0	3174.9507	0.0	3174.9507	3174.9507	1000.0	278.55005	54.473995	321.33856	-44.035934	9.878932	0.9931787	2.5201952	25.773777	-10.149851	-279.67563	0.08079938	0.00038296776	0.081559844	0.07997986	-0.01711121	0.93990844	0.772708	24.214714	1.9073486e-06	320.91727	19.711655	342.09393	244.19966	310.54077	17.195635	332.11783	243.44438	301.53186	20.327396	321.15878	228.6847	-9.00896	5.424376	4.1791058	-21.024178	9.265153	4.974149	21.024178	0.08422029	-0.02962951	0.018998109	0.013241937	-0.07594279	110.585205	101.916145	442.01602	0.007093058	0.36891702	0.3592955	1.5807785	2.3040086e-05
90	90999	43394.32492208481	3217.7227	0.0	3217.7227	3217.7227	1000.0	3402.627	0.0	3402.627	3402.627	1000.0	279.07663	54.35567	321.58527	-40.772594	9.236873	0.99800634	2.5389748	28.594492	-13.721571	-280.24103	0.07992069	0.0001288599	0.08036331	0.07963451	-0.0049940865	0.93941206	0.7761511	13.746969	1.6391277e-06	328.95154	22.157925	349.6332	245.21632	319.00613	20.683527	337.65475	231.19348	302.34677	20.931044	320.9587	208.86758	-16.659307	4.414873	-0.024053322	-64.90792	16.659307	4.414873	64.90792	0.024053322	-0.05238809	0.015439689	-9.903305e-05	-0.23708448	297.02362	196.4872	4213.0386	0.0005785623	0.93892455	0.7016383	15.38866	2.382074e-06
91	91999	43893.833535432816	3348.5186	0.0	3348.5186	3348.5186	1000.0	3152.5342	0.0	3152.5342	3152.5342	1000.0	279.36194	54.455193	322.02432	-43.6262	8.126121	0.9931494	2.5182848	24.867653	-11.074271	-280.47806	0.07941495	0.00033219083	0.080048	0.07885691	-0.017301492	0.9379754	0.7713692	15.723879	5.9604645e-07	317.64334	17.944458	337.80783	244.40738	312.20898	16.813513	332.7248	242.89209	301.13647	19.96101	320.40698	228.27148	-11.07249	5.857075	1.9526843	-21.273764	11.111538	5.782654	21.273764	0.018912312	-0.036053974	0.020187331	0.0061792056	-0.0771545	156.90535	131.22168	452.573	0.00035767554	0.51613325	0.44804695	1.5329174	1.1259929e-06
92	92999	44382.723726511	2422.8672	0.0	2422.8672	2422.8672	704.0	3134.9307	0.0	3134.9307	3134.9307	1000.0	279.48227	54.832695	322.14435	-39.09506	8.316827	1.002663	2.5283537	27.530994	-11.506052	-280.59863	0.07886396	0.00029644778	0.079534344	0.07831321	0.006820332	0.93462515	0.77500796	10.785909	4.172325e-06	302.19446	24.706985	333.6282	214.07487	292.65314	23.58305	321.0886	206.28427	301.58572	20.024712	320.93546	228.9772	8.932596	23.087927	101.80173	-15.012102	15.543591	19.2676	101.80173	0.03587941	0.035497803	0.09459736	0.4935021	-0.061157767	612.8437	1523.1682	10363.591	0.0012873322	2.4848402	6.7848845	50.239365	4.132879e-06
93	93999	44875.96095299721	3318.7344	0.0	3318.7344	3318.7344	1000.0	3158.2878	0.0	3158.2878	3158.2878	1000.0	279.4757	54.86415	321.9557	-39.136982	8.404949	0.9987112	2.5193624	24.335318	-11.477331	-280.56882	0.07929492	0.00023676138	0.07981583	0.078709275	-0.0032164005	0.93437785	0.7748539	15.663307	1.4007092e-06	319.612	20.01518	342.4886	242.24355	308.68832	18.25527	332.38425	239.78503	301.4481	20.259914	320.91986	228.46318	-7.2402244	5.1869974	6.5518627	-19.639881	7.7044	4.468559	19.639881	0.0022032259	-0.023866141	0.017794173	0.02124216	-0.07408983	79.32579	73.76767	385.72495	4.8542042e-06	0.2641964	0.25830054	1.4551156	1.5697562e-08
94	94999	45367.34903669357	3208.5122	0.0	3208.5122	3208.5122	1000.0	3207.6206	0.0	3207.6206	3207.6206	1000.0	279.711	54.567646	322.30997	-41.3478	7.910558	1.000363	2.5308142	25.795578	-11.028305	-280.81152	0.07911963	0.000115379145	0.07942703	0.078863844	0.0009650289	0.9372058	0.7765545	15.694065	1.1324883e-06	326.70645	20.57706	347.2917	247.84995	317.50662	19.298103	337.25565	246.40593	302.8474	20.943495	321.372	228.76514	-14.659192	3.6600559	-7.220214	-28.586657	14.659192	3.6600559	28.586657	7.220214	-0.046669908	0.013496635	-0.022700084	-0.08690153	228.2879	112.99776	817.19696	52.13149	0.73164856	0.38965675	2.4842243	0.16389947
95	95999	45865.838443279266	3189.4666	0.0	3189.4666	3189.4666	1000.0	3100.4763	0.0	3100.4763	3100.4763	914.0	280.14752	54.2271	322.5564	-38.976753	7.7459145	0.9865452	2.5174549	25.071856	-10.150298	-281.17987	0.07853301	0.0006617602	0.07956717	0.077162184	-0.034204286	0.93550634	0.77314305	17.950006	1.1324883e-06	327.09354	21.81388	348.67883	246.68417	317.27505	19.271744	337.5667	245.68228	300.52277	19.865692	319.4459	228.51909	-16.752287	3.443468	-10.165473	-36.461132	16.752287	3.443468	36.461132	10.165473	-0.05308918	0.011742884	-0.031385798	-0.112939745	292.49655	130.51036	1329.4141	103.33683	0.92756	0.4172649	4.117911	0.31905147
96	96999	46358.25217795372	3217.946	0.0	3217.946	3217.946	1000.0	3259.1763	0.0	3259.1763	3259.1763	1000.0	280.81653	53.936485	322.73553	-39.673847	7.583913	0.9926443	2.540436	26.613047	-12.459734	-281.8742	0.07764225	0.0006754484	0.07850495	0.076235406	-0.018785425	0.9362836	0.77664524	17.087822	1.4603138e-06	325.9049	20.376762	346.94366	247.06255	319.65814	19.310295	337.1661	245.68718	302.70197	20.370607	320.82532	228.68071	-16.95619	3.0188828	-5.780753	-23.510927	16.95619	3.0188828	23.510927	5.780753	-0.05344518	0.011253142	-0.0181854	-0.08651365	296.626	99.11893	552.76373	33.41711	0.93815684	0.34267935	1.9526052	0.105125315
97	97999	46841.84960460663	3222.9175	0.0	3222.9175	3222.9175	1000.0	3168.9517	0.0	3168.9517	3168.9517	1000.0	281.20218	53.98572	322.88916	-40.736603	8.139622	1.0017296	2.538405	23.990501	-10.796604	-282.2709	0.07668404	0.00030674547	0.07731476	0.07603332	0.004490823	0.9369456	0.77799964	23.339067	1.1324883e-06	297.3574	50.52137	347.18942	73.49192	287.3079	48.816055	333.3102	73.90421	302.92157	20.479347	321.83688	228.51024	15.613718	49.73274	234.39168	-17.970531	27.691006	44.16267	234.39168	0.0046338565	0.11245053	0.393078	3.1715603	-0.07110686	2717.1335	8183.2485	54939.46	2.1472624e-05	19.869406	78.02716	743.3874	7.985562e-08
98	98999	47331.01175904274	3222.292	0.0	3222.292	3222.292	1000.0	3167.6924	0.0	3167.6924	3167.6924	1000.0	281.6247	53.96805	322.69168	-40.482357	7.6670985	0.9898983	2.5244105	24.423046	-10.359852	-282.63077	0.07599327	0.0003913141	0.076773666	0.07540902	-0.02597071	0.9319567	0.77635646	24.585608	4.172325e-07	308.31726	24.281862	335.0094	220.78694	294.1884	21.697996	323.6021	214.07684	302.2485	20.348677	321.85922	229.13956	8.060094	19.805305	94.16651	-35.43509	12.052378	17.662258	94.16651	0.008694776	0.030679129	0.08086678	0.43987247	-0.11323332	457.2152	1332.0612	8867.331	7.5599135e-05	1.8392588	5.764015	41.421257	2.6218123e-07
99	99999	47816.768387556076	3217.1584	0.0	3217.1584	3217.1584	1000.0	3272.834	0.0	3272.834	3272.834	1000.0	282.20752	53.62443	323.31195	-37.902344	7.6011043	0.99559164	2.5381339	28.132141	-10.882004	-283.21786	0.075430326	0.00027364193	0.07586051	0.0747587	-0.011362103	0.9352069	0.7764508	11.97199	1.1920929e-07	327.81815	20.181639	346.07114	248.62009	321.74915	19.449797	338.00436	247.31816	303.38	20.361889	321.29922	228.92992	-18.369148	3.0689883	-10.718253	-25.92302	18.369148	3.0689883	25.92302	10.718253	-0.057476006	0.011296089	-0.032881673	-0.09197584	346.84433	112.92838	672.0029	114.88096	1.0880406	0.3823512	2.2329617	0.35243413
100	100999	48305.2686984539	3244.8525	0.0	3244.8525	3244.8525	1000.0	3233.2288	0.0	3233.2288	3233.2288	1000.0	282.81927	53.4183	323.44293	-38.938168	7.183084	0.9929004	2.5318696	24.741999	-11.776086	-283.8076	0.074739695	0.0003385741	0.07539703	0.07403145	-0.018380275	0.92876935	0.77251875	11.1845875	3.6358833e-06	324.71222	19.775953	345.17966	247.31346	321.56445	19.2066	337.97824	247.77832	303.7472	20.076283	321.4598	229.92764	-17.817276	2.569088	-10.652796	-24.118504	17.817276	2.569088	24.118504	10.652796	-0.055779636	0.009798192	-0.032757316	-0.08295246	324.05548	89.534454	581.7023	113.482056	1.016949	0.30706087	1.9468433	0.348957
101	101999	48788.481516599655	3205.7617	0.0	3205.7617	3205.7617	1000.0	3208.8923	0.0	3208.8923	3208.8923	1000.0	283.19492	53.37876	323.9584	-34.068237	7.786837	1.0025748	2.5548267	27.075703	-11.064435	-284.1999	0.07404744	0.00033666388	0.07474582	0.073352255	0.0067536132	0.92556036	0.77536166	16.032467	5.662441e-07	323.595	18.861792	343.16898	247.59598	315.41003	17.857658	331.7875	244.17274	304.1806	20.536743	322.6633	229.46196	-11.229421	4.2225065	-2.827162	-21.056993	11.229421	4.2225065	21.056993	2.827162	-0.03620378	0.015240635	-0.008764623	-0.08218213	143.92944	102.53347	443.39694	7.9928455	0.46989027	0.35731733	1.6885308	0.02477901
102	102999	49281.55379676819	3233.443	0.0	3233.443	3233.443	1000.0	3253.8752	0.0	3253.8752	3253.8752	1000.0	283.58167	53.117447	324.4805	-30.885202	8.3996525	0.993688	2.504376	24.318642	-11.049085	-284.5703	0.074138395	0.00025257553	0.074622884	0.073368885	-0.016398758	0.92550844	0.7718188	20.524757	4.177913e-06	325.63553	20.394648	345.59262	246.6885	314.72168	19.322788	335.0618	240.67227	304.70636	20.708132	322.7523	230.1442	-10.0153	3.289854	-1.9174575	-22.837793	10.0153	3.289854	22.837793	1.9174575	-0.032223497	0.011763389	-0.0060086395	-0.07089259	111.12936	68.60573	521.5648	3.6766431	0.36035603	0.23552734	1.6190304	0.011521311
103	103999	49768.04784321785	3202.6318	0.0	3202.6318	3202.6318	1000.0	3256.5627	0.0	3256.5627	3256.5627	1000.0	284.0782	52.96524	323.9964	-33.009228	8.932509	0.9898724	2.5311038	29.522038	-11.432085	-285.0655	0.07266986	0.00036154746	0.07344099	0.071889825	-0.026474826	0.9245975	0.77243197	18.655739	1.4305115e-06	325.826	19.268238	344.8532	247.9078	320.23315	19.02426	336.6635	242.58131	304.32034	20.306059	322.48477	229.87505	-15.912798	2.9901326	-9.273321	-24.174946	15.912798	2.9901326	24.174946	9.273321	-0.050108787	0.011236027	-0.028143011	-0.08483101	262.15802	98.06125	584.42804	85.994484	0.82936555	0.33959693	1.8696347	0.26193583
104	104999	50258.09055137634	3342.1707	0.0	3342.1707	3342.1707	992.0	3273.4114	0.0	3273.4114	3273.4114	1000.0	284.25763	53.031742	324.60715	-33.050217	7.337542	1.0014242	2.5454593	26.425789	-10.343187	-285.23688	0.07205496	0.00027415736	0.07259069	0.07159707	0.003793353	0.92511606	0.77387697	21.704153	1.3709068e-06	303.76053	70.25805	346.68604	2.8429978	294.77835	67.98768	335.44788	2.8429978	303.0161	21.735863	323.68707	230.53136	8.237771	60.65034	303.4122	-17.89843	28.296352	54.27376	303.4122	2.8890667	0.36430264	2.4187446	30.341219	-0.06435942	3746.3247	13263.056	92058.95	8.346707	101.525345	703.79504	9205.8955	0.02657528
105	105999	50743.14133286476	3207.5774	0.0	3207.5774	3207.5774	1000.0	3239.0317	0.0	3239.0317	3239.0317	1000.0	284.54407	52.893726	324.96967	-39.395985	6.867904	1.0008913	2.5195901	28.015446	-11.303797	-285.52057	0.07201083	0.0002052127	0.072533965	0.07153984	0.0023858775	0.92831624	0.77173495	11.252746	4.4703484e-07	325.8044	18.3399	344.4852	249.7228	316.2384	17.8909	332.07245	245.54807	305.24677	20.650162	322.7669	229.77148	-10.991631	4.267711	-0.7874056	-19.670479	10.991631	4.267711	19.670479	0.7874056	-0.035375893	0.015367599	-0.0024588194	-0.074933216	139.0293	92.73832	386.92776	0.6200076	0.45337206	0.32599527	1.4587362	0.0019360882
106	106999	51225.84173440933	3236.216	0.0	3236.216	3236.216	1000.0	3251.867	0.0	3251.867	3251.867	1000.0	284.8861	52.669727	324.66022	-40.825005	7.3129196	0.99402016	2.5324082	25.778374	-11.025199	-285.86575	0.072558515	0.00017905174	0.072885625	0.07182414	-0.015678974	0.92874795	0.7743843	15.894416	6.735325e-06	299.69485	60.667618	347.53455	3.2019773	294.28683	59.338837	336.77316	3.2019773	304.2197	20.769104	321.70203	229.84561	9.932872	59.804115	314.8087	-24.715075	32.23249	51.34453	314.8087	0.023561912	0.2817765	2.0191507	31.480867	-0.0891991	3675.194	12868.368	99104.5	0.00055516366	79.94836	609.37164	9910.45	1.7623325e-06
107	107999	51704.86603164673	3239.637	0.0	3239.637	3239.637	1000.0	3199.7363	0.0	3199.7363	3199.7363	1000.0	285.24875	52.6586	324.71057	-27.71569	7.239312	1.000433	2.5472856	29.455599	-11.7614355	-286.2143	0.07186534	0.00027562238	0.07231403	0.071338214	0.0011951675	0.927325	0.77425003	18.607227	6.854534e-07	275.50833	59.199238	338.9375	72.49924	263.87094	56.515945	324.4068	71.16514	304.7168	20.630093	323.96353	229.90416	40.845856	61.202946	242.19818	-18.028555	43.97962	58.991337	242.19818	0.012116077	0.2565631	0.52352875	3.403326	-0.056837037	5414.184	11247.245	58659.957	0.00014679934	40.136738	109.407936	824.27936	4.682297e-07
108	108999	52198.21103954315	2842.475	406.24963	3248.7249	2436.2256	853.5	3268.8657	0.0	3268.8657	3268.8657	1000.0	285.66272	52.23901	325.1668	-29.620188	7.0284443	0.98850685	2.5186098	24.052238	-10.632534	-286.6147	0.07096066	0.00047294746	0.07198393	0.07025762	-0.030338239	0.92361903	0.7723737	24.438585	1.5422702e-06	327.67505	20.197287	347.63522	249.54973	322.25696	19.380291	340.1812	247.28764	305.10583	20.262993	322.1638	230.13188	-17.151127	2.9036372	-9.327723	-26.076847	17.151127	2.9036372	26.076847	9.327723	-0.053587306	0.01061905	-0.02847714	-0.09252643	302.59235	98.2199	680.00195	87.00641	0.9477612	0.33059335	2.4127975	0.26567692
109	109999	52697.489612817764	3240.303	0.0	3240.303	3240.303	1000.0	3245.6514	0.0	3245.6514	3245.6514	1000.0	285.65436	52.57001	325.0454	-29.8254	6.7539463	1.0007371	2.5496671	26.383963	-10.036488	-286.59253	0.07058101	0.00018948974	0.070892476	0.070191406	0.0020037943	0.92865586	0.7776791	16.096695	1.6801059e-06	324.2028	20.28102	345.12466	244.46518	318.15738	19.62775	338.08682	243.77213	304.98633	20.727217	323.73752	230.08165	-13.171059	2.9454498	-5.750227	-19.446026	13.171059	2.9454498	19.446026	5.750227	-0.0417784	0.010694926	-0.018011838	-0.06904613	182.15247	77.022354	378.1479	33.065113	0.5803163	0.26170015	1.3058333	0.10357216
110	110999	53205.35551190376	3254.1272	0.0	3254.1272	3254.1272	1000.0	3273.9912	0.0	3273.9912	3273.9912	1000.0	285.99277	52.39709	325.33575	-27.068218	7.4367414	1.0016211	2.5409186	26.611408	-12.120414	-286.90994	0.0708027	0.00019757997	0.071138	0.07020203	0.0043391567	0.92623025	0.77299035	14.904118	8.866191e-07	326.1996	20.837112	346.16574	247.74074	315.77487	20.501442	333.52426	238.49808	305.35175	20.859335	323.78958	229.98009	-10.423119	2.5807471	-1.9084957	-15.922943	10.423119	2.5807471	15.922943	1.9084957	-0.0332202	0.008862846	-0.0061439904	-0.06411648	115.30166	51.71417	253.5401	3.642356	0.36804712	0.17114455	1.0173265	0.01172578
111	111999	53709.126288414	3350.1008	0.0	3350.1008	3350.1008	993.0	3287.2932	0.0	3287.2932	3287.2932	1000.0	286.52225	52.05308	325.3556	-30.09345	7.2464833	0.99731946	2.5391734	26.155521	-13.463551	-287.44016	0.07024905	0.00026882344	0.07083571	0.06969676	-0.0070573064	0.9248875	0.77350575	12.496436	3.993511e-06	327.32422	19.122656	347.8274	250.87257	321.7921	18.201515	339.53033	250.43073	304.42038	19.951113	321.64255	230.19849	-17.371735	3.1912136	-9.961726	-24.732737	17.371735	3.1912136	24.732737	9.961726	-0.05449009	0.012351768	-0.030410662	-0.093214266	311.961	110.6058	611.70825	99.23598	0.9841897	0.39129293	2.2207463	0.3029427
112	112999	54200.38379788399	3218.014	0.0	3218.014	3218.014	1000.0	3288.712	0.0	3288.712	3288.712	1000.0	286.37814	52.384315	325.62918	-33.576973	7.7579584	0.9994177	2.5474784	27.34427	-10.9466505	-287.3235	0.07037806	0.00022120637	0.070750594	0.069758125	-0.0014871693	0.9201029	0.7725204	12.855176	2.3841858e-07	327.69983	20.68964	348.39743	247.14012	319.8607	19.129782	337.69543	247.96782	304.31552	20.12326	322.47568	230.1638	-15.545137	2.6583345	-8.492076	-22.350372	15.545137	2.6583345	22.350372	8.492076	-0.04897677	0.010058235	-0.026192438	-0.07669224	248.71806	80.852974	499.53915	72.115364	0.7863448	0.27990124	1.5730731	0.22242817
113	113999	54695.99042272568	3253.878	0.0	3253.878	3253.878	1000.0	3300.1543	0.0	3300.1543	3300.1543	1000.0	286.72427	52.115128	325.3129	-35.32091	6.953375	1.0005331	2.5425334	28.181828	-11.745702	-287.62836	0.0703835	0.00024274172	0.0710542	0.070043206	0.001456665	0.92434263	0.77336544	13.125205	2.1457672e-06	324.7116	20.134943	348.17065	248.26506	316.4229	18.394081	335.71194	245.57079	303.17502	19.90264	321.74142	230.40074	-13.24788	3.7042658	-1.682986	-26.45232	13.24788	3.7042658	26.45232	1.682986	-0.04227426	0.013200117	-0.005518033	-0.093502186	189.22795	102.26328	699.7252	2.832442	0.60759497	0.3492589	2.4733496	0.009286773
114	114999	55190.27757740021	3248.6887	0.0	3248.6887	3248.6887	1000.0	3267.35	0.0	3267.35	3267.35	1000.0	287.1683	51.817978	325.80045	-36.895187	6.4048457	0.99003303	2.543433	24.059258	-11.309777	-288.06235	0.06980797	0.0002447745	0.07034881	0.06921231	-0.026484642	0.9225205	0.7743907	16.428291	4.4107437e-06	324.88126	19.708164	347.984	248.15062	319.25958	19.703133	340.17676	243.38184	304.77252	20.355572	324.323	230.42593	-14.48705	2.979603	-5.0362844	-26.97011	14.48705	2.979603	26.97011	5.0362844	-0.04566423	0.010276297	-0.015999513	-0.08257848	218.75266	86.64852	727.38684	25.36416	0.69054276	0.28106233	2.2271507	0.08057809
115	115999	55689.71709752083	3262.0095	0.0	3262.0095	3262.0095	1000.0	3257.4526	0.0	3257.4526	3257.4526	1000.0	287.55164	51.6895	326.02963	-27.651505	7.7910275	1.0005511	2.5344388	29.115086	-11.486603	-288.46237	0.069236346	0.00015731285	0.069595106	0.068912305	0.0015183068	0.92126423	0.7749698	16.351017	1.8775463e-06	325.60303	20.177488	346.59653	247.46391	318.50122	18.979818	337.08807	244.18074	304.45575	20.307089	323.88443	230.18843	-14.0454445	3.5402675	-5.6498146	-23.750813	14.0454445	3.5402675	23.750813	5.6498146	-0.04450043	0.012508506	-0.017376248	-0.08369355	209.808	100.900604	564.10114	31.920403	0.6676389	0.33720547	1.7702155	0.098172575
116	116999	56272.119222164154	3277.852	0.0	3277.852	3277.852	1000.0	3278.7803	0.0	3278.7803	3278.7803	1000.0	287.7827	51.560814	326.21567	-27.774519	7.149621	0.9983798	2.5396178	24.809227	-10.923253	-288.64532	0.069032066	0.00018354596	0.06935227	0.06857497	-0.0042816848	0.9190264	0.7725797	12.657348	4.6640635e-06	324.0769	20.15854	346.5059	247.20445	318.28616	19.162815	337.7494	242.90764	304.07352	19.98553	322.4269	230.8156	-14.212663	4.0500197	-2.4846041	-22.628965	14.212663	4.0500197	22.628965	2.4846041	-0.044922628	0.013408695	-0.007652125	-0.070221685	218.40248	108.76677	512.0701	6.1732574	0.69119215	0.350297	1.5890442	0.019012501
117	117999	56769.255762815475	3272.5422	0.0	3272.5422	3272.5422	1000.0	3267.4539	0.0	3267.4539	3267.4539	1000.0	288.32895	51.264076	326.36108	-26.105188	6.8857775	1.0011184	2.549096	25.1809	-11.073962	-289.19608	0.0689146	0.00029571657	0.069383025	0.068480514	0.0030337982	0.9241085	0.77489275	17.312338	2.3841858e-07	327.17773	20.51272	346.2843	248.36029	318.75217	19.732553	336.64584	243.24141	306.46295	20.693045	325.38223	231.37598	-12.289194	3.2134356	-1.7312415	-19.319462	12.289194	3.2134356	19.319462	1.7312415	-0.03887877	0.011017292	-0.0053473013	-0.062506296	161.3505	73.48915	373.24158	2.997197	0.5118822	0.24118546	1.1639866	0.009257469
118	118999	57262.9914958477	3252.3489	0.0	3252.3489	3252.3489	1000.0	3260.688	0.0	3260.688	3260.688	1000.0	288.25525	51.56177	326.36624	-24.349352	6.7089906	0.9918349	2.532013	27.182503	-10.333382	-289.1182	0.0693091	0.0006579357	0.07011901	0.06818012	-0.02182473	0.92109424	0.773764	11.400734	1.6391277e-06	326.92584	20.238848	345.81253	248.62338	321.06046	18.848078	336.26993	245.47821	306.58215	20.962801	324.95456	230.09492	-14.478302	3.6298206	-7.4909105	-22.069338	14.478302	3.6298206	22.069338	7.4909105	-0.045653217	0.013415936	-0.022649614	-0.08309693	222.7968	106.441505	487.0557	56.11374	0.70821613	0.36851683	1.7368932	0.16966623
119	119999	57756.74631810188	2158.8613	0.0	2158.8613	2158.8613	623.0	3259.7761	0.0	3259.7761	3259.7761	1000.0	288.61685	51.505653	326.6168	-29.19925	6.9662166	1.0014268	2.5423498	25.49926	-13.088484	-289.50153	0.0684758	0.00015927869	0.06891754	0.06817226	0.0038747943	0.9230032	0.77602124	12.365308	6.7055225e-07	326.48285	20.351452	346.27075	248.18976	315.93823	18.921885	333.72473	246.09045	306.77466	21.293041	324.7084	230.2843	-9.1635685	4.6507845	2.6275578	-17.292786	9.303261	4.364644	17.292786	0.0040231617	-0.029553637	0.016194701	0.008270858	-0.068236604	105.60078	76.881775	299.04044	1.618583e-05	0.34497896	0.27136287	1.1516689	5.008135e-08
120	120999	58248.37881183624	3230.268	0.0	3230.268	3230.268	1000.0	3271.086	0.0	3271.086	3271.086	1000.0	288.9309	51.08618	327.31033	-27.568525	7.2892785	0.99865603	2.543063	27.858826	-10.755427	-289.76968	0.068118945	0.00012790647	0.068438016	0.0678857	-0.0035659485	0.9228483	0.77534264	11.413778	3.3974648e-06	327.96985	19.55401	349.35294	250.25269	319.12054	18.707699	338.60403	243.2609	305.88388	19.960606	322.74692	231.46397	-13.236698	3.1152868	-5.364384	-20.285841	13.236698	3.1152868	20.285841	5.364384	-0.041857593	0.011247811	-0.016825916	-0.07462018	184.91518	82.94706	411.51532	28.776617	0.58775175	0.28274888	1.4613295	0.09026068
121	121999	58741.48030471802	3285.818	0.0	3285.818	3285.818	1000.0	3264.793	0.0	3264.793	3264.793	1000.0	289.13766	51.18805	326.83636	-21.97053	6.4578557	0.99356556	2.5377526	26.989151	-10.319019	-289.98218	0.06783814	0.0002495403	0.06832311	0.067342035	-0.017262943	0.92181927	0.7749369	13.049088	6.3329935e-08	326.35214	20.862389	347.4663	247.41406	314.60464	19.552217	332.28546	244.47755	306.60895	21.114029	325.4906	230.37003	-7.9956865	3.3894527	2.5327296	-15.239492	8.027211	3.314102	15.239492	0.0346383	-0.0258373	0.0119837895	0.007988773	-0.061047994	75.419395	52.153793	232.24214	0.0011998118	0.24631949	0.1830322	0.93034047	3.7545522e-06
122	122999	59234.49583721161	3058.4758	0.0	3058.4758	3058.4758	906.0	3272.178	0.0	3272.178	3272.178	1000.0	289.1489	51.395306	327.11072	-27.107048	6.6433144	0.99534684	2.5430572	26.653566	-10.696514	-289.98907	0.06708639	0.00024280227	0.067489974	0.06654087	-0.012522776	0.9186806	0.7772985	19.462742	0.0	326.68222	20.329033	348.02203	247.32402	319.77548	19.647823	338.97015	245.1368	306.65594	20.583197	325.43637	230.27383	-13.119526	3.1555405	-4.858095	-20.722187	13.119526	3.1555405	20.722187	4.858095	-0.041355096	0.010863157	-0.0149133615	-0.06859512	182.0794	81.5646	429.4091	23.601091	0.57538164	0.26525795	1.3457358	0.07245053
123	123999	59730.30187392235	3254.2483	0.0	3254.2483	3254.2483	1000.0	3273.295	0.0	3273.295	3273.295	1000.0	289.41003	51.061855	327.0484	-29.847376	6.8035383	0.99664575	2.532881	23.423267	-12.023942	-290.2543	0.06648565	0.00024842191	0.06693839	0.06611084	-0.009044961	0.9153475	0.7742407	26.125366	6.854534e-07	327.99417	20.567465	347.8683	248.82536	320.79593	19.524202	339.1725	248.1147	305.68085	20.443655	324.88647	231.11992	-15.115065	2.8010886	-7.362754	-21.65879	15.115065	2.8010886	21.65879	7.362754	-0.047477093	0.010278497	-0.023447203	-0.08517337	236.31128	82.57077	469.10324	54.21014	0.744644	0.2808691	1.84431	0.17263599
124	124999	60233.533341646194	3281.052	0.0	3281.052	3281.052	1000.0	3278.9553	0.0	3278.9553	3278.9553	1000.0	289.5574	51.227734	326.9762	-29.921484	6.2083507	0.9963562	2.5608683	24.727867	-11.327608	-290.4105	0.066370904	0.00020753298	0.066783674	0.06603773	-0.009839729	0.9187662	0.7811785	18.415953	5.8859587e-07	324.19156	20.096783	345.8859	247.24808	316.28186	19.208578	334.7031	242.47624	305.06915	20.380457	324.9653	230.8551	-11.21268	5.0716248	9.982001	-19.872375	11.665947	3.9180682	19.872375	0.0100771	-0.035721574	0.016914662	0.03351751	-0.06375428	151.44557	81.34531	394.91132	0.00010154795	0.4851466	0.27046046	1.2546289	3.2272317e-07
