Epoch	TotalEnvInteracts	Time	AverageEpRet	StdEpRet	MaxEpRet	MinEpRet	EpLen	AverageTestEpRet	StdTestEpRet	MaxTestEpRet	MinTestEpRet	TestEpLen	AverageQ1Vals	StdQ1Vals	MaxQ1Vals	MinQ1Vals	LossQ1	AverageLogPi	StdLogPi	MaxLogPi	MinLogPi	LossPi	AverageAlpha	StdAlpha	MaxAlpha	MinAlpha	LossAlpha	AveragePreTanh	StdPreTanh	MaxPreTanh	MinPreTanh	AverageMCDisRet	StdMCDisRet	MaxMCDisRet	MinMCDisRet	AverageMCDisRetEnt	StdMCDisRetEnt	MaxMCDisRetEnt	MinMCDisRetEnt	AverageQPred	StdQPred	MaxQPred	MinQPred	AverageQBias	StdQBias	MaxQBias	MinQBias	AverageQBiasAbs	StdQBiasAbs	MaxQBiasAbs	MinQBiasAbs	AverageNormQBias	StdNormQBias	MaxNormQBias	MinNormQBias	AverageQBiasSqr	StdQBiasSqr	MaxQBiasSqr	MinQBiasSqr	AverageNormQBiasSqr	StdNormQBiasSqr	MaxNormQBiasSqr	MinNormQBiasSqr
0	999	7.904852628707886	22.293045	23.317293	132.62253	5.2394886	24.625	60.34344	0.0	60.34344	60.34344	53.0	0.0	0.0	0.0	0.0	0.0	0.0	0.0	0.0	0.0	0.0	0.0	0.0	0.0	0.0	0.0	0.0	0.0	0.0	0.0	7.096712	5.535892	27.360485	-2.5761926	10.059441	7.585509	36.065235	-0.9156942	-0.0747276	0.063183315	0.15353017	-0.30319443	-10.134169	7.564905	0.7768333	-36.092495	10.141967	7.554446	36.092495	0.034777768	-0.6980643	0.34731692	0.07768333	-1.0166988	159.92915	208.01137	1302.6681	0.0012094933	9.24126	8.274536	36.119774	0.00012094932
1	1999	10.143856525421143	20.814556	20.167421	124.153015	5.428253	23.5	60.34344	0.0	60.34344	60.34344	53.0	0.0	0.0	0.0	0.0	0.0	0.0	0.0	0.0	0.0	0.0	0.0	0.0	0.0	0.0	0.0	0.0	0.0	0.0	0.0	7.096712	5.535892	27.360485	-2.5761926	10.059441	7.585509	36.065235	-0.9156942	-0.0747276	0.063183315	0.15353017	-0.30319443	-10.134169	7.564905	0.7768333	-36.092495	10.141967	7.554446	36.092495	0.034777768	-0.6980643	0.34731692	0.07768333	-1.0166988	159.92915	208.01137	1302.6681	0.0012094933	9.24126	8.274536	36.119774	0.00012094932
2	2999	12.448954820632935	17.460537	16.582548	105.42657	5.3510084	20.979591	59.399616	0.0	59.399616	59.399616	53.0	0.0	0.0	0.0	0.0	0.0	0.0	0.0	0.0	0.0	0.0	0.0	0.0	0.0	0.0	0.0	0.0	0.0	0.0	0.0	8.233373	8.929823	41.937675	-3.47486	11.577597	11.154159	53.84074	-1.2010777	-0.077268735	0.06568207	0.16455407	-0.30520153	-11.654865	11.138743	1.0667568	-53.862137	11.668747	11.124201	53.862137	0.004323096	-0.6841661	0.35992175	0.106675684	-1.0190625	259.9075	482.7772	2901.13	1.8689158e-05	10.8001995	11.738397	53.88355	1.8689158e-06
3	3999	14.614968538284302	17.077888	8.235182	38.263966	5.8786683	22.044445	59.796833	0.0	59.796833	59.796833	53.0	0.0	0.0	0.0	0.0	0.0	0.0	0.0	0.0	0.0	0.0	0.0	0.0	0.0	0.0	0.0	0.0	0.0	0.0	0.0	9.046069	10.344884	58.180862	-0.5064567	12.620604	12.953299	71.834915	-0.72630024	-0.07845924	0.071593374	0.22800267	-0.30312753	-12.699063	12.935801	0.58159876	-71.88662	12.70052	12.934372	71.88662	0.0078225015	-0.70511425	0.34784612	0.058159877	-1.0261916	328.6012	735.21533	5167.6855	6.119153e-05	11.840158	13.523802	71.93836	6.1191527e-06
4	4999	17.04494547843933	22.184013	22.71988	109.465385	6.3513336	23.47619	60.312557	0.0	60.312557	60.312557	54.0	0.0	0.0	0.0	0.0	0.0	0.0	0.0	0.0	0.0	0.0	0.0	0.0	0.0	0.0	0.0	0.0	0.0	0.0	0.0	9.693829	9.1059	39.994812	-2.6318586	13.355648	11.939544	52.037384	-1.4091913	-0.07667764	0.06744161	0.09925501	-0.30516708	-13.432325	11.920088	1.3036335	-52.036907	13.452692	11.897098	52.036907	0.001794205	-0.7247905	0.34951058	0.13036335	-1.0178337	322.51587	512.2675	2707.8396	3.2191715e-06	12.671535	12.535307	52.03643	3.2191716e-07
5	5999	209.5679428577423	152.86702	74.33145	226.96184	47.84558	72.85714	226.01222	0.0	226.01222	226.01222	100.0	112.1239	69.11652	262.1984	-55.337334	29.876457	-0.08936785	2.1057117	13.356829	-10.469767	-120.34481	0.90747243	0.043370545	0.99970007	0.83962816	-0.07817183	0.9555675	0.66672546	5.441103	2.4437904e-06	95.54813	39.934093	138.75256	2.558708	103.59634	44.088516	153.50568	2.558708	177.13892	63.718422	243.68105	-32.479156	73.54258	23.360987	101.47409	-35.54334	74.34475	20.666548	101.47409	0.28769702	0.7649861	0.555465	3.1581316	-3.554334	5954.2476	2356.4177	10296.991	0.08276957	60.118683	26.344273	161.3549	0.0068510277
6	6999	404.328494310379	343.73764	106.11513	552.3409	265.13193	192.4	213.57596	0.0	213.57596	213.57596	98.0	221.23492	64.44086	357.04468	-97.49796	44.1537	0.6109133	2.4618714	14.9886265	-10.579596	-234.14525	0.7840285	0.03330487	0.8395061	0.7340594	-0.09218581	1.0492418	0.7391533	5.5955806	8.34465e-07	89.491615	38.502018	139.3804	2.528585	91.88224	40.812576	144.88951	2.528585	302.97366	11.671008	343.56018	268.35638	211.09142	48.37969	321.9668	136.06467	211.09142	48.37969	321.9668	136.06467	4.546955	6.4379888	31.567768	0.94523174	46900.18	21929.986	103662.61	18513.594	1192.0286	1950.4977	9965.239	128.61264
7	7999	597.9807391166687	265.06732	71.281586	369.6187	191.39351	138.42857	184.0714	0.0	184.0714	184.0714	85.0	240.13832	66.885185	326.44513	-109.25933	42.299225	0.46513042	2.6129563	18.103432	-12.192985	-252.11331	0.6611068	0.05346846	0.73403394	0.5727784	-0.23156157	1.0089371	0.7525661	6.443135	1.1622906e-06	87.06717	37.686073	149.08253	2.4721797	90.34006	40.504528	156.871	2.4721797	182.86021	96.72912	273.2754	-376.51987	92.52016	66.19741	168.54216	-379.17554	105.00056	43.78312	379.17554	0.014225197	0.92986053	2.6880124	14.222709	-37.917553	12942.076	9431.015	143774.1	0.00020235624	197.85803	566.26373	14377.408	2.0235624e-05
8	8999	793.6126735210419	280.68903	81.44502	406.9356	174.96953	138.0	374.42422	0.0	374.42422	374.42422	216.0	200.34479	63.434673	277.45203	-124.96691	24.871637	0.49776345	2.5476756	21.795647	-10.979632	-209.65565	0.50575244	0.03645094	0.57265204	0.44907686	-0.3397614	1.0034401	0.74807966	7.5766745	4.6761706e-06	112.238014	35.65507	145.35884	2.0333483	124.77504	41.151516	163.30627	2.0333483	217.60922	37.691452	268.31836	38.51803	92.83419	36.098984	173.95526	-32.02437	92.98388	35.711628	173.95526	0.065842405	1.1135759	1.1703025	5.9591994	-0.19819924	9921.323	7505.3467	30260.436	0.0043352223	122.08194	142.89166	626.33453	2.6854612e-05
9	9999	987.8359248638153	368.96313	93.81013	528.06335	260.145	199.4	292.68707	0.0	292.68707	292.68707	121.0	186.79196	54.923542	275.39316	-97.21312	20.968668	0.58398485	2.6046028	29.047295	-10.517641	-194.82959	0.4019741	0.027590357	0.44896385	0.35452056	-0.38116074	1.0278746	0.7770395	7.0071435	1.1920929e-07	113.18072	47.446983	168.83609	2.2552948	115.32124	48.35001	175.30537	2.2552948	145.8232	76.79121	232.21576	-15.420593	30.501955	31.339468	86.57773	-40.118935	39.280605	19.224089	86.57773	0.033515472	0.10244527	0.47466007	0.70065475	-2.4099243	1912.5315	1557.5922	7495.7036	0.0011232869	16.070562	11.006634	58.07735	1.6185239e-05
10	10999	1182.0306613445282	300.962	64.08218	367.8546	192.2545	137.5	332.04477	0.0	332.04477	332.04477	159.0	162.05429	53.682922	249.91202	-100.98798	11.922632	0.40525168	2.536568	27.64978	-10.43141	-168.25668	0.3054428	0.030719066	0.354469	0.25777808	-0.7142755	0.966403	0.753695	7.7141347	3.33786e-06	116.66736	46.393333	165.91528	2.1841254	123.602356	50.89013	178.25938	2.1841254	136.94843	49.612885	183.53964	-6.5065827	13.346051	12.600794	43.282963	-15.867907	14.254895	11.562657	43.282963	0.012586673	0.115951166	0.22636162	0.70428175	-1.1008824	336.89706	442.91623	1873.4148	0.00015842433	4.019451	5.9018464	30.304796	8.9002447e-07
11	11999	1376.8603188991547	385.4408	67.63809	509.86816	304.82144	178.0	322.6232	0.0	322.6232	322.6232	133.0	142.63776	39.19626	192.20592	-97.61644	7.01424	0.49477717	2.5158103	28.280476	-10.707258	-147.49979	0.22694096	0.017149124	0.25772008	0.19819048	-0.75031257	0.96664983	0.74213254	6.958197	5.662441e-07	123.17214	52.377888	176.9882	2.2573867	127.98212	54.748997	189.19704	2.2573867	131.96501	51.3886	179.42178	-15.246122	3.9828985	15.780866	41.76219	-27.476084	13.672143	8.830159	41.76219	0.056564163	0.04086469	0.2407434	1.1205528	-1.7910581	264.8992	303.88956	1744.0808	0.0031995047	2.7068048	4.1343594	36.29851	2.2057562e-05
12	12999	1570.4129841327667	292.86716	49.213337	339.67896	191.20563	127.0	193.89572	0.0	193.89572	193.89572	102.0	144.02684	40.914806	200.18915	-84.69258	7.750012	0.9496285	2.713625	28.785774	-11.7663965	-148.75464	0.18876645	0.0031942502	0.19814327	0.18564798	-0.082222074	1.070211	0.8057574	7.723872	1.3113022e-06	76.556206	37.92699	138.18715	1.5576934	79.45861	42.35834	150.4809	1.5576934	164.83604	20.270792	189.81453	-53.990986	85.37744	40.67284	168.27257	-55.84197	85.645676	40.104935	168.27257	0.35378358	2.6793265	3.9120808	15.990013	-5.584197	8943.586	7737.4785	28315.654	0.12516282	350.54715	597.36566	2556.805	0.0125162825
13	13999	1778.883374929428	322.1627	63.37143	431.59802	200.84343	143.14285	334.8489	0.0	334.8489	334.8489	148.0	161.4011	42.10374	239.75743	-112.056656	11.624404	0.99031216	2.9743423	31.734953	-12.57576	-166.23247	0.19012617	0.0048964587	0.19784974	0.18392551	-0.015602432	1.0709059	0.8428332	11.797228	2.2649765e-06	127.685356	54.536663	193.4194	1.8028238	125.160446	56.239735	189.97804	-2.2112908	174.82356	59.90707	230.92418	-90.68641	49.6631	28.252277	134.19841	-92.489235	51.76371	24.189533	134.19841	1.4641268	0.60527533	1.0558339	7.8691297	-9.248923	3264.615	3033.5308	18009.213	2.1436672	46.149254	81.207405	855.42584	0.011860362
14	14999	1995.3016788959503	336.96606	139.04825	555.87604	107.79158	139.0	448.68756	0.0	448.68756	448.68756	181.0	165.80466	51.009075	250.12143	-103.37604	8.505851	1.1372359	2.9748964	37.294212	-12.957524	-170.68338	0.19345108	0.0055210907	0.2124567	0.18503268	0.21949719	1.1168532	0.8474796	9.805992	2.9802322e-07	146.01508	50.849518	197.44142	3.1388228	128.32393	44.650936	178.45372	3.1388228	138.86433	54.80872	221.11526	-61.218033	10.540412	24.075655	67.78132	-67.74436	20.141758	16.883337	67.78132	0.012849692	0.010521633	0.5156112	1.0124394	-6.774436	690.7374	940.5855	4594.3076	0.0001651146	7.5300736	22.40391	458.92984	1.0218178e-06
15	15999	2212.0590646266937	426.6882	188.71222	831.04956	270.23618	167.33333	460.7955	0.0	460.7955	460.7955	174.0	161.80879	50.53271	246.31741	-98.224815	10.153062	0.98269874	2.8373044	33.607407	-11.706661	-166.55278	0.2163643	0.0049004382	0.22221373	0.20844878	-0.026744457	1.0394125	0.81146425	9.069042	2.9802322e-08	141.62242	58.040043	211.31758	2.044446	135.0824	56.536602	203.40802	2.044446	160.84677	63.315796	216.22797	-279.493	25.764372	48.113224	186.07106	-302.51566	35.712154	41.271385	302.51566	0.009318313	0.40267012	2.443195	18.226866	-21.845829	2978.6853	7953.5103	91515.71	8.683096e-05	104.46105	457.34805	5346.5054	4.512731e-07
16	16999	2428.19061088562	557.2354	263.20172	1043.9045	244.79254	218.0	253.89731	0.0	253.89731	253.89731	126.0	173.67986	48.938744	272.49118	-155.26262	11.933557	1.0201343	3.0165722	23.724447	-10.615367	-178.5725	0.20615894	0.003562147	0.21414258	0.20076759	0.031425565	1.055416	0.84391415	10.460356	2.0861626e-07	95.66373	43.32541	142.64423	1.2753568	100.99193	48.327847	156.75255	1.2753568	204.59653	23.28207	234.69556	48.09716	103.60459	44.093674	204.87935	35.70985	103.60459	44.093674	204.87935	35.70985	2.3577924	3.3772407	16.345547	0.23152193	12678.164	9964.74	41975.547	1275.1934	339.1057	553.0187	2935.467	8.267613
17	17999	2645.223242044449	444.26672	135.51695	693.014	282.44904	169.16667	382.16998	0.0	382.16998	382.16998	165.0	184.68716	53.845387	268.83737	-121.02565	12.521894	1.0610399	3.0786119	25.95831	-10.796579	-189.48727	0.21518579	0.0062874984	0.22810848	0.2080334	0.09232059	1.080103	0.8559325	9.766925	1.1101365e-06	148.72336	50.600304	208.1937	3.496606	140.31549	49.89855	197.93573	3.496606	189.21341	63.22002	251.40273	-26.493607	48.89795	20.838026	84.46047	-38.910297	50.75948	15.770486	84.46047	0.098917715	0.32557264	0.4299439	2.3072026	-3.0632806	2825.233	1449.1891	7133.5713	0.009784715	22.287334	14.095328	111.96112	0.0004555369
18	18999	2861.664623260498	660.7655	219.10715	1034.5665	493.04953	228.5	739.32794	0.0	739.32794	739.32794	225.0	184.64778	57.375286	268.13385	-113.95165	10.480508	0.922731	2.9364805	22.328362	-11.220623	-189.38008	0.22189479	0.004532849	0.2287346	0.20950332	-0.117264815	1.0621293	0.8351215	10.171805	3.8146973e-06	218.96027	71.35267	298.67487	4.133865	210.51129	67.76704	280.68774	4.133865	190.53455	51.121323	251.2232	-7.190403	-19.976757	30.784113	54.296265	-76.32399	32.181664	17.637262	76.32399	0.06763923	-0.05372903	0.28121918	3.4111614	-1.7062873	1346.7324	1185.234	5825.351	0.004575066	6.702533	7.673586	116.36023	6.0945174e-05
19	19999	3078.144611597061	679.0604	151.05098	926.3539	497.22128	217.2	394.1336	0.0	394.1336	394.1336	155.0	179.65846	53.59581	282.4845	-119.16357	8.797746	0.976138	2.8971744	20.914625	-11.925037	-184.01894	0.20070986	0.0037216824	0.20944886	0.19488852	-0.037538923	1.0577055	0.8346625	7.8343964	5.9604645e-07	136.14766	54.50368	198.42517	2.3923354	137.45348	54.483852	200.55223	2.3923354	234.94907	22.439878	287.22314	105.26163	97.49557	68.95443	275.8525	10.4598875	97.49557	68.95443	275.8525	10.4598875	1.8041486	3.9259362	27.585249	0.05479321	14260.099	17071.635	76094.6	109.40924	359.53796	994.60754	7609.46	0.5731308
20	20999	3294.099465608597	400.01822	132.65222	592.1691	245.38474	155.83333	334.52017	0.0	334.52017	334.52017	144.0	189.41939	53.81148	285.57404	-134.83185	13.065031	1.0625681	2.9491904	22.325571	-11.126148	-193.88826	0.21499607	0.008585335	0.22905128	0.20312154	0.097406074	1.0716187	0.8436197	7.6644645	4.172325e-07	141.39539	56.47861	228.15953	3.7879193	143.34242	58.703712	226.72684	3.7879193	216.96393	23.690668	238.94678	12.41462	73.621506	50.984573	235.15886	-11.391	73.70133	50.869106	235.15886	0.04746452	1.2844384	2.9074306	23.515886	-0.050893437	8019.5527	9709.635	55299.688	0.0022528807	193.92508	604.28925	5529.9688	1.047013e-05
21	21999	3509.9064733982086	629.2595	205.86145	880.36584	368.89996	221.25	838.5869	0.0	838.5869	838.5869	260.0	187.73456	50.570683	255.7148	-123.84079	10.280029	0.8869097	2.8846786	24.146393	-10.884918	-191.92038	0.20114702	0.008380442	0.22111942	0.19265391	-0.17824528	1.0457345	0.82507724	7.88436	1.0728836e-06	223.97984	76.43728	318.1761	4.2887974	211.1682	75.67443	299.21173	4.2887974	188.38324	58.336967	247.31827	-80.998535	-22.784948	38.59204	107.42802	-85.28733	38.592304	22.7845	107.42802	0.13207698	-0.10367105	0.60826826	1.9957445	-8.528733	2008.4994	1910.9137	11540.779	0.017444327	13.746826	37.27749	727.3929	8.2581806e-05
22	22999	3726.5390429496765	723.10614	174.53032	968.9057	422.17288	232.0	488.78085	0.0	488.78085	488.78085	170.0	188.47578	49.609936	284.37814	-129.56827	10.021184	1.0260732	2.8704305	26.192398	-11.310007	-192.56682	0.19265862	0.003735471	0.20041364	0.18706594	0.042717203	1.0557693	0.82529193	7.884737	1.7881393e-07	151.77866	56.85089	215.68866	3.5109735	147.5074	56.925728	208.43982	3.5109735	199.96869	52.815285	243.67618	-79.08975	52.461296	38.1696	140.75238	-83.57142	53.883915	36.13349	140.75238	0.40095806	0.46170276	0.80316156	2.6214855	-8.357142	4209.1055	4751.4336	19811.232	0.16076736	46.438347	66.63984	698.4182	0.016076736
23	23999	3942.892640352249	190.33914	263.85513	786.0867	2.295571	93.0	298.76987	0.0	298.76987	298.76987	142.0	192.69983	53.806286	292.71472	-161.19682	14.189342	1.1051795	2.9967585	25.785496	-11.232342	-196.89113	0.20587671	0.009578729	0.222559	0.19199775	0.16437113	1.0667009	0.85134965	8.128059	3.874302e-07	210.14606	77.09475	301.35367	2.2171533	204.56862	76.99698	296.86554	2.2171533	216.93346	44.84045	281.89722	-27.296112	12.3648405	65.07562	227.55151	-168.83853	46.224262	47.445168	227.55151	0.090590835	0.50019515	1.9091176	17.451477	-3.50346	4387.7266	8872.067	51779.69	0.0082067	87.189575	321.84167	3129.6147	9.62467e-05
24	24999	4160.578251838684	665.80066	431.7144	1369.4225	286.3229	223.5	856.87976	0.0	856.87976	856.87976	283.0	192.33766	55.3859	281.89297	-151.39545	13.308456	0.9833693	2.858676	22.400465	-13.154976	-196.37866	0.21865837	0.001875776	0.22303768	0.21587165	-0.0250821	1.0508665	0.83099455	6.8469763	7.1525574e-07	254.84605	71.07863	333.91064	4.088933	250.22224	71.307396	329.21472	4.088933	215.05553	38.58125	249.35979	17.823736	-35.166706	47.673164	179.5993	-96.7525	51.3264	29.580873	179.5993	0.026092952	0.015143675	1.0942936	17.95993	-0.29538313	3509.428	4261.185	32255.912	0.00068084215	31.610516	183.00023	3225.591	3.300523e-06
25	25999	4377.240915060043	652.5262	315.54724	1090.1206	186.28387	216.0	1148.63	0.0	1148.63	1148.63	344.0	194.9878	53.583347	268.48978	-132.09454	10.138302	0.96697587	2.8277972	24.32092	-12.16226	-198.93968	0.2103489	0.004558594	0.21960261	0.20521297	-0.0507881	1.0450438	0.8118752	7.261831	1.1920929e-06	245.29446	77.27914	326.01022	3.9845002	239.6194	75.99434	319.36884	3.9845002	209.50539	57.558628	262.90256	-28.746687	-30.114017	26.484472	42.803837	-84.28414	34.513626	20.42281	84.28414	0.057791546	-0.11460489	0.20606701	0.50067264	-3.3274026	1608.2815	1477.985	7103.8164	0.003339863	6.278642	6.3718195	110.71609	1.582763e-05
26	26999	4593.8760640621185	814.97943	75.73886	907.3313	721.81506	250.66667	298.5615	0.0	298.5615	298.5615	149.0	195.76057	55.493736	269.09415	-129.23125	9.330384	0.9697895	2.8303742	22.243328	-10.34773	-199.59587	0.20676672	0.0036539163	0.21127778	0.20044552	-0.047803096	1.0424963	0.8106338	7.822427	7.748604e-07	219.43245	100.70342	322.04498	1.8402513	211.47112	103.14303	320.23056	0.27834594	239.25749	29.978909	270.44562	-83.117615	27.786385	97.30428	251.17519	-124.75869	79.49627	62.61429	251.17519	0.22885267	1.482094	4.301126	24.795969	-8.495787	10240.206	15376.759	63088.973	0.052373543	326.88318	981.3382	6148.401	0.0052373544
27	27999	4808.806326627731	969.2015	483.18958	1414.184	297.5987	324.66666	753.43744	0.0	753.43744	753.43744	242.0	197.43376	58.30367	276.30585	-112.21547	9.003472	1.0523412	2.8446512	23.666874	-11.707862	-201.17957	0.20614955	0.0070003597	0.21749444	0.19867416	0.08224674	1.0688181	0.81869984	7.553192	1.4007092e-06	225.6947	73.05521	309.52386	3.6344793	224.98816	73.08393	304.02542	3.6344793	199.61655	57.887016	249.64066	-12.260676	-25.371614	22.03952	44.087505	-70.11175	29.091305	16.827217	70.11175	0.06352894	-0.072502345	0.28810313	4.4087505	-1.6946023	1129.4592	1175.3646	4915.6567	0.004035926	5.403494	10.538015	194.37082	3.0472003e-05
28	28999	5026.534138202667	1018.9038	245.62975	1365.4744	775.09705	316.75	1359.7793	0.0	1359.7793	1359.7793	411.0	194.4076	57.61242	278.76077	-100.63297	8.008462	0.87880135	2.8147678	22.951775	-10.068219	-197.96616	0.19885315	0.0093490435	0.21646886	0.18375008	-0.19538161	1.024383	0.8047229	7.07677	7.4505806e-08	268.39575	79.197754	353.6858	2.698833	263.3102	76.82151	348.70804	2.698833	229.23624	42.171776	264.97354	-33.125866	-34.074028	64.50112	241.2184	-217.59914	63.71124	35.529037	241.2184	0.52169776	0.11377211	1.8403946	24.12184	-3.7356486	5321.433	7776.3594	58186.316	0.27216858	70.01146	415.96506	5818.632	0.0011080485
29	29999	5243.377208709717	923.3272	301.89755	1350.1349	700.4559	284.0	1209.9523	0.0	1209.9523	1209.9523	364.0	194.8429	56.509438	280.72156	-95.606346	7.1970067	0.96527684	2.8846197	23.903753	-9.750076	-198.16495	0.17692421	0.0022967954	0.18372598	0.17418127	-0.059583724	1.0383979	0.81590945	7.834855	1.527369e-07	244.38748	77.93032	334.41928	3.4424202	238.27122	77.77333	328.2265	2.5998192	215.12334	56.181694	267.8211	-161.16983	-23.147877	38.97884	134.32593	-164.61224	40.13469	21.080349	164.61224	0.38006157	0.037201587	1.1569636	13.432593	-16.461226	2055.1743	2221.1619	27097.193	0.14444679	25.01517	139.81354	2709.7192	0.00054275047
30	30999	5461.079789638519	692.2997	287.61053	945.19794	207.33774	219.5	958.03955	0.0	958.03955	958.03955	293.0	201.46317	58.56574	289.21298	-81.42435	7.4996047	1.0177498	2.9109426	22.079844	-12.923935	-204.82303	0.1743019	0.001961269	0.17942645	0.17162056	0.03077134	1.0528066	0.8220141	7.472358	7.227063e-06	277.6236	61.208527	340.4153	4.0699143	273.4081	60.983532	333.85367	4.0699143	228.01218	53.019077	286.78214	-3.1899576	-45.395954	20.272589	4.4599385	-94.1542	45.417095	20.22518	94.1542	0.22953747	-0.17222035	0.0931709	0.01643028	-1.1704248	2471.7705	1977.103	8865.013	0.05268745	8.704013	6.2522044	30.079224	0.00019273115
31	31999	5678.658738613129	1156.0098	577.6953	1636.4307	343.52786	374.33334	848.0164	0.0	848.0164	848.0164	248.0	206.66667	59.818302	296.83414	-162.61115	8.470982	1.0398542	2.908574	23.467674	-11.282167	-210.06361	0.18645428	0.003264943	0.19106266	0.1794678	0.06733789	1.0649205	0.82668334	7.1698084	2.9802322e-06	278.77838	58.91838	346.98236	4.656775	275.51862	60.273983	339.57886	4.656775	235.3077	47.076336	285.05737	-10.544636	-40.210945	18.653831	15.721922	-80.96805	40.369514	18.308134	80.96805	0.021165889	-0.14436893	0.09418407	0.18563005	-1.7228825	1964.8859	1526.5629	6555.8247	0.00044799485	6.596728	4.6847034	43.298733	3.2042606e-06
32	32999	5895.127809762955	1781.798	570.3793	2352.1772	1211.4187	555.0	895.19434	0.0	895.19434	895.19434	261.0	208.70857	59.924816	293.44733	-104.20552	6.7965016	0.93906504	2.8542027	21.701723	-11.4941025	-211.95763	0.18149015	0.004537034	0.19037239	0.17462724	-0.10363934	1.0320224	0.80943054	8.140364	1.6242266e-06	256.12125	95.368675	361.4911	3.6933634	251.15515	94.27844	356.7292	3.6933634	215.76894	60.71243	277.6191	-11.69251	-35.386242	65.967255	243.24539	-122.99938	60.170723	44.5348	243.24539	0.12822758	0.08817344	1.7148596	24.32454	-1.7750151	5603.8647	8295.461	59168.32	0.01644231	66.57216	389.80948	5916.832	0.00014787502
33	33999	6116.898944854736	1069.5455	238.15123	1405.2411	878.13086	311.33334	2903.692	0.0	2903.692	2903.692	1000.0	211.60521	60.673923	299.55627	-87.18938	6.131205	0.9947111	2.872449	21.758442	-10.387497	-214.90169	0.17275873	0.0009184252	0.17460519	0.17098163	-0.009179164	1.0389068	0.8141985	9.641889	6.7055225e-07	297.7527	27.125462	346.93396	237.76082	295.84006	21.945356	338.84427	246.83286	258.05823	16.295624	290.0225	165.23163	-37.781815	28.177214	23.572042	-159.9662	39.675266	25.441977	159.9662	0.036341526	-0.12268729	0.086690485	0.09093148	-0.4919043	2221.421	2912.454	25589.188	0.0013207066	7.066453	8.845287	78.688065	4.7490234e-06
34	34999	6336.466942310333	2869.3223	0.0	2869.3223	2869.3223	1000.0	635.742	0.0	635.742	635.742	244.0	214.47232	61.332542	297.0366	-76.51541	5.9613404	0.976224	2.8611386	24.58997	-13.770715	-217.67984	0.17041174	0.001910936	0.17321509	0.16714604	-0.04207181	1.0370436	0.8126378	9.0120945	1.3560057e-06	293.36728	13.572932	309.1732	239.17928	297.81967	11.923289	314.6742	251.57289	258.02863	10.428849	281.65628	219.54019	-39.791023	8.570697	-18.550653	-61.899082	39.791023	8.570697	61.899082	18.550653	-0.13322239	0.026155246	-0.061900735	-0.20261884	1656.7821	682.9482	3831.4963	344.1267	5.521829	2.1604695	12.54192	1.148299
35	35999	6557.29282617569	3092.1401	0.0	3092.1401	3092.1401	1000.0	3265.0828	0.0	3265.0828	3265.0828	1000.0	216.72404	60.338066	295.4658	-77.493614	5.512556	0.97150224	2.8639777	23.482605	-11.132454	-219.78653	0.16301647	0.0019304934	0.16711487	0.15999112	-0.051561583	1.0336013	0.81183183	8.617156	1.1324883e-06	292.81393	79.97011	364.56	2.745191	294.6066	82.24951	360.7592	2.745191	251.27118	45.365845	295.01987	-2.8167572	-43.335403	57.426662	248.74857	-102.19779	61.221684	37.7847	248.74857	0.13190256	0.13237809	1.9377123	24.874857	-0.68564	5175.779	8176.927	61875.848	0.017398285	75.182045	453.10516	6187.585	0.0001816558
36	36999	6777.546421051025	898.8755	373.64584	1272.5214	525.2297	282.0	3174.7551	0.0	3174.7551	3174.7551	1000.0	218.76796	60.14564	297.69815	-100.56974	6.210997	0.973721	2.862905	23.45457	-10.640094	-221.78342	0.15613401	0.0015923306	0.15998375	0.1536524	-0.04863566	1.0272914	0.8115058	9.518939	3.8200524e-06	238.68292	106.76544	345.23938	2.3776479	239.59764	107.425735	343.43866	2.3776479	262.24606	16.39449	291.7691	219.30315	22.6484	100.30729	270.65594	-81.2185	83.53257	59.973423	270.65594	14.141816	1.140167	3.7557225	27.065594	-0.25606164	10574.502	15509.158	73254.63	199.99095	272.57217	930.8706	7325.4634	0.97077364
37	37999	6997.209437847137	2343.6514	302.88977	2646.5413	2040.7617	705.5	3225.5977	0.0	3225.5977	3225.5977	1000.0	221.19098	60.7251	299.68515	-92.29225	5.596172	0.9939941	2.8560503	24.23013	-10.563976	-224.15619	0.15218598	0.00051891454	0.15370679	0.15136047	-0.011234272	1.0252811	0.81112427	8.28613	7.1525574e-07	280.51648	75.071266	353.28995	4.049863	277.63565	76.4699	355.94296	4.049863	236.84352	48.506886	282.02112	9.025967	-40.792126	38.369404	44.819656	-114.984314	45.21687	33.040024	114.984314	0.004311137	-0.102419876	0.20781451	2.6029592	-0.33225212	3136.2083	3277.278	13221.394	1.85859e-05	10.017753	10.555638	103.14074	2.5142666e-07
38	38999	7216.780916929245	3288.9783	0.0	3288.9783	3288.9783	1000.0	1632.2194	0.0	1632.2194	1632.2194	466.0	226.40977	62.038486	304.23608	-81.21439	5.5323644	1.0500137	2.8063617	23.752434	-10.677808	-229.41513	0.15903915	0.00406808	0.16465367	0.15234698	0.09225783	1.0421213	0.8135901	8.458854	1.9073486e-06	333.33777	22.204123	364.21426	252.81714	332.21017	21.637169	356.77304	255.2881	276.83685	16.054379	301.96332	227.69096	-55.373333	12.375833	-27.560854	-90.08749	55.373333	12.375833	90.08749	27.560854	-0.16562404	0.031532273	-0.10035877	-0.26278198	3219.3674	1375.7789	8115.755	759.6007	9.552645	3.8407893	23.673367	2.9600832
39	39999	7435.660343170166	2562.8557	0.0	2562.8557	2562.8557	746.0	2097.6606	0.0	2097.6606	2097.6606	617.0	231.09155	62.716652	308.24747	-76.166405	5.1468105	0.96108365	2.8000367	24.635712	-10.069921	-234.0871	0.16008571	0.0031126107	0.16483565	0.15519637	-0.0712552	1.0294875	0.8128468	7.509297	1.27987e-06	318.20114	34.73374	364.42957	173.99858	314.80228	35.651466	359.46146	170.12885	274.52725	19.563934	297.7965	178.4512	-40.27503	18.763771	27.400272	-69.753235	41.47844	15.927844	69.753235	0.09503795	-0.12225597	0.055956192	0.13445994	-0.19581692	1974.1573	1250.2644	4865.514	0.009032212	5.9543777	3.4533057	13.658864	3.4297846e-05
40	40999	7653.585977315903	2154.1687	661.69354	2815.8623	1492.4752	630.5	2440.2546	0.0	2440.2546	2440.2546	714.0	233.52121	63.361225	316.62878	-70.52038	5.31963	0.9820128	2.835458	24.240509	-12.262844	-236.35466	0.15299356	0.001706511	0.15593596	0.15064901	-0.033679023	1.0299416	0.8183048	7.4868345	2.3469329e-07	259.83563	81.12057	360.75278	5.382036	247.9397	78.46433	346.76663	5.382036	229.74919	53.012207	283.6016	-0.19566822	-18.190533	34.695854	58.02814	-111.31598	31.091848	23.832645	111.31598	0.00437677	-0.015924329	0.2379382	1.9161901	-0.62983805	1534.698	2037.1438	12391.246	1.9156118e-05	6.537816	10.275438	93.12062	2.8277438e-07
41	41999	7874.213788986206	1775.2614	852.90564	2628.167	922.3558	541.5	1412.3568	0.0	1412.3568	1412.3568	454.0	234.66188	63.66678	315.28827	-88.13868	6.675321	0.97794765	2.8287492	24.57745	-12.974721	-237.50415	0.14849657	0.0011424015	0.15118647	0.14641841	-0.04197172	1.018256	0.81082374	7.635757	3.993511e-06	326.22778	21.184523	361.45	248.32664	325.14276	18.667051	354.7168	259.98657	286.7944	16.950949	312.0456	228.22299	-38.34833	6.5631533	-9.32446	-80.29955	38.34833	6.5631533	80.29955	9.32446	-0.11785287	0.018308628	-0.02981788	-0.24160339	1513.6696	515.8836	6448.0186	86.945564	4.6321	1.4695789	19.400644	0.27803564
42	42999	8093.292006492615	2407.6707	0.0	2407.6707	2407.6707	755.0	1123.8009	0.0	1123.8009	1123.8009	358.0	237.51433	63.30892	314.36432	-134.63843	8.235965	0.99392396	2.8679128	24.816448	-10.245707	-240.33304	0.14400235	0.0013137843	0.14638714	0.14188896	-0.011637285	1.0261976	0.8149254	6.891319	2.115965e-06	328.25552	31.602531	370.1177	206.0925	325.65594	29.656908	362.07162	208.00934	288.2818	16.945719	312.08942	228.75037	-37.37416	31.749641	99.750984	-92.9743	45.422855	18.48328	99.750984	0.3078818	-0.10656555	0.1103429	0.4795505	-0.2750816	2404.8677	1703.4078	9950.259	0.094791204	7.43349	5.9334445	47.835636	0.00031949475
43	43999	8313.763964653015	1055.3552	0.0	1055.3552	1055.3552	360.0	3165.6335	0.0	3165.6335	3165.6335	1000.0	241.70975	63.044765	320.3068	-160.14706	8.234386	1.0219595	2.8850262	22.986614	-12.568806	-244.57289	0.14776611	0.0020563542	0.15056132	0.14430828	0.042178504	1.0333713	0.82207847	7.503728	8.165836e-06	325.1425	17.093983	352.13824	254.92538	326.47406	15.746651	345.62064	263.04175	289.84845	15.97789	312.43192	230.48904	-36.625587	7.7591267	-15.768024	-56.663597	36.625587	7.7591267	56.663597	15.768024	-0.112222366	0.023311628	-0.049023416	-0.16722265	1401.6378	557.7798	3210.7632	248.6306	4.2853346	1.6664424	9.475436	0.77300245
44	44999	8535.329388141632	3306.6592	0.0	3306.6592	3306.6592	1000.0	3382.164	0.0	3382.164	3382.164	1000.0	245.68825	62.238903	321.63965	-162.36092	6.7556777	0.9923248	2.8602543	22.991005	-10.504567	-248.53564	0.14814846	0.0013100195	0.15027453	0.14596711	-0.01455963	1.0294462	0.8213218	7.0780544	2.041459e-06	285.80356	74.93379	360.5935	4.478536	280.82257	77.498215	356.74005	4.478536	261.11755	56.611362	312.56378	-60.865387	-19.705011	31.258266	57.910454	-65.343925	34.563087	13.0674925	65.343925	0.1399824	-0.048216954	0.27484554	0.72144216	-6.5343924	1365.3665	803.9852	4269.828	0.019595074	5.479746	13.442923	426.98282	9.9486024e-05
45	45999	8759.057594060898	2041.9447	1015.5633	3435.2231	1043.4207	586.6667	3308.128	0.0	3308.128	3308.128	1000.0	248.50444	63.717514	325.06274	-155.06313	6.2312737	0.98025566	2.87045	23.692871	-10.71678	-251.35217	0.14575638	0.0016054772	0.14841089	0.14316903	-0.037945073	1.0228014	0.81494904	6.934485	1.7881393e-07	330.44638	20.286753	359.1793	251.90425	331.77658	19.573341	357.4611	259.71786	294.27478	16.754208	316.92834	232.37857	-37.501823	6.956418	-21.61699	-58.808723	37.501823	6.956418	58.808723	21.61699	-0.1127315	0.018007388	-0.06515539	-0.16862053	1454.7784	526.6007	3458.466	467.29422	4.3472357	1.4537162	9.916358	1.4084632
46	46999	8980.157845973969	3091.264	0.0	3091.264	3091.264	917.0	3410.773	0.0	3410.773	3410.773	1000.0	249.91177	64.50974	329.1413	-147.45439	5.5645156	0.984072	2.8710403	23.63298	-11.415102	-252.63203	0.14230452	0.001393861	0.14448643	0.1403806	-0.031027362	1.0301143	0.81398803	8.15855	2.0638108e-06	290.42715	77.64397	372.08936	4.4867396	286.4687	80.53004	366.91077	4.4867396	268.68823	56.24344	321.41644	26.813995	-17.78046	30.74868	53.54383	-66.948494	32.97891	13.191584	66.948494	0.33846605	-0.009878671	0.22814469	2.3254328	-0.18995793	1261.6261	763.91907	4482.1006	0.11455926	4.9877715	5.4185634	54.076378	0.00042938424
47	47999	9204.121308803558	3355.063	0.0	3355.063	3355.063	1000.0	3444.8088	0.0	3444.8088	3444.8088	1000.0	251.35382	64.649994	329.9039	-154.14795	5.1776032	1.0011126	2.8655598	23.58313	-8.780432	-253.989	0.14001077	0.0004915811	0.14102511	0.13928407	0.002242805	1.0289464	0.8140937	6.9319777	2.7045608e-06	337.05295	25.343473	366.55856	248.30328	338.01447	22.660662	363.95142	259.74072	298.63907	19.192951	323.80762	234.4058	-39.375397	5.0808854	-24.38661	-49.103813	39.375397	5.0808854	49.103813	24.38661	-0.11624011	0.010833743	-0.083964966	-0.1473157	1576.2374	384.03452	2411.1843	594.7067	4.625604	0.96386844	6.9538755	2.2307665
48	48999	9427.930558919907	3482.2534	0.0	3482.2534	3482.2534	1000.0	3562.8235	0.0	3562.8235	3562.8235	1000.0	253.31685	65.033615	331.49615	-158.37537	5.2668166	0.98355746	2.8984394	23.4489	-12.436832	-255.97911	0.13796109	0.0011909248	0.14066447	0.13671017	-0.032396745	1.0254083	0.8183974	7.1854224	8.34465e-07	328.3372	62.63382	385.7987	5.7222147	324.63898	64.170525	377.96188	5.7222147	290.58356	47.151703	331.22992	1.2124274	-34.05543	19.671164	47.113605	-53.552864	37.293343	12.487337	53.552864	0.20278697	-0.09025462	0.10002136	0.9204447	-0.77896786	1546.727	709.4773	2867.9094	0.041122556	4.6721325	2.3857784	43.365467	0.00019633918
49	49999	9648.795984745026	2218.1758	0.0	2218.1758	2218.1758	617.0	3607.907	0.0	3607.907	3607.907	1000.0	255.83498	66.33585	334.897	-129.45293	5.1835012	1.0071287	2.9129374	24.111645	-10.809099	-258.46475	0.13656692	0.0006203068	0.1384466	0.13520995	0.014202112	1.021238	0.8195418	7.215677	1.6465783e-06	352.90207	31.447313	396.76428	255.31187	345.56	28.491913	380.9002	261.91138	298.46338	21.237328	327.29605	208.32599	-47.096603	13.549186	-21.508848	-150.69461	47.096603	13.549186	150.69461	21.508848	-0.13484381	0.03213046	-0.07015933	-0.41973805	2401.6704	1562.1412	22708.863	462.63058	6.7762585	4.1416326	63.25226	1.5090464
50	50999	9872.402972459793	3528.0022	0.0	3528.0022	3528.0022	1000.0	3386.0957	0.0	3386.0957	3386.0957	1000.0	258.4933	67.06094	335.07635	-140.37856	5.155796	1.0215021	2.9031248	23.05563	-12.212316	-261.13623	0.14132956	0.001393746	0.14312029	0.1382531	0.042209245	1.0291071	0.8174338	6.9926734	5.9604645e-07	344.2482	25.872799	377.55334	253.09511	343.80988	22.847439	368.34644	267.20212	307.08734	21.185774	332.2651	236.78198	-36.722538	5.3128653	-24.451878	-67.928986	36.722538	5.3128653	67.928986	24.451878	-0.10685848	0.013873438	-0.06880938	-0.20466965	1376.7715	404.77686	4614.3467	597.8943	3.9893377	1.0900966	13.903002	1.6861652
51	51999	10090.564775466919	3507.4675	0.0	3507.4675	3507.4675	1000.0	3521.9438	0.0	3521.9438	3521.9438	1000.0	261.5878	67.09115	337.3697	-97.38675	5.0482507	0.9922741	2.8861208	25.08864	-11.169701	-264.17093	0.14159049	0.00102576	0.1433021	0.13992818	-0.0150013575	1.0241185	0.81068456	7.1867914	2.9802322e-07	246.6646	79.260635	333.87668	4.146063	240.85612	79.78875	330.04202	4.146063	252.61862	66.33074	309.84247	-88.18499	11.76247	30.427273	113.3477	-92.73189	25.619047	20.195028	113.3477	0.026177758	0.1039188	0.50443274	3.5017493	-9.273189	1064.1747	1767.4807	12847.702	0.000685275	9.126863	38.01133	859.92035	2.2637444e-06
52	52999	10312.84866476059	3476.257	0.0	3476.257	3476.257	1000.0	3526.457	0.0	3526.457	3526.457	1000.0	265.29224	67.5226	343.4389	-102.42218	4.918759	1.0351005	2.890491	24.010693	-10.093937	-267.89078	0.14531952	0.0023077584	0.1487401	0.1410394	0.06783669	1.042179	0.819324	6.9061503	4.172325e-07	310.85748	66.802216	383.2183	3.686847	310.74597	66.55761	374.17728	3.686847	309.22092	23.613165	340.05154	241.56535	-1.5250835	69.602806	313.82828	-62.39981	45.815052	52.420006	313.82828	0.48932886	0.27731812	2.2209122	31.38283	-0.17763098	4846.8765	14069.935	98488.195	0.23944272	92.90661	672.47473	9848.819	0.000775888
53	53999	10534.702546596527	2261.502	696.7652	2958.267	1564.7367	631.0	3528.8413	0.0	3528.8413	3528.8413	1000.0	268.17056	68.47885	350.42075	-122.782974	5.2048006	1.0609105	2.8631508	24.359089	-11.288008	-270.74988	0.15539546	0.0038591356	0.16251658	0.14877279	0.11337654	1.0433803	0.8185921	6.8702226	2.4437904e-06	327.0131	64.2417	382.24356	5.026516	320.6291	65.94074	373.88736	5.026516	295.43478	50.544617	340.99036	-16.911726	-25.194315	23.544727	64.74298	-71.09935	32.432625	11.714621	71.09935	0.189746	-0.055825412	0.17008626	2.170012	-1.9006144	1189.1077	768.4061	5055.118	0.03600355	4.0684066	4.5408177	67.83238	0.00013301104
54	54999	10755.106880903244	3543.9436	0.0	3543.9436	3543.9436	1000.0	3613.2756	0.0	3613.2756	3613.2756	1000.0	268.51465	68.90087	350.27588	-111.984985	5.150839	0.93597984	2.7928631	23.117691	-11.308769	-271.04654	0.1582906	0.004358391	0.1633792	0.14843132	-0.1190981	1.0147115	0.8007857	6.9647655	7.1525574e-07	341.73285	54.470654	392.92413	67.61528	332.44934	55.608486	383.6872	54.536808	294.39133	43.651226	339.96246	42.82749	-38.058014	13.431812	23.7716	-67.03497	38.89782	10.76037	67.03497	0.19243838	-0.10864166	0.04567049	0.22559123	-0.21470484	1628.8257	720.0503	4493.6875	0.037032526	4.688146	1.7666891	11.9967575	0.00018242233
55	55999	10977.689471244812	3477.4463	0.0	3477.4463	3477.4463	1000.0	3577.536	0.0	3577.536	3577.536	1000.0	270.46924	67.2233	344.89862	-102.73527	4.841113	0.95798403	2.8480017	23.996227	-10.944674	-272.99875	0.1434652	0.002517757	0.14841215	0.13943052	-0.08142848	1.0084751	0.80132234	7.644204	2.682209e-06	354.8655	28.19878	385.60364	260.0943	348.9382	24.604284	376.5121	269.17944	307.11	19.301107	331.9375	242.08817	-41.828236	7.611204	-26.501572	-67.553116	41.828236	7.611204	67.553116	26.501572	-0.11922629	0.016071567	-0.09303273	-0.18397631	1807.5319	667.53534	4563.4233	702.33325	5.104454	1.671896	12.422095	2.590849
56	56999	11199.536293029785	3631.3235	0.0	3631.3235	3631.3235	1000.0	3548.7822	0.0	3548.7822	3548.7822	1000.0	273.45306	66.40896	346.06726	-107.87116	4.7094607	1.0043095	2.8758414	26.85758	-10.469927	-275.95654	0.13917874	0.0006500382	0.14049655	0.13758007	0.008538458	1.0153741	0.80240154	7.8481364	4.8428774e-06	335.4119	48.558014	382.71243	106.13288	330.07663	50.118195	378.2621	90.459	296.71976	31.26553	328.9094	129.47064	-33.356895	21.279924	40.040104	-71.43306	36.42669	15.447138	71.43306	0.22492047	-0.0898504	0.0796236	0.43126327	-0.19499488	1565.5178	1060.8629	5102.6826	0.050589215	4.5870347	2.953328	16.82429	0.00020227935
57	57999	11420.773180007935	1622.3287	0.0	1622.3287	1622.3287	448.0	1107.4551	0.0	1107.4551	1107.4551	312.0	274.74753	66.14036	347.87592	-123.8953	4.70072	0.9963138	2.8617194	26.838343	-13.7731	-277.1776	0.13927008	0.00075786264	0.14077547	0.13808313	-0.007187645	1.0177183	0.8043231	8.1167	9.983778e-07	297.11166	73.04902	367.67807	5.0156965	294.92505	75.46213	367.90244	5.0156965	282.82953	60.405643	335.2669	-16.005156	-12.09551	28.271854	74.19822	-60.53123	27.896002	12.938787	74.19822	0.03211036	-0.028320612	0.15956412	0.7038402	-2.102085	945.599	782.08704	5505.376	0.0010310751	3.2965467	3.4537537	44.187622	1.14052455e-05
58	58999	11640.408012390137	3525.6567	0.0	3525.6567	3525.6567	1000.0	3604.845	0.0	3604.845	3604.845	988.0	277.23734	66.01129	350.94043	-105.31947	5.2014112	0.9986697	2.8810737	23.98079	-12.05987	-279.68674	0.138765	0.00059558207	0.13998656	0.13790976	-0.0025554686	1.0207679	0.8063852	7.6799455	7.8082085e-06	300.3547	78.42813	378.63336	4.253648	293.2896	77.65894	375.14575	4.253648	283.37677	55.777714	338.91858	39.444176	-9.9128275	25.344141	62.38945	-45.352844	22.945877	14.63135	62.38945	0.09843326	0.043876987	0.40854338	4.5371904	-0.13232224	740.58954	764.40204	3892.4434	0.009689108	5.577024	18.570684	205.86096	3.1221934e-05
59	59999	11864.493131637573	1832.0161	1216.3872	3550.3206	902.3727	525.0	3491.2393	0.0	3491.2393	3491.2393	1000.0	279.17822	65.603874	351.99567	-91.024124	5.1355224	1.0081836	2.88665	23.566628	-11.563577	-281.5637	0.14021173	0.0018892421	0.14353211	0.13798928	0.016162919	1.0261285	0.80802083	7.785418	4.172325e-07	349.20795	26.175283	377.46558	258.25293	353.3199	24.555386	376.7527	269.6339	319.07297	22.083078	343.44452	246.34627	-34.2469	6.078331	-15.497097	-48.58437	34.2469	6.078331	48.58437	15.497097	-0.09676906	0.014748451	-0.044203937	-0.13404089	1209.7958	407.4433	2360.441	240.16002	3.3972867	1.0506191	6.512292	0.6850327
60	60999	12088.018883943558	1602.8522	0.0	1602.8522	1602.8522	443.0	3533.2214	0.0	3533.2214	3533.2214	1000.0	277.74588	67.28994	354.8315	-92.86726	4.698656	0.9721218	2.859224	24.859545	-11.439491	-279.99518	0.13769549	0.0012109632	0.14098382	0.13512649	-0.055136956	1.0183676	0.8075901	7.097808	5.9604645e-07	353.79047	25.477839	379.8697	261.02924	354.654	23.151726	375.45477	271.6844	320.44977	22.423586	342.46625	243.81064	-34.20422	4.465084	-21.137787	-44.703003	34.20422	4.465084	44.703003	21.137787	-0.09667326	0.012626256	-0.05906497	-0.1271616	1189.8655	309.6279	1998.3586	446.80606	3.3548596	0.83969617	5.5000114	1.2485027
61	61999	12310.711484670639	3529.3079	0.0	3529.3079	3529.3079	1000.0	3621.6265	0.0	3621.6265	3621.6265	1000.0	278.111	68.02097	354.49515	-95.04041	4.570665	1.0044466	2.8853228	26.049192	-10.589447	-280.37292	0.1349789	0.0004748257	0.13615222	0.13414572	0.0089357365	1.0210221	0.81181866	7.72092	2.6226044e-06	360.35458	28.000872	389.3184	262.87796	358.39746	26.575928	388.43964	269.44598	328.75085	26.72909	354.06973	244.37808	-29.646633	3.8631072	-19.08071	-41.13598	29.646633	3.8631072	41.13598	19.08071	-0.08320456	0.012435869	-0.051821504	-0.11288791	893.8465	223.76907	1692.1688	364.0735	2.506677	0.63604945	4.4589124	0.99037576
62	62999	12533.191687107086	2101.6174	1473.5502	3575.1677	628.06726	608.0	3607.351	0.0	3607.351	3607.351	1000.0	278.9716	69.12704	356.16556	-105.76036	5.2294736	1.0080721	2.8885133	28.158726	-11.333239	-281.2032	0.13670495	0.00051079824	0.13798057	0.13589571	0.016113983	1.0252966	0.81548285	7.4876056	9.536743e-07	356.98166	29.269833	387.95947	260.03723	357.2565	27.354687	383.86304	268.8046	327.1499	26.562588	354.91687	245.09882	-30.1066	2.7670894	-22.889378	-38.823162	30.1066	2.7670894	38.823162	22.889378	-0.08459496	0.008229403	-0.06468388	-0.10390633	914.06415	168.20099	1507.2379	523.92365	2.56139	0.43621632	4.0339723	1.5736103
63	63999	12756.02514743805	3562.9973	0.0	3562.9973	3562.9973	1000.0	3532.7158	0.0	3532.7158	3532.7158	1000.0	279.7228	70.12746	357.289	-103.995834	4.972351	1.0194566	2.8484473	25.205116	-10.638706	-282.00082	0.14119788	0.0017208669	0.14353047	0.13766134	0.038361795	1.0278224	0.8111638	7.6935616	2.5555491e-06	349.49792	23.211548	378.0138	260.87833	352.6609	21.453564	375.5208	274.90454	325.80792	24.880676	354.23233	244.72887	-26.85297	5.7789135	-14.405629	-37.807705	26.85297	5.7789135	37.807705	14.405629	-0.07702276	0.02002049	-0.04013682	-0.11899371	754.47784	318.3435	1429.4225	207.52214	2.1795268	1.0086702	4.29272	0.57819617
64	64999	12979.729597330093	3543.4028	0.0	3543.4028	3543.4028	1000.0	3559.4685	0.0	3559.4685	3559.4685	1000.0	280.18466	71.29647	359.77118	-127.72687	4.9314356	0.96724766	2.8638344	26.229675	-9.92923	-282.41025	0.13852295	0.0014709262	0.14178921	0.13496058	-0.06473224	1.0203308	0.8082385	7.453325	2.8014183e-06	352.87476	23.988777	381.17563	264.1141	356.77762	22.832045	381.74075	274.04684	326.78143	25.180866	354.96014	243.71832	-29.996162	4.405399	-20.309546	-38.70683	29.996162	4.405399	38.70683	20.309546	-0.084858686	0.01614485	-0.056407705	-0.12313911	919.17725	264.3571	1498.2186	412.47763	2.611453	0.84354323	4.308004	1.152418
65	65999	13202.64885544777	3592.421	0.0	3592.421	3592.421	1000.0	3638.0635	0.0	3638.0635	3638.0635	1000.0	282.55383	71.49065	360.98404	-129.00464	4.7896395	0.9863471	2.8943784	26.277763	-10.1776905	-284.71637	0.1330907	0.00071945833	0.1349442	0.13208197	-0.027432745	1.022962	0.81161237	7.2789607	1.4742836e-06	357.46478	26.163511	384.28885	263.3946	362.0628	24.344135	386.66162	275.04517	328.60126	26.17053	354.33908	244.98763	-33.46155	5.2401857	-19.561857	-47.271378	33.46155	5.2401857	47.271378	19.561857	-0.09314915	0.017553857	-0.053821314	-0.13651434	1147.1349	347.44763	2234.583	382.66623	3.2012017	1.0444269	6.453221	1.0528449
66	66999	13426.702910900116	3559.7234	0.0	3559.7234	3559.7234	1000.0	3571.6301	0.0	3571.6301	3571.6301	1000.0	284.39874	70.86341	361.19705	-123.76115	4.5514154	0.9625362	2.8656116	25.54366	-11.820274	-286.52	0.13016973	0.0022174374	0.13271984	0.124865875	-0.07682113	1.0143572	0.8044863	7.871657	2.4482142e-06	354.36215	26.028103	382.0603	261.59073	358.12573	24.408073	380.80838	271.51895	328.33282	25.119486	354.13397	245.91473	-29.79293	3.3704956	-22.454609	-39.097813	29.79293	3.3704956	39.097813	22.454609	-0.08371536	0.011923319	-0.062240943	-0.11345479	898.97906	208.44582	1528.639	504.2094	2.5282314	0.6294969	4.333263	1.397596
67	67999	13649.945904970169	3573.5037	0.0	3573.5037	3573.5037	1000.0	3621.1497	0.0	3621.1497	3621.1497	1000.0	285.56512	71.188835	361.8617	-155.54907	4.268752	0.98741746	2.8555653	25.602255	-10.783445	-287.69525	0.12237747	0.001049749	0.124861255	0.12122861	-0.026242625	1.0114048	0.8026521	6.979401	1.3411045e-06	357.79453	27.290213	388.4208	262.35913	362.43463	25.244307	390.52966	273.87985	330.5208	26.840754	358.6922	246.2312	-31.91384	4.1469193	-19.4374	-42.082207	31.91384	4.1469193	42.082207	19.4374	-0.08879607	0.01504612	-0.052726377	-0.12319137	1035.6898	261.829	1770.912	377.81256	2.8894775	0.8202299	5.1841645	1.0248637
68	68999	13872.770779848099	3521.3376	0.0	3521.3376	3521.3376	1000.0	3559.9426	0.0	3559.9426	3559.9426	1000.0	288.07642	70.700836	363.18985	-145.83722	4.1355124	0.9791919	2.8845067	27.771454	-10.890825	-290.16525	0.119430326	0.00146304	0.122615986	0.11782792	-0.043966066	1.0143929	0.80778855	7.2102623	2.8014183e-06	344.7472	26.691593	380.51154	257.6348	347.5888	26.038406	381.10013	267.54742	325.36856	25.263113	357.5996	245.33795	-22.220266	4.6592674	-7.1144896	-35.121384	22.220266	4.6592674	35.121384	7.1144896	-0.06408237	0.013443883	-0.02123946	-0.10496309	515.44904	191.30139	1233.5115	50.61596	1.4812449	0.53435993	3.6864488	0.1511079
69	69999	14095.777251720428	3573.2097	0.0	3573.2097	3573.2097	1000.0	3609.0645	0.0	3609.0645	3609.0645	1000.0	289.40976	70.82564	364.3086	-164.53262	4.0478716	0.9791317	2.9229302	24.997253	-13.267033	-291.4541	0.11716281	0.0009064009	0.118850484	0.115116306	-0.04473778	1.0206081	0.81390333	6.847702	6.3180923e-06	360.68774	27.480852	386.8742	263.7282	364.0558	26.34829	388.32654	274.86484	331.98022	26.737787	356.5323	246.9667	-32.07553	2.8968096	-24.069435	-39.81268	32.07553	2.8968096	39.81268	24.069435	-0.0886713	0.01106243	-0.06550588	-0.11724978	1037.2312	186.89401	1585.0494	579.3377	2.86857	0.5781324	4.668028	1.5766895
70	70999	14319.793987751007	3506.7383	0.0	3506.7383	3506.7383	1000.0	3613.2178	0.0	3613.2178	3613.2178	1000.0	290.5366	70.738304	363.92603	-143.7611	3.8190753	0.99183726	2.9214373	26.51749	-10.5081	-292.58334	0.1144903	0.00046507045	0.11518637	0.113448195	-0.017637696	1.0232376	0.816512	7.5958815	4.4703484e-06	356.98218	25.826189	385.51678	262.85107	359.2799	23.483	383.0754	274.50284	327.50235	23.54663	350.08624	247.09854	-31.777552	4.783313	-20.983015	-43.58222	31.777552	4.783313	43.58222	20.983015	-0.0887886	0.014023779	-0.05750797	-0.118391015	1032.6929	312.80917	1899.4097	440.2869	2.8812742	0.8561424	5.133056	1.2143826
71	71999	14541.056984424591	3548.4812	0.0	3548.4812	3548.4812	1000.0	3514.788	0.0	3514.788	3514.788	1000.0	291.49026	71.04915	364.14713	-170.7109	3.6080654	0.9948282	2.926043	24.745598	-10.514207	-293.49142	0.113117285	0.00034084666	0.113713	0.11235801	-0.011214172	1.0272815	0.81826746	7.0478005	4.917383e-07	341.77167	22.986374	373.57077	257.21045	344.29575	21.957361	378.89365	266.68533	326.9154	24.056784	354.9567	247.49298	-17.380318	6.87598	1.2608858	-31.169695	17.38715	6.858688	31.169695	0.025761543	-0.05098372	0.021339057	0.0036707462	-0.09746328	349.35458	227.4205	971.54987	0.0006636571	1.0293766	0.6929504	2.8795345	1.935282e-06
72	72999	14762.734401464462	3534.936	0.0	3534.936	3534.936	1000.0	3603.861	0.0	3603.861	3603.861	1000.0	293.19122	70.87618	364.94934	-173.27211	3.609842	0.98035806	2.9112883	25.939676	-10.515374	-295.24783	0.11131783	0.0008616533	0.1130142	0.109426595	-0.043099362	1.0215511	0.8135666	6.7193127	2.4437904e-06	353.71857	26.194332	380.20404	261.7101	356.1075	24.894386	382.93158	270.0476	327.6523	24.898548	354.88547	247.90364	-28.455196	3.7993429	-17.828749	-38.7379	28.455196	3.7993429	38.7379	17.828749	-0.08028508	0.011836549	-0.04880118	-0.10553632	824.1333	215.32217	1500.6249	317.86426	2.3227832	0.6073355	4.0504465	0.87006396
73	73999	14984.147261857986	3579.725	0.0	3579.725	3579.725	1000.0	3544.8015	0.0	3544.8015	3544.8015	1000.0	294.68384	70.57757	366.27963	-161.92659	3.6067257	0.9866988	2.9266465	28.329609	-10.144941	-296.6903	0.108273745	0.00042097323	0.109424904	0.10736934	-0.029510906	1.0198396	0.8167556	8.080728	3.1292439e-07	353.5404	24.76626	391.0275	261.99496	354.73358	22.998283	387.64545	271.8555	330.68765	24.689375	360.8751	247.53882	-24.045895	5.9463625	-9.669883	-37.30246	24.045895	5.9463625	37.30246	9.669883	-0.068319246	0.018263899	-0.026260389	-0.10166399	613.5643	274.61273	1391.4734	93.50663	1.7464381	0.79866326	3.7780244	0.2539349
74	74999	15206.880493164062	3593.548	0.0	3593.548	3593.548	1000.0	3655.0647	0.0	3655.0647	3655.0647	1000.0	296.51303	69.89076	367.08002	-164.57039	3.466287	0.9925777	2.949209	27.279076	-13.132727	-298.5097	0.10654729	0.0005571171	0.10784574	0.10579853	-0.016553836	1.02155	0.8209073	7.2375875	3.054738e-06	364.4736	28.485582	391.32202	263.5749	363.99832	26.193727	390.63266	271.43887	333.79898	25.713827	361.30853	248.57288	-30.199358	4.0648975	-21.393139	-42.86061	30.199358	4.0648975	42.86061	21.393139	-0.08326943	0.01164472	-0.057014987	-0.1130197	928.52466	252.7849	1837.032	457.66638	2.5545397	0.67703354	4.8440933	1.2197295
75	75999	15428.41150856018	3562.912	0.0	3562.912	3562.912	1000.0	3529.0193	0.0	3529.0193	3529.0193	1000.0	296.8116	70.1207	367.93887	-159.04906	3.402356	0.98044485	2.948379	26.570126	-10.28079	-298.77725	0.10515937	0.00096609315	0.10674349	0.10305886	-0.044085175	1.0147482	0.8184999	7.6633444	8.2328916e-07	339.35672	27.25796	376.15393	235.46967	336.6684	28.228033	372.59875	222.5362	319.15488	23.892744	352.6023	230.70444	-17.5135	13.062138	26.072079	-41.29124	20.531513	7.469882	41.29124	0.044846	-0.050397012	0.040724974	0.107818745	-0.11848493	477.3422	269.59644	1704.9667	0.0020111636	1.4099157	0.77899116	4.89239	6.228183e-06
76	76999	15651.357815265656	3562.4202	0.0	3562.4202	3562.4202	1000.0	3623.6343	0.0	3623.6343	3623.6343	1000.0	298.692	69.63605	368.66028	-170.06548	3.234394	0.9912632	2.9663153	28.804161	-11.769913	-300.5872	0.10168667	0.00074395025	0.10337999	0.100819394	-0.019855112	1.0130606	0.8200056	7.906642	1.66893e-06	359.99756	27.585995	386.23413	261.81396	359.66983	24.60801	382.63754	273.48083	336.79135	26.32044	364.6654	248.10796	-22.878513	3.2051961	-12.465951	-30.034286	22.878513	3.2051961	30.034286	12.465951	-0.06427961	0.012348969	-0.033829	-0.09664661	533.69965	142.47884	902.0583	155.39995	1.5069184	0.47408786	2.6359243	0.42171067
77	77999	15873.678300142288	3542.14	0.0	3542.14	3542.14	1000.0	3618.448	0.0	3618.448	3618.448	1000.0	300.1546	69.86322	370.6118	-160.23918	3.3126988	0.9885779	2.9782684	27.355116	-10.077444	-302.0388	0.10095015	0.00065570243	0.10183544	0.09934542	-0.02614935	1.0084624	0.8217905	7.624393	7.5399876e-06	362.57535	27.640482	389.31296	265.5678	363.00583	25.641933	388.44913	274.5739	335.62552	26.0202	361.5321	248.986	-27.38036	3.229803	-14.912323	-35.423065	27.38036	3.229803	35.423065	14.912323	-0.07589092	0.0109745795	-0.04134063	-0.10260497	760.1157	170.63428	1254.7937	222.37738	2.1073856	0.502502	3.6345828	0.6164848
78	78999	16096.433851718903	2616.9263	0.0	2616.9263	2616.9263	704.0	3618.9343	0.0	3618.9343	3618.9343	1000.0	300.6856	70.07069	370.47705	-142.99219	3.237322	1.0072008	2.9987447	27.817123	-10.421984	-302.57047	0.09999476	0.00054793863	0.10082329	0.098923154	0.016624033	1.0067458	0.82373524	7.793067	1.0728836e-06	358.9948	26.418625	383.23547	264.595	358.94244	25.01742	384.8088	269.49374	335.80005	26.031654	360.30408	250.67009	-23.142365	3.9803646	-13.216705	-31.377478	23.142365	3.9803646	31.377478	13.216705	-0.06497999	0.013105389	-0.03566105	-0.09913463	551.41223	183.71002	984.546	174.68129	1.5516016	0.55199355	2.9207551	0.47132155
79	79999	16318.755897045135	3587.567	0.0	3587.567	3587.567	1000.0	3577.8247	0.0	3577.8247	3577.8247	1000.0	301.43066	69.90863	372.7064	-158.5459	3.2756963	0.9899393	2.9867861	27.586887	-9.433939	-303.29724	0.10053799	0.0005197376	0.101544306	0.099488586	-0.02309441	1.0070679	0.8226595	8.450407	1.013279e-06	356.36942	24.749544	382.9603	264.49554	357.96387	23.00515	384.1087	274.6337	336.2996	25.320314	363.90765	250.03012	-21.664276	5.1780615	-7.88623	-32.546974	21.664276	5.1780615	32.546974	7.88623	-0.061178006	0.016822344	-0.021927703	-0.09425881	496.15317	212.74217	1059.3057	62.192627	1.4088098	0.648618	3.0678391	0.17292692
80	80999	16541.661963701248	3576.2405	0.0	3576.2405	3576.2405	1000.0	3614.9136	0.0	3614.9136	3614.9136	1000.0	302.78168	69.65222	372.4673	-159.80904	3.1816328	1.0004352	3.0151963	27.888203	-9.992658	-304.6467	0.0993716	0.00023038947	0.09977204	0.09884229	0.0010571594	1.0062147	0.82406956	8.143555	1.0102987e-05	360.75464	26.718027	393.7355	265.92535	363.07077	25.395464	389.43887	273.8886	337.60028	26.092844	367.79993	250.16122	-25.470488	3.0400922	-15.935014	-32.394543	25.470488	3.0400922	32.394543	15.935014	-0.07064892	0.010694072	-0.042335764	-0.09323671	657.988	151.01892	1049.4064	253.92467	1.8271066	0.4539548	2.8181102	0.674621
81	81999	16764.15215945244	3581.71	0.0	3581.71	3581.71	1000.0	3632.0732	0.0	3632.0732	3632.0732	1000.0	303.59695	69.59624	373.2233	-149.39519	3.1079054	0.99549913	3.0094302	26.091244	-10.156942	-305.4156	0.09934248	0.0004557504	0.10023655	0.09824075	-0.010348063	1.0011064	0.82575756	7.660799	2.2351742e-06	362.49887	26.304995	392.04956	266.1892	363.8814	24.1044	388.28894	276.86816	340.82626	26.685057	368.49915	251.54521	-23.055176	4.6915264	-11.191367	-35.8202	23.055176	4.6915264	35.8202	11.191367	-0.06412386	0.016002314	-0.030798947	-0.10289894	553.5516	218.31065	1283.0868	125.24669	1.5499709	0.6750361	3.6858609	0.3446823
82	82999	16985.112726449966	3595.1973	0.0	3595.1973	3595.1973	1000.0	3623.586	0.0	3623.586	3623.586	1000.0	305.11288	69.32032	373.77512	-109.150925	3.1566958	1.0062945	3.0082288	28.167828	-12.041903	-306.94153	0.09904297	0.0005825972	0.10007205	0.098181926	0.014601411	1.0017028	0.8244075	9.370782	3.695488e-06	363.42773	28.032759	392.01425	265.73276	361.83255	24.352034	385.31766	276.02658	335.0337	24.162136	363.63315	251.99619	-26.798838	3.8424406	-13.176471	-37.27693	26.798838	3.8424406	37.27693	13.176471	-0.07434271	0.011049324	-0.03498875	-0.09854369	732.942	207.69452	1389.5698	173.61937	2.0292604	0.5529982	3.6638966	0.46102825
83	83999	17206.31979560852	3612.4023	0.0	3612.4023	3612.4023	1000.0	3675.1592	0.0	3675.1592	3675.1592	1000.0	306.18988	69.01027	373.9294	-150.16893	3.0907009	0.9929028	3.012258	27.069204	-11.344786	-308.02505	0.09909149	0.000385187	0.09985298	0.09822674	-0.01633805	0.99664885	0.8216792	8.037485	1.4901161e-07	356.23245	36.683697	394.03772	213.19951	351.06055	35.68662	389.75113	209.88074	330.91867	31.210875	365.5188	200.4773	-20.141884	12.212725	21.81825	-39.60001	21.892654	8.692401	39.60001	0.13749276	-0.056019112	0.03414565	0.07472855	-0.10421916	554.8462	337.087	1568.1608	0.018904261	1.5392944	0.87979144	4.12708	5.2321368e-05
84	84999	17429.530795812607	3639.4424	0.0	3639.4424	3639.4424	1000.0	3647.6936	0.0	3647.6936	3647.6936	1000.0	307.4481	68.95372	374.86194	-166.42078	2.9863687	0.9937967	3.0093427	30.523249	-11.274208	-309.25494	0.09872252	0.00057522656	0.09992354	0.09780193	-0.014343122	0.99913853	0.8228346	7.909276	1.3709068e-06	366.5796	28.642458	394.54938	266.20584	365.17596	25.987167	390.08365	272.69797	341.6292	26.437265	367.02872	252.64944	-23.546745	3.6380754	-14.471876	-42.95422	23.546745	3.6380754	42.95422	14.471876	-0.064891	0.011260954	-0.038218565	-0.112780705	567.6849	196.71199	1845.0651	209.4352	1.5641911	0.53980565	4.844407	0.5530943
85	85999	17651.857051610947	3625.2046	0.0	3625.2046	3625.2046	1000.0	3581.87	0.0	3581.87	3581.87	1000.0	308.11697	68.79636	374.2964	-149.78383	3.0269897	0.9946515	3.0011349	30.56977	-11.534529	-309.87454	0.09759065	0.00050871796	0.098524615	0.09649915	-0.012393341	0.9988909	0.8203931	8.443457	8.657575e-06	356.7719	23.935062	381.50278	264.6433	357.45203	21.827583	380.3414	272.81747	336.91425	24.05528	362.15332	252.11633	-20.537764	3.8442225	-11.977905	-31.552347	20.537764	3.8442225	31.552347	11.977905	-0.058079276	0.013703863	-0.03249668	-0.09797624	436.57782	161.9675	995.55066	143.47021	1.243184	0.524433	2.880011	0.39124784
86	86999	17874.763856887817	3593.0698	0.0	3593.0698	3593.0698	1000.0	3676.1174	0.0	3676.1174	3676.1174	1000.0	308.49664	68.80512	375.1081	-153.72452	2.9755685	1.0113803	3.0218282	28.254116	-13.151333	-310.29123	0.09783262	0.0005908312	0.09877324	0.09690786	0.026507907	0.99848145	0.8225349	7.8283186	2.130866e-06	361.85184	30.518917	398.1276	267.80392	354.77386	29.737427	390.58224	269.8149	334.78543	26.77217	365.72235	251.62769	-19.988417	11.740123	18.318264	-37.73681	21.459604	8.766567	37.73681	0.07924438	-0.05545753	0.033418782	0.0631512	-0.09914163	537.3673	326.18433	1424.0669	0.006279672	1.4958203	0.8845094	3.741289	1.8868745e-05
87	87999	18096.926872968674	3643.2158	0.0	3643.2158	3643.2158	1000.0	3658.7244	0.0	3658.7244	3658.7244	1000.0	309.46188	68.34299	374.72205	-169.13959	3.0156047	0.9976463	2.9908783	31.559755	-10.863213	-311.1995	0.09803583	0.00060130836	0.09928066	0.097224616	-0.0053851623	1.0003487	0.8199018	7.155776	4.172325e-07	367.378	27.526455	398.59534	268.51138	367.43924	25.565422	394.21515	276.07504	343.02585	26.540728	369.8003	253.19788	-24.41337	3.62137	-15.949669	-37.817387	24.41337	3.62137	37.817387	15.949669	-0.066966005	0.012174728	-0.042842075	-0.09940104	609.127	185.40662	1430.1548	254.39195	1.6742555	0.54498816	3.7590878	0.6955413
88	88999	18317.606913805008	3639.6965	0.0	3639.6965	3639.6965	1000.0	3642.027	0.0	3642.027	3642.027	1000.0	310.4851	68.00011	375.46677	-165.04349	2.9931142	0.9895565	2.9792314	29.68169	-10.513408	-312.20834	0.09780939	0.00094070105	0.09921169	0.096170664	-0.024230542	0.99923843	0.81883824	8.191973	2.8908253e-06	363.59628	26.180954	392.3939	266.76215	364.4447	23.946785	393.23523	275.15884	339.72458	24.455088	366.22357	253.07861	-24.72015	4.933292	-4.7840915	-44.31521	24.72015	4.933292	44.31521	4.7840915	-0.068173036	0.01475699	-0.013608226	-0.14121434	635.42316	223.64804	1963.8375	22.887533	1.7532543	0.64195794	6.2579427	0.065103
89	89999	18539.633178710938	3594.2185	0.0	3594.2185	3594.2185	1000.0	3568.771	0.0	3568.771	3568.771	1000.0	310.693	68.02355	375.26105	-161.16864	3.009835	1.0065897	3.006301	29.06624	-11.057408	-312.42325	0.09800218	0.0004627909	0.09884517	0.09692071	0.015422037	1.0111246	0.8250452	7.9500446	2.3841858e-07	354.29608	24.059423	383.46005	263.05377	353.26898	21.78636	381.5137	269.79422	335.58197	23.255314	363.65594	254.26779	-17.687023	5.99646	7.646653	-29.268286	17.856129	5.472387	29.268286	0.004702016	-0.05041937	0.017657127	0.021593507	-0.09392187	348.78833	166.65678	856.6326	2.210895e-05	0.9951804	0.4842395	2.7489324	6.141527e-08
90	90999	18761.827691078186	3606.2449	0.0	3606.2449	3606.2449	1000.0	1963.8894	0.0	1963.8894	1963.8894	530.0	311.15677	68.15278	375.6273	-161.49707	3.0485857	0.9912175	2.9735837	29.875399	-11.303403	-312.88425	0.09726888	0.00041269258	0.09797036	0.09650688	-0.020438563	1.0102345	0.81996167	8.079564	3.1013042e-06	361.1884	24.554295	388.55365	267.00684	360.89383	22.30554	386.22467	276.28522	336.99643	23.042366	361.77118	253.85638	-23.897429	4.1364403	-9.7986765	-37.447292	23.897429	4.1364403	37.447292	9.7986765	-0.06657688	0.012891904	-0.027690977	-0.1183793	588.19727	189.49411	1402.2997	96.01405	1.640499	0.55493826	4.4329844	0.27133492
91	91999	18984.714755296707	3569.6592	0.0	3569.6592	3569.6592	1000.0	3630.3213	0.0	3630.3213	3630.3213	1000.0	311.80627	67.765945	375.4469	-171.99895	2.9722686	0.9977387	2.987879	30.486723	-10.600472	-313.47906	0.09652618	0.00029323233	0.09700636	0.09586477	-0.0052377214	1.0115085	0.82422906	7.550382	2.7269125e-06	361.9645	26.927662	393.23734	266.2589	361.88773	25.174635	388.4932	270.75266	342.4381	26.97526	371.23987	253.65207	-19.449684	4.3388987	-5.494798	-27.760082	19.449684	4.3388987	27.760082	5.494798	-0.054350205	0.014160964	-0.015159581	-0.08716762	397.11618	164.69128	770.6222	30.192808	1.1155081	0.49922118	2.416658	0.08329884
92	92999	19207.38413143158	3619.9626	0.0	3619.9626	3619.9626	1000.0	3618.6106	0.0	3618.6106	3618.6106	1000.0	312.28845	67.86252	375.7041	-170.24731	2.909302	0.9880133	2.9748275	29.202679	-12.607175	-313.9273	0.0951898	0.0007605223	0.0962431	0.093973406	-0.0281223	1.0082567	0.8215105	7.5521173	2.682209e-06	363.09918	25.907906	389.23956	266.31802	364.3343	23.71037	389.04922	274.80197	338.53897	24.290764	363.1545	252.28522	-25.795353	4.7709827	-9.59467	-36.861725	25.795353	4.7709827	36.861725	9.59467	-0.07117129	0.014334018	-0.027062953	-0.098702595	688.1625	233.40839	1358.7869	92.05771	1.8991958	0.65948117	3.5864289	0.25966012
93	93999	19430.52630329132	3592.881	0.0	3592.881	3592.881	1000.0	3629.736	0.0	3629.736	3629.736	1000.0	312.75012	67.76454	375.61728	-161.91318	3.0343468	0.9881011	2.998207	31.59519	-10.609636	-314.41718	0.09293864	0.0005161726	0.09446047	0.09221844	-0.028123204	1.0002902	0.822018	8.199033	8.6426735e-07	364.89847	28.21461	395.32364	265.95438	362.88327	25.097013	388.9904	271.016	340.1907	25.634607	367.14517	253.19174	-22.692585	3.9072235	-12.79125	-33.82795	22.692585	3.9072235	33.82795	12.79125	-0.06292344	0.012119321	-0.03530161	-0.09503709	530.2198	183.67424	1144.3301	163.61609	1.4709761	0.52318305	3.010507	0.45155174
94	94999	19652.8151845932	3618.302	0.0	3618.302	3618.302	1000.0	3539.6663	0.0	3539.6663	3539.6663	1000.0	312.9765	68.10788	376.58652	-174.61633	3.0025997	1.0015408	3.00779	30.239666	-14.639191	-314.62546	0.09229675	0.00038268312	0.09297345	0.09137423	0.0037129344	0.99744457	0.8205537	8.376257	2.9206276e-06	351.71988	23.673101	377.72696	265.18158	350.6841	21.621565	376.2514	273.01035	335.7029	24.747423	361.5497	251.6759	-14.981221	6.89337	3.9384174	-29.192108	15.081157	6.6719017	29.192108	0.0022058897	-0.043371014	0.021650046	0.011464946	-0.08792508	271.95554	187.82149	852.1792	4.865949e-06	0.7965079	0.5893429	2.4889534	1.4496604e-08
95	95999	19875.138750076294	3579.3047	0.0	3579.3047	3579.3047	1000.0	3687.3132	0.0	3687.3132	3687.3132	1000.0	313.2593	67.74459	376.33707	-195.67131	3.1611445	0.9819308	2.9977136	32.398586	-12.566423	-314.86075	0.09236884	0.00085337984	0.093474805	0.0904175	-0.043093354	0.9928765	0.8185681	7.9629974	1.3411045e-07	366.1893	27.199858	395.3277	267.3366	364.23096	26.501282	395.32446	273.0303	345.74	28.097023	375.08194	252.28854	-18.490946	3.7406964	-6.2109804	-26.447914	18.490946	3.7406964	26.447914	6.2109804	-0.05138071	0.012614108	-0.01702207	-0.08098104	355.90787	128.40755	699.4922	38.57628	0.9942343	0.3965593	2.059542	0.105723746
96	96999	20098.283833503723	3119.7222	437.08264	3556.805	2682.6396	867.5	3677.1082	0.0	3677.1082	3677.1082	1000.0	313.81155	67.38773	377.58228	-181.97838	3.160267	0.9920057	3.0025628	28.249302	-12.546988	-315.41876	0.089643754	0.00045314833	0.090564124	0.08865615	-0.019177245	0.9923559	0.8226004	8.509042	4.261732e-06	367.22952	26.862415	396.45517	269.16415	362.06293	25.330915	392.16928	271.75153	340.41217	25.164955	371.0744	252.5047	-21.650736	3.5142188	-9.045671	-50.63382	21.650736	3.5142188	50.63382	9.045671	-0.06004543	0.0102902185	-0.025472177	-0.15409891	481.10416	159.27185	2563.7837	81.82417	1.3322483	0.44435877	7.802617	0.23041295
97	97999	20319.376061201096	1910.1785	0.0	1910.1785	1910.1785	500.0	2189.735	0.0	2189.735	2189.735	571.0	313.2652	67.615944	377.3892	-168.0769	3.3536675	1.0291126	2.9904442	28.545074	-11.818422	-314.88712	0.091456026	0.0011676538	0.09350334	0.08956373	0.069712736	1.0034608	0.82726306	8.488584	1.7881393e-07	366.75803	26.55351	392.52927	269.70895	360.4962	23.820002	387.4716	272.52682	338.78662	24.804758	364.57877	253.44528	-21.709553	4.833531	-9.795011	-69.51219	21.709553	4.833531	69.51219	9.795011	-0.060625724	0.014665614	-0.027361324	-0.21291117	494.6677	244.11472	4831.945	95.94223	1.3832805	0.71072626	14.799922	0.26800445
98	98999	20541.638404369354	3618.4773	0.0	3618.4773	3618.4773	1000.0	3634.0747	0.0	3634.0747	3634.0747	1000.0	312.8792	67.094444	375.97882	-160.12743	3.3287082	1.0105873	2.9776769	29.085192	-10.006707	-314.48505	0.09481137	0.000609862	0.09605876	0.09342127	0.025095489	1.0040436	0.8271753	8.61453	7.748604e-07	364.23148	26.41022	393.61752	267.50034	360.60562	24.384686	387.22092	272.19556	340.57288	25.902847	367.43555	252.21803	-20.032726	4.5441155	-7.8364444	-32.711422	20.032726	4.5441155	32.711422	7.8364444	-0.05608713	0.014568856	-0.02229861	-0.09089499	421.9591	181.41524	1070.0372	61.40986	1.1863544	0.54399735	2.8149679	0.17474182
99	99999	20765.72150182724	3592.915	0.0	3592.915	3592.915	1000.0	3703.2346	0.0	3703.2346	3703.2346	1000.0	313.04205	67.05839	374.83075	-168.27216	3.1825836	0.9931525	2.9827342	28.724625	-10.831495	-314.62073	0.093962714	0.0005260379	0.09486362	0.09299992	-0.01611735	1.0034071	0.8288993	9.17108	1.7881393e-07	368.08923	28.79163	399.20718	267.06488	366.52908	25.933949	392.63022	275.46747	347.14536	29.334267	375.651	251.50009	-19.383732	4.9879174	-6.628396	-30.613682	19.383732	4.9879174	30.613682	6.628396	-0.053864893	0.017309887	-0.017809002	-0.09799208	400.60834	197.33704	937.1975	43.93564	1.1277002	0.63193923	2.9549966	0.11804512
100	100999	20988.9197845459	3561.9534	0.0	3561.9534	3561.9534	1000.0	3664.6611	0.0	3664.6611	3664.6611	1000.0	314.18365	66.32482	375.42303	-181.34483	3.1498315	0.97780114	2.9707372	27.614874	-12.140733	-315.7375	0.091932386	0.0006681967	0.09382446	0.09073133	-0.05282727	1.0035746	0.8276132	8.60555	7.1525574e-07	362.59866	26.670477	388.3031	265.53937	361.4819	25.9366	385.5912	272.05966	341.7435	27.20386	366.12442	252.60425	-19.738392	2.9234526	-12.213886	-36.25126	19.738392	2.9234526	36.25126	12.213886	-0.05517517	0.010836774	-0.032788943	-0.1093569	398.15063	117.74377	1314.1537	149.17903	1.1178544	0.37737653	3.9643252	0.40048045
101	101999	21205.14794945717	3632.692	0.0	3632.692	3632.692	1000.0	1555.7388	0.0	1555.7388	1555.7388	420.0	315.08383	65.47292	375.73276	-180.84798	2.8981147	0.97066945	2.9935396	27.841276	-13.8317995	-316.5907	0.08887164	0.000875799	0.09081323	0.086912125	-0.070957	1.0002457	0.8285468	8.370144	7.748604e-07	337.1977	35.890842	380.47058	203.98357	324.14584	35.76332	367.5171	195.60458	325.8367	29.644987	363.90753	230.6388	1.6908772	17.771051	66.80141	-21.815262	15.106641	9.51098	66.80141	0.009677094	0.009391456	0.06253254	0.28959617	-0.0786671	318.6693	411.95224	4462.428	9.364615e-05	1.1157297	1.6784023	19.345432	2.575352e-07
102	102999	21427.14586019516	3584.3223	0.0	3584.3223	3584.3223	1000.0	3651.8813	0.0	3651.8813	3651.8813	1000.0	316.321	64.60549	375.4999	-186.71552	2.9206755	0.99012613	3.029292	29.55599	-13.8023205	-317.85776	0.08598808	0.0005608391	0.08693223	0.08497023	-0.024141688	1.0057354	0.8309597	8.917129	5.662441e-07	360.3371	25.194067	385.47708	266.88718	356.37338	23.721819	383.05392	270.96783	340.29636	25.681654	369.71732	253.66153	-16.077017	3.486275	-7.959292	-26.373322	16.077017	3.486275	26.373322	7.959292	-0.045717105	0.012282529	-0.022341717	-0.07665618	270.62457	112.368515	695.55206	63.35033	0.77590996	0.3620451	1.8423554	0.17782426
103	103999	21650.57009601593	3572.1125	0.0	3572.1125	3572.1125	1000.0	3648.0867	0.0	3648.0867	3648.0867	1000.0	317.27136	65.315216	376.39844	-182.5537	2.7943647	0.9865191	2.9957476	29.653313	-10.715993	-318.78912	0.08471985	0.0007000047	0.08578806	0.083653964	-0.033214964	0.999274	0.8241413	8.721895	2.734363e-06	356.8101	26.414879	387.4987	266.84137	349.87595	24.607565	386.1349	272.80377	334.45053	24.81546	365.17273	253.6885	-15.425451	8.480409	21.3283	-57.529606	16.393005	6.413363	57.529606	0.11657775	-0.04410143	0.02502674	0.06608721	-0.15541075	309.86188	204.04218	3309.6553	0.013590373	0.88946474	0.57829267	8.940719	3.8281054e-05
104	104999	21870.980273723602	3109.2559	512.0337	3621.2896	2597.2222	853.0	3603.118	0.0	3603.118	3603.118	1000.0	318.52118	64.71367	377.825	-156.71925	2.856737	0.9870726	3.0214138	29.302494	-11.30927	-320.02423	0.08270832	0.00053009635	0.08392597	0.08180382	-0.032074463	1.0037469	0.82927144	8.25163	1.0728836e-06	358.38583	23.642317	383.90088	267.4691	353.21176	22.232035	380.65564	269.56815	337.9882	23.397846	363.69348	254.48918	-15.223567	5.815037	3.5598507	-26.656816	15.293025	5.6298327	26.656816	0.0012461354	-0.04340704	0.017231183	0.0100904945	-0.08186867	265.5716	145.84224	710.5859	1.5528536e-06	0.7587048	0.4282067	2.0388467	4.4035615e-09
105	105999	22092.782735824585	3583.5408	0.0	3583.5408	3583.5408	1000.0	3570.3555	0.0	3570.3555	3570.3555	1000.0	318.29654	65.345055	378.6993	-180.43367	2.8427677	1.0067844	3.0239737	29.70404	-11.881906	-319.788	0.08214755	0.00024403889	0.082944885	0.081734695	0.016963288	1.0029366	0.829387	8.175552	1.4901161e-07	356.34036	26.245556	390.71194	269.45438	348.01022	25.163525	378.6047	270.76743	336.07202	22.899618	365.47906	253.88666	-11.938203	13.951833	59.818783	-35.378517	16.53964	7.975878	59.818783	0.23844525	-0.03314927	0.04315958	0.19855878	-0.09763277	337.17435	289.8923	3578.2869	0.05685614	0.9945522	0.92183036	11.877545	0.00016373818
106	106999	22313.995713710785	3583.4414	0.0	3583.4414	3583.4414	1000.0	3683.878	0.0	3683.878	3683.878	1000.0	318.5232	64.961174	376.9365	-192.77545	2.708765	0.99310577	3.0109496	29.448025	-10.891385	-319.94168	0.08236851	0.00033175276	0.08312805	0.081826605	-0.017124087	1.0059462	0.828247	9.021607	1.4901161e-06	362.04984	26.36426	390.18542	269.91595	353.05228	24.328749	384.50357	272.09464	336.4465	24.939291	366.43463	253.62796	-16.605803	6.1141524	12.134894	-32.20505	16.662073	5.959095	32.20505	0.057831757	-0.047289312	0.017799659	0.036711816	-0.08451407	313.13547	181.53224	1037.1653	0.003344512	0.8909503	0.5136111	2.7217798	9.262507e-06
107	107999	22534.4577627182	3643.2913	0.0	3643.2913	3643.2913	1000.0	3682.965	0.0	3682.965	3682.965	1000.0	318.8684	65.57506	377.93805	-172.8696	2.679376	0.97169316	3.0009904	29.139526	-10.916848	-320.3425	0.080596715	0.001193635	0.08244272	0.07902341	-0.07120651	0.9998071	0.82516956	8.740798	1.1920929e-07	372.8338	30.41044	403.60507	271.85626	360.9175	27.652147	395.17688	269.90274	335.11673	25.868376	375.893	253.24173	-25.800804	9.248828	3.4404633	-48.44259	25.810371	9.222096	48.44259	0.79091203	-0.071235485	0.02374501	0.010455612	-0.1358117	751.2223	482.98022	2346.6843	0.62554187	2.0517914	1.237766	6.0886683	0.0017820321
108	108999	22754.57145357132	3606.0178	0.0	3606.0178	3606.0178	1000.0	3626.6277	0.0	3626.6277	3626.6277	1000.0	319.9101	64.763016	378.8593	-166.94557	2.6597614	0.99772245	3.0019724	28.99953	-12.882855	-321.35022	0.07864418	0.00019468769	0.079019874	0.07816843	-0.0057201167	0.9986565	0.8247809	7.5985184	5.9753656e-06	358.01364	29.264725	386.81213	254.61478	351.5573	29.116322	386.84857	241.61162	333.5662	25.104975	369.66357	249.27762	-17.991144	12.114542	39.689415	-41.386646	20.290731	7.6635265	41.386646	0.02972605	-0.049906284	0.035779662	0.13408898	-0.11113053	470.44336	308.0834	1712.8544	0.0008836381	1.327005	0.84245014	5.3219132	2.6107912e-06
109	109999	22979.751522541046	3612.4832	0.0	3612.4832	3612.4832	1000.0	3646.9539	0.0	3646.9539	3646.9539	1000.0	320.28152	64.98576	378.597	-179.61528	2.6681612	1.0025909	2.99395	28.018658	-12.018515	-321.69785	0.07934908	0.00029995842	0.07984234	0.07860206	0.0066292486	0.9978963	0.82334715	8.251785	4.172325e-06	369.67398	27.826286	397.24405	269.63672	364.46674	25.8661	392.4811	273.1079	346.96225	26.795786	376.49402	255.32138	-17.504473	3.5297487	-4.529423	-26.760365	17.504473	3.5297487	26.760365	4.529423	-0.04846539	0.01123851	-0.012665048	-0.071910635	318.86572	120.347336	716.11707	20.515675	0.8851449	0.35060257	1.9001673	0.05736536
110	110999	23200.794055223465	3020.0813	0.0	3020.0813	3020.0813	802.0	3645.878	0.0	3645.878	3645.878	1000.0	321.04755	64.628174	379.95175	-192.55101	2.627498	0.99247915	2.9995944	29.352886	-11.33453	-322.46515	0.07814057	0.0005238017	0.07910029	0.077237464	-0.019054117	0.99486285	0.8242352	9.857183	1.7373823e-06	368.21457	28.6228	403.12656	271.15906	359.82806	27.162928	394.27606	274.82742	347.316	27.076365	376.70117	254.17215	-12.512029	11.298632	49.42342	-33.830593	15.393057	6.874861	49.42342	0.055037055	-0.034497958	0.034017652	0.16326319	-0.08657117	284.2099	272.05045	2442.6746	0.0030290773	0.81280494	0.8487794	8.069025	8.1836715e-06
111	111999	23423.130483150482	3600.721	0.0	3600.721	3600.721	962.0	3622.7402	0.0	3622.7402	3622.7402	1000.0	321.19937	65.12599	379.8951	-183.04668	2.7817886	1.0236449	3.0116935	30.90467	-11.554185	-322.6126	0.079937235	0.0008515987	0.08120719	0.07801797	0.05992333	0.9990355	0.8266246	11.000789	1.4901161e-06	357.72144	24.712751	384.81042	265.3167	355.67953	23.007946	381.17133	271.92194	346.9183	27.046566	376.48846	254.88033	-8.761213	5.578566	3.9958656	-19.528473	8.925762	5.311312	19.528473	0.008679877	-0.0255078	0.017699985	0.011075055	-0.06851796	107.87927	100.140976	381.36124	7.534026e-05	0.3211092	0.32222778	1.2980257	2.0526332e-07
112	112999	23645.008933782578	1332.8169	117.13776	1449.9547	1215.6792	367.0	3607.3499	0.0	3607.3499	3607.3499	1000.0	321.0074	64.46002	379.2738	-183.05757	2.8813806	0.99915105	2.9888806	29.3877	-10.122101	-322.38507	0.08064876	0.0004098155	0.08124133	0.07991989	-0.0020832147	0.9892611	0.8203983	9.567913	0.0	357.82022	22.531372	383.62177	269.84756	352.77612	20.87956	377.37537	273.74405	340.78906	23.977709	371.56036	253.06845	-11.987062	10.176657	25.225613	-37.401424	14.055601	7.049403	37.401424	0.012074652	-0.034328528	0.02978253	0.07464673	-0.10362778	247.25401	214.83691	1398.8666	0.00014579724	0.7122762	0.61893934	3.8758268	4.142792e-07
113	113999	23864.069665431976	3688.2068	0.0	3688.2068	3688.2068	1000.0	3696.441	0.0	3696.441	3696.441	1000.0	320.492	64.28435	379.35806	-186.79663	2.842171	1.0063995	2.993623	29.753052	-12.471794	-321.9122	0.082016386	0.0007483347	0.08317188	0.0805594	0.016143437	0.98997664	0.82263213	9.007509	1.385808e-06	352.47745	40.702263	392.95096	165.3871	345.48477	40.82796	389.56604	161.58737	339.97043	35.43952	372.8231	174.7417	-5.51432	19.397856	66.29148	-26.929394	16.612549	11.432748	66.29148	0.0039851945	-0.011992011	0.06600556	0.27476797	-0.08591238	406.6845	654.8542	4394.5605	1.5881777e-05	1.3345642	2.5517972	18.214775	4.371484e-08
114	114999	24079.64624452591	3593.1804	0.0	3593.1804	3593.1804	1000.0	1672.7695	0.0	1672.7695	1672.7695	439.0	320.98126	64.00019	379.76965	-89.90009	3.0113397	0.9967446	2.9591765	29.553165	-10.858801	-322.3806	0.08170224	0.0004905108	0.082919754	0.080796376	-0.008088193	0.9868064	0.8166172	9.603727	4.61936e-07	350.22803	42.527946	391.77972	144.06439	342.58792	42.33253	382.14072	141.07016	333.91635	39.661594	368.17596	144.95595	-8.671581	13.886715	39.16975	-24.373594	15.064455	6.410878	39.16975	0.31969345	-0.023693789	0.042450383	0.12417731	-0.07545648	268.03717	226.19518	1534.2693	0.1022039	0.7907765	0.70687413	4.863994	0.00028531926
115	115999	24298.933204889297	2524.996	1091.9197	3616.9158	1433.0764	693.5	3623.9187	0.0	3623.9187	3623.9187	1000.0	321.84787	63.74934	379.86606	-176.78964	2.8190248	0.9980468	2.9674034	29.292011	-12.540134	-323.22546	0.08005902	0.0006512881	0.08122816	0.07902221	-0.0048333243	0.98675406	0.8196933	10.084313	2.9802322e-08	362.47638	24.181892	391.77188	270.43384	360.00522	23.190493	389.41592	273.7668	346.06143	24.44054	372.3548	256.62036	-13.9437685	5.6252723	2.3795407	-25.866747	13.986251	5.518799	25.866747	0.06286901	-0.039062273	0.016444944	0.0068489476	-0.07213999	226.07233	136.42052	669.0886	0.0039525125	0.63506126	0.391849	1.8392828	1.0926416e-05
116	116999	24515.91325378418	1800.3436	0.0	1800.3436	1800.3436	481.0	3708.5881	0.0	3708.5881	3708.5881	1000.0	322.24243	63.850193	380.7228	-92.34615	2.8544629	0.9934948	2.9641693	32.993893	-11.293469	-323.61142	0.08066923	0.00047874037	0.08156568	0.079963475	-0.016314086	0.9844938	0.8178334	9.780089	1.9818544e-06	355.1833	42.54916	398.4313	157.32579	346.2328	42.950428	395.6115	149.85202	337.47903	36.84679	373.67468	138.72163	-8.753761	18.416119	40.935047	-35.593475	18.453165	8.675394	40.935047	0.12567574	-0.021594718	0.057124756	0.16470663	-0.09185427	415.7818	338.0872	1675.6781	0.015794393	1.2307895	1.111075	6.742274	4.4335644e-05
117	117999	24736.43924164772	3651.0718	0.0	3651.0718	3651.0718	1000.0	3677.78	0.0	3677.78	3677.78	1000.0	322.4718	63.30413	380.9233	-161.17584	2.840203	0.98769826	2.9616282	30.344574	-12.895773	-323.8242	0.07966261	0.0007704573	0.0806564	0.07841114	-0.031087497	0.981803	0.81520164	10.593648	1.0877848e-06	369.9088	27.335857	403.82886	270.3601	366.03076	26.401163	393.938	271.838	346.53394	25.467894	375.26062	256.41223	-19.49683	6.6297894	-1.0133593	-42.380135	19.49683	6.6297894	42.380135	1.0133593	-0.053215973	0.017064745	-0.0028158973	-0.114642136	424.08044	292.1381	1796.0759	1.0268972	1.1476942	0.7525786	4.858549	0.002853516
118	118999	24950.00765490532	3617.8508	0.0	3617.8508	3617.8508	1000.0	3689.451	0.0	3689.451	3689.451	1000.0	322.81335	63.18161	380.67307	-173.57246	2.8346167	0.9867579	2.955567	29.10486	-10.593346	-324.1793	0.078241706	0.0006668895	0.07920096	0.076967	-0.033730425	0.98039997	0.8128991	9.564783	3.5762787e-07	321.31064	72.626366	388.2584	5.5444584	310.04926	71.615326	380.78174	5.5444584	313.383	54.357826	364.88873	46.83651	3.333762	24.4543	99.61771	-26.952599	17.032106	17.861525	99.61771	0.03456267	0.06949699	0.4188214	7.1924744	-0.074351154	609.1267	1448.9382	9923.687	0.0011945781	6.391142	35.132336	575.2712	3.4630561e-06
119	119999	25169.199954986572	3621.763	0.0	3621.763	3621.763	1000.0	3546.2214	0.0	3546.2214	3546.2214	910.0	323.65414	63.3897	381.56052	-162.03221	2.785493	0.9997154	2.968669	32.051983	-11.142534	-325.01608	0.07737018	0.0003270754	0.07796074	0.07667421	-0.0006647491	0.9835982	0.8170306	9.327058	1.0728836e-06	355.0124	42.190754	398.56195	152.01863	344.61505	42.626156	389.12048	141.19362	336.34158	37.27139	377.3698	159.20465	-8.273472	15.18581	39.771122	-36.097183	15.794881	7.041371	39.771122	0.101910904	-0.020747248	0.04731013	0.14439067	-0.0933664	299.05917	268.61966	1581.7422	0.010385832	0.87885326	0.78193146	4.822488	2.9198802e-05
120	120999	25388.522334575653	2437.2122	1210.2173	3647.4294	1226.9949	668.0	3651.7578	0.0	3651.7578	3651.7578	1000.0	324.35275	62.997276	381.28415	-104.72636	2.826911	1.0035236	2.9710166	29.42947	-9.899488	-325.70267	0.077001944	0.0006788638	0.07813599	0.075857975	0.009091223	0.9813769	0.8133427	8.157481	3.5762787e-06	354.2628	33.799717	387.244	206.662	348.1475	34.492073	384.4441	202.96576	340.25165	29.871279	368.1911	201.07289	-7.8958735	14.047239	42.036304	-25.38313	14.611433	6.7952757	42.036304	0.13279904	-0.020608068	0.043688107	0.15806286	-0.06748158	259.66974	239.31934	1767.0509	0.017635588	0.7724105	0.8377814	6.644378	7.6552926e-05
121	121999	25606.410861730576	1466.2407	65.296814	1531.5376	1400.944	394.5	2339.2524	0.0	2339.2524	2339.2524	614.0	324.21075	63.083466	382.15833	-85.983444	2.9068427	1.0094056	2.9618971	28.980145	-9.63302	-325.536	0.077968895	0.00030815124	0.078595035	0.077361844	0.024038263	0.9854596	0.8152621	9.423324	5.2154064e-07	325.84988	76.96854	392.5757	4.101183	316.3638	76.147446	386.3121	4.101183	308.66046	74.99353	363.46204	-30.34333	-7.7033625	15.200578	38.272694	-47.155083	14.9988365	8.089147	47.155083	0.0023939945	-0.04124795	0.20395483	0.27495846	-3.4444513	290.39935	274.75415	2223.6018	5.7312095e-06	1.4453859	6.8582764	121.71445	4.8799837e-08
122	122999	25823.565452814102	2571.3457	1141.5548	3712.9004	1429.7909	693.0	3643.8406	0.0	3643.8406	3643.8406	1000.0	323.9546	63.37696	381.60614	-86.02246	2.9882016	1.0149844	2.9636836	28.518364	-9.613856	-325.33005	0.07983572	0.00073240005	0.080997854	0.07860536	0.03798164	0.9904646	0.8161006	8.909497	2.1383166e-06	340.6022	62.331173	388.64334	5.4419794	332.53613	63.340443	385.002	5.4419794	323.12598	60.310524	366.96698	8.178598	-9.410196	10.789091	23.58528	-33.990784	13.077157	5.8261676	33.990784	0.006764188	-0.027065486	0.038802642	0.27366188	-0.26580003	204.95627	155.7663	1155.3734	4.575424e-05	0.61406034	0.49605447	5.1360874	1.4773097e-07
123	123999	26042.592027902603	3618.8977	0.0	3618.8977	3618.8977	1000.0	3649.4214	0.0	3649.4214	3649.4214	1000.0	324.29718	62.820873	380.87473	-181.44193	3.0548818	0.997019	2.9792132	28.932726	-9.993962	-325.62762	0.08050725	0.0002441425	0.08098316	0.07995667	-0.0074508605	0.9885178	0.8164076	9.50759	5.9604645e-07	365.41666	24.843548	394.67972	272.29593	361.50797	23.611387	389.2726	274.68625	349.4532	25.310604	375.62936	258.27966	-12.054792	5.500508	2.945712	-23.818382	12.111837	5.373732	23.818382	0.017135682	-0.03375694	0.016124398	0.008386029	-0.06522775	175.57361	127.34502	567.3153	0.0002936316	0.4938287	0.36261293	1.488704	8.295728e-07
124	124999	26260.459045171738	3665.2178	0.0	3665.2178	3665.2178	1000.0	3685.866	0.0	3685.866	3685.866	1000.0	324.20804	62.784824	381.2779	-173.98177	2.9817653	1.0004126	2.9693682	27.854076	-10.225299	-325.54782	0.08029144	0.0003883273	0.080924004	0.07936628	0.0011043606	0.9865494	0.81755394	9.8643875	1.7881393e-06	364.2331	27.047264	393.48492	273.24942	355.56345	26.547056	388.89435	271.41998	344.8169	25.182522	375.0262	258.05566	-10.746556	8.642494	22.394539	-26.525768	12.81459	5.095825	26.525768	0.044824135	-0.029826716	0.024943959	0.071321346	-0.06910604	190.18117	122.91403	703.61633	0.002009203	0.5342693	0.34060988	1.8330909	5.4031475e-06
