Epoch	TotalEnvInteracts	Time	AverageEpRet	StdEpRet	MaxEpRet	MinEpRet	EpLen	AverageTestEpRet	StdTestEpRet	MaxTestEpRet	MinTestEpRet	TestEpLen	AverageQ1Vals	StdQ1Vals	MaxQ1Vals	MinQ1Vals	LossQ1	AverageLogPi	StdLogPi	MaxLogPi	MinLogPi	LossPi	AverageAlpha	StdAlpha	MaxAlpha	MinAlpha	LossAlpha	AveragePreTanh	StdPreTanh	MaxPreTanh	MinPreTanh	AverageMCDisRet	StdMCDisRet	MaxMCDisRet	MinMCDisRet	AverageMCDisRetEnt	StdMCDisRetEnt	MaxMCDisRetEnt	MinMCDisRetEnt	AverageQPred	StdQPred	MaxQPred	MinQPred	AverageQBias	StdQBias	MaxQBias	MinQBias	AverageQBiasAbs	StdQBiasAbs	MaxQBiasAbs	MinQBiasAbs	AverageNormQBias	StdNormQBias	MaxNormQBias	MinNormQBias	AverageQBiasSqr	StdQBiasSqr	MaxQBiasSqr	MinQBiasSqr	AverageNormQBiasSqr	StdNormQBiasSqr	MaxNormQBiasSqr	MinNormQBiasSqr
0	999	14.36939549446106	22.293045	23.317293	132.62253	5.2394886	24.625	60.34344	0.0	60.34344	60.34344	53.0	0.0	0.0	0.0	0.0	0.0	0.0	0.0	0.0	0.0	0.0	0.0	0.0	0.0	0.0	0.0	0.0	0.0	0.0	0.0	7.096712	5.535892	27.360485	-2.5761926	10.059441	7.585509	36.065235	-0.9156942	-0.0747276	0.063183315	0.15353017	-0.30319443	-10.134169	7.564905	0.7768333	-36.092495	10.141967	7.554446	36.092495	0.034777768	-0.6980643	0.34731692	0.07768333	-1.0166988	159.92915	208.01137	1302.6681	0.0012094933	9.24126	8.274536	36.119774	0.00012094932
1	1999	20.336572647094727	20.814556	20.167421	124.153015	5.428253	23.5	60.34344	0.0	60.34344	60.34344	53.0	0.0	0.0	0.0	0.0	0.0	0.0	0.0	0.0	0.0	0.0	0.0	0.0	0.0	0.0	0.0	0.0	0.0	0.0	0.0	7.096712	5.535892	27.360485	-2.5761926	10.059441	7.585509	36.065235	-0.9156942	-0.0747276	0.063183315	0.15353017	-0.30319443	-10.134169	7.564905	0.7768333	-36.092495	10.141967	7.554446	36.092495	0.034777768	-0.6980643	0.34731692	0.07768333	-1.0166988	159.92915	208.01137	1302.6681	0.0012094933	9.24126	8.274536	36.119774	0.00012094932
2	2999	26.671696662902832	17.460537	16.582548	105.42657	5.3510084	20.979591	59.399616	0.0	59.399616	59.399616	53.0	0.0	0.0	0.0	0.0	0.0	0.0	0.0	0.0	0.0	0.0	0.0	0.0	0.0	0.0	0.0	0.0	0.0	0.0	0.0	8.233373	8.929823	41.937675	-3.47486	11.577597	11.154159	53.84074	-1.2010777	-0.077268735	0.06568207	0.16455407	-0.30520153	-11.654865	11.138743	1.0667568	-53.862137	11.668747	11.124201	53.862137	0.004323096	-0.6841661	0.35992175	0.106675684	-1.0190625	259.9075	482.7772	2901.13	1.8689158e-05	10.8001995	11.738397	53.88355	1.8689158e-06
3	3999	33.10836124420166	17.077888	8.235182	38.263966	5.8786683	22.044445	59.796833	0.0	59.796833	59.796833	53.0	0.0	0.0	0.0	0.0	0.0	0.0	0.0	0.0	0.0	0.0	0.0	0.0	0.0	0.0	0.0	0.0	0.0	0.0	0.0	9.046069	10.344884	58.180862	-0.5064567	12.620604	12.953299	71.834915	-0.72630024	-0.07845924	0.071593374	0.22800267	-0.30312753	-12.699063	12.935801	0.58159876	-71.88662	12.70052	12.934372	71.88662	0.0078225015	-0.70511425	0.34784612	0.058159877	-1.0261916	328.6012	735.21533	5167.6855	6.119153e-05	11.840158	13.523802	71.93836	6.1191527e-06
4	4999	39.513049364089966	22.184013	22.71988	109.465385	6.3513336	23.47619	60.312557	0.0	60.312557	60.312557	54.0	0.0	0.0	0.0	0.0	0.0	0.0	0.0	0.0	0.0	0.0	0.0	0.0	0.0	0.0	0.0	0.0	0.0	0.0	0.0	9.693829	9.1059	39.994812	-2.6318586	13.355648	11.939544	52.037384	-1.4091913	-0.07667764	0.06744161	0.09925501	-0.30516708	-13.432325	11.920088	1.3036335	-52.036907	13.452692	11.897098	52.036907	0.001794205	-0.7247905	0.34951058	0.13036335	-1.0178337	322.51587	512.2675	2707.8396	3.2191715e-06	12.671535	12.535307	52.03643	3.2191716e-07
5	5999	407.66958689689636	134.45761	82.73287	303.07098	47.422024	67.666664	278.86572	0.0	278.86572	278.86572	128.0	106.07511	63.43795	330.76373	-58.660767	33.96333	-0.13191737	2.0936952	14.055562	-10.708579	-114.03086	0.90500075	0.04566931	0.99970007	0.8333106	-0.08540122	0.93597835	0.66125584	5.1697893	5.3942204e-06	105.425415	43.26675	157.35443	2.711372	114.51822	47.69557	174.81102	2.711372	171.44684	39.471775	233.0615	31.426184	56.92862	23.696888	144.76382	-35.753845	57.027443	23.458061	144.76382	1.348366	0.96118075	1.5266011	11.28887	-0.24000877	3802.4102	3383.086	20956.564	1.8180908	74.51709	149.44742	1276.7242	0.012373863
6	6999	767.6484518051147	243.69353	86.53924	346.59775	89.774055	116.875	259.9872	0.0	259.9872	259.9872	117.0	213.46367	57.217022	330.52667	-101.71464	51.921494	0.48286563	2.4851067	17.31985	-10.941656	-225.93553	0.77041507	0.038053416	0.8331815	0.7003335	-0.13616666	0.9973779	0.7441053	6.851451	1.4007092e-06	101.66273	42.28036	146.27014	2.593805	105.27518	44.097515	155.69011	2.593805	224.40361	61.102673	283.0775	-3.2762308	119.12843	31.936035	182.10507	-6.005471	119.15164	31.84931	182.10507	2.581956	1.4351789	0.8162091	4.673031	-0.60054713	15211.492	6833.183	33162.258	6.6664968	169.16028	98.374626	446.2887	0.6666497
7	7999	1135.287189245224	266.474	31.592964	319.95694	222.974	121.375	295.74445	0.0	295.74445	295.74445	133.0	206.44194	67.42194	284.55	-174.90056	30.527573	0.48024535	2.4865417	18.93945	-11.408876	-217.01103	0.63864297	0.039128043	0.7002082	0.5542773	-0.24473885	1.0046198	0.75140357	7.4393377	7.748604e-07	113.864784	47.30611	167.89839	2.101783	123.021965	51.978825	183.81903	2.101783	135.50931	65.68617	223.42526	-12.751381	12.487357	23.521511	65.25696	-27.80512	20.427816	17.085077	65.25696	0.0007010535	0.1350256	0.42951897	5.6702294	-1.7692792	709.1955	947.99243	4258.47	4.9147593e-07	6.642727	17.79964	321.51505	9.420539e-09
8	8999	1498.0679805278778	289.8626	138.64694	628.0205	214.30501	156.0	326.7782	0.0	326.7782	326.7782	169.0	152.20427	53.12121	224.92816	-99.08817	13.561332	-0.073581256	2.444673	19.811062	-10.725214	-159.16328	0.45765078	0.050735053	0.55406016	0.37804037	-0.8503984	0.9338845	0.71972096	7.0817795	2.9802322e-07	114.271996	41.521664	161.52554	1.3497694	126.151054	47.85026	181.37386	1.3497694	123.11203	38.636288	168.1913	4.302425	-3.0390282	14.850863	47.409927	-29.977125	12.913978	7.9380736	47.409927	0.031195547	0.10103474	0.5254793	4.7409925	-0.25771928	229.78381	280.6538	2247.7012	0.0009731621	5.0674763	17.6229	224.77013	7.466273e-06
9	9999	1853.72838306427	300.21832	16.538465	319.12375	273.9682	126.0	300.29962	0.0	300.29962	300.29962	118.0	136.0833	39.88647	177.74147	-77.4929	6.892675	0.014069386	2.5179904	20.562206	-9.616518	-141.59625	0.3247793	0.027609438	0.37790608	0.28098857	-1.1052866	0.94119817	0.7210341	6.4011993	2.9206276e-06	119.88588	46.77662	167.77466	3.309984	129.82114	51.61003	184.3221	3.309984	123.6485	53.243156	174.65768	-17.79597	-6.1726317	7.3802505	19.1208	-30.797737	8.122351	5.15722	30.797737	0.0042994847	-0.119443245	0.30795902	0.32068184	-2.1823218	92.56948	107.519005	948.5006	1.848557e-05	1.9811635	5.7443876	47.62528	1.1409938e-07
10	10999	2215.4131786823273	297.75507	20.998978	332.10162	264.7522	119.625	301.80112	0.0	301.80112	301.80112	121.0	138.11525	43.2062	179.58966	-75.63884	5.609895	0.18238117	2.6342843	24.181198	-9.852955	-143.17834	0.24688078	0.018618364	0.28090465	0.21590333	-1.1437875	0.97124004	0.7449555	6.887582	2.7418137e-06	121.14597	48.33091	170.69727	2.386303	130.53217	53.162193	186.16878	2.386303	116.7713	52.45051	170.97177	-5.980672	-13.760877	5.9078336	4.0405684	-33.816883	13.779946	5.863216	33.816883	0.053760976	-0.13769624	0.113187775	0.40405685	-1.0361009	224.26425	183.02603	1143.5814	0.0028902425	2.0717463	1.9440325	10.73505	0.00028902426
11	11999	2568.697338581085	305.90027	19.30484	330.16855	276.38858	127.625	344.01202	0.0	344.01202	344.01202	138.0	133.81447	42.804413	178.95491	-104.32173	4.8141456	0.3159801	2.6783044	25.43231	-10.360344	-138.33409	0.1911505	0.013493914	0.21584821	0.16853677	-1.1311	0.98131883	0.75289667	6.351961	1.2516975e-06	124.97566	51.535862	178.16156	2.6630652	131.64452	56.762127	189.84436	2.6630652	115.73259	53.1538	170.73985	-12.88556	-15.9119215	7.5569525	2.4638038	-36.04064	15.955322	7.464882	36.04064	0.0035239307	-0.1424822	0.13539399	0.21930349	-1.6078597	310.29672	243.14078	1298.9279	1.2418088e-05	2.5591486	2.7330017	25.85213	1.2418087e-06
12	12999	2920.174464225769	323.4213	15.39279	351.32516	298.83392	141.85715	331.98846	0.0	331.98846	331.98846	148.0	132.61592	42.496063	178.30151	-101.22042	4.189474	0.3934301	2.744482	27.659792	-12.604067	-136.7292	0.149362	0.010837655	0.16849512	0.13111389	-1.154545	0.9794548	0.7603409	6.559121	1.9073486e-06	121.524574	50.559925	174.44054	2.3745449	130.3466	56.281876	188.4994	2.3745449	116.15793	50.326675	167.54327	-2.4767573	-14.1886835	6.8763766	6.966791	-23.769144	14.486043	6.2255793	23.769144	0.0047403886	-0.10288425	0.07639991	0.5034876	-0.52825826	248.60332	146.96579	564.97217	2.2471284e-05	1.719888	0.8736906	5.036642	5.425185e-07
13	13999	3266.1333396434784	260.42786	79.57879	320.66672	82.60652	109.666664	313.27402	0.0	313.27402	313.27402	131.0	131.64748	43.176647	173.75075	-147.73434	4.610547	0.7824602	2.8156018	29.960182	-11.214679	-135.42247	0.12110324	0.003916925	0.13108248	0.11771451	-0.45248663	1.0283667	0.7819694	6.816571	1.4901161e-06	114.86577	52.838074	172.95795	1.7077166	121.77088	56.501633	184.84297	1.7077166	119.918846	49.66119	169.78862	-5.2439	-1.8520356	33.857853	165.94125	-34.175877	17.829365	28.842642	165.94125	0.045065243	0.36789998	2.2302146	16.594126	-0.8703456	1149.7843	4560.1816	27536.502	0.002030876	67.41612	344.80853	2753.6501	1.4981372e-05
14	14999	3618.902930498123	320.27704	22.35889	348.7036	274.868	137.14285	334.16272	0.0	334.16272	334.16272	147.0	130.43063	43.3316	171.84756	-155.95195	4.541694	0.6494984	2.7877007	27.723108	-11.073651	-133.99794	0.107024625	0.0075671994	0.11875276	0.09477595	-0.7854741	0.98847014	0.76867557	6.995858	1.4901161e-07	123.347664	48.926746	172.16063	2.7109969	128.27109	52.892193	181.57858	2.7109969	119.11336	48.495148	163.4407	-3.3727326	-9.157739	5.8033614	3.0793152	-20.064537	9.266688	5.627759	20.064537	0.024816863	-0.0746256	0.06273743	0.16422012	-0.61725426	117.54318	113.42349	402.58566	0.0006158767	0.7900333	0.63845956	3.8100283	1.5576421e-05
15	15999	3968.866472005844	314.01294	5.877718	323.84024	303.05896	125.25	314.60144	0.0	314.60144	314.60144	129.0	129.01346	43.096798	170.259	-81.321785	3.6337903	0.84672046	2.8927057	29.016846	-10.896597	-132.30788	0.08891783	0.0029424394	0.09476382	0.08427522	-0.36968014	1.0358106	0.80379534	6.810939	3.5762787e-07	125.28122	51.96165	180.31454	2.7347538	129.49335	56.2624	187.60133	2.7347538	118.179855	50.1103	165.15424	-0.3910455	-11.3134985	8.1035185	7.0860143	-25.129387	11.772741	7.420567	25.129387	0.007654428	-0.07686537	0.09278564	0.6640069	-0.49366072	193.66226	172.23044	631.48615	5.8590267e-05	1.3101923	1.0365502	4.8961344	2.618206e-06
16	16999	4322.273651123047	334.75146	14.631666	356.21274	313.3663	130.875	141.54733	0.0	141.54733	141.54733	74.0	130.60838	43.935497	175.06949	-117.1468	3.4454174	0.9706921	2.95525	28.913933	-10.667064	-133.74075	0.079791255	0.0022312538	0.08426759	0.07624596	-0.0724797	1.0656109	0.8251756	7.709173	8.2328916e-07	66.87187	30.84527	106.56161	1.765713	70.18922	33.280437	114.736534	1.765713	159.04117	5.556933	168.29175	140.47336	88.85195	29.087193	162.88269	45.512474	88.85195	29.087193	162.88269	45.512474	2.69977	3.8102283	16.288269	0.42428806	8740.734	5782.212	26530.771	2071.3855	334.58456	579.23254	2653.0771	19.822937
17	17999	4669.436050653458	297.22174	78.52718	372.57382	152.22963	125.875	103.655235	0.0	103.655235	103.655235	56.0	134.78214	45.680855	183.0817	-105.18392	3.9879081	1.1452243	3.0067263	28.992058	-11.030271	-137.91425	0.08912708	0.002922488	0.09396097	0.08165308	0.35438436	1.0857909	0.84125763	8.105483	2.95043e-06	110.98906	54.466927	193.5005	1.9251182	103.77999	49.971813	180.07385	1.9251182	140.48857	37.91545	181.41554	-0.08947621	36.708565	43.199383	173.93529	-40.637302	40.515865	39.650604	173.93529	0.017003138	0.9525987	2.1591191	17.393528	-0.32703507	3213.7053	5269.0806	30253.482	0.00028910668	100.71783	316.28946	3025.3484	3.9142665e-06
18	18999	5026.537519454956	340.09396	54.195236	435.61502	266.54422	131.57143	570.99243	0.0	570.99243	570.99243	223.0	140.99606	47.937515	187.49982	-142.50815	4.4211993	1.0815535	2.925695	26.440674	-12.095573	-144.28345	0.09653058	0.0020603607	0.101079404	0.093466274	0.1905077	1.0317054	0.8224504	8.256463	1.7881393e-07	164.48752	54.979458	223.3022	2.961386	146.66435	53.14382	212.44	2.961386	138.2396	37.123894	181.0804	-14.312204	-8.424763	22.105766	57.382076	-54.929806	20.325907	12.103683	57.382076	0.002696785	0.078215525	0.5588275	5.0088	-1.727359	559.6416	568.57495	3292.703	7.2726484e-06	7.662028	21.910976	250.88077	4.1255912e-08
19	19999	5374.55677986145	585.83655	111.67366	755.4751	447.0231	206.4	66.08176	0.0	66.08176	66.08176	40.0	149.78758	50.26973	218.19075	-143.54654	5.5712414	1.231369	2.9606276	24.707878	-9.965832	-153.32465	0.10931232	0.0072761113	0.12592083	0.10109816	0.5039417	1.0570314	0.847522	7.6455865	5.3085387e-07	97.38835	64.62442	205.79024	1.906955	95.143814	61.191	202.41568	1.906955	159.18874	52.18598	212.91727	-7.983113	64.0449	72.50329	206.94267	-50.437763	71.36199	65.31417	206.94267	0.21082844	2.3616025	4.5113115	20.694267	-1.0204973	9358.478	12186.111	42825.27	0.044448633	400.38684	849.9852	4282.527	0.0005272182
20	20999	5730.008650302887	451.45517	126.085396	719.9828	321.12497	167.0	686.8048	0.0	686.8048	686.8048	218.0	158.14548	56.27313	222.05357	-71.115036	5.684659	1.0099894	2.8917997	28.445717	-10.837513	-161.6885	0.12813999	0.0016923249	0.13113299	0.12597768	0.02077102	1.0503017	0.8433929	8.824335	7.301569e-07	202.83012	70.58957	278.60175	4.132016	190.39665	68.638985	262.9807	4.132016	160.61024	52.876717	207.2092	-9.189	-29.786423	21.567017	31.491686	-77.20256	31.753538	18.549395	77.20256	0.0022094822	-0.13843694	0.14746705	1.0584303	-1.47919	1352.3672	1189.2517	5960.235	4.881812e-06	6.0758314	4.686065	24.650702	3.7604966e-08
21	21999	6079.631999492645	527.42004	228.42969	685.23303	80.25862	176.2	611.99725	0.0	611.99725	611.99725	219.0	160.1971	54.330433	223.55835	-82.51534	5.342066	1.0284383	2.8254557	27.656933	-10.475796	-163.64423	0.1289351	0.001880291	0.13258347	0.12712818	0.058209173	1.0648805	0.8410031	8.1374	3.8146973e-06	129.60358	87.60509	239.55869	1.8595376	128.28185	85.49635	236.7547	1.8595376	172.32388	43.55465	212.01547	-6.3945093	44.042038	97.79434	204.8159	-98.36279	84.21011	66.423584	204.8159	0.31615546	2.3724277	4.6600337	20.48159	-1.0199391	11503.435	13040.065	41949.55	0.09995428	441.98395	870.3752	4194.955	0.0022143903
22	22999	6437.050400972366	661.65173	187.2244	832.76086	324.4966	236.8	917.9126	0.0	917.9126	917.9126	301.0	163.61887	56.155228	230.67534	-66.94691	7.2797256	1.046129	2.685553	27.073465	-10.566051	-167.05026	0.14054254	0.00420101	0.14536896	0.13179028	0.09237322	1.053483	0.817473	6.9901056	7.748604e-07	219.31743	67.64399	299.54102	4.0572233	218.84192	66.252495	291.30502	4.0572233	178.65404	50.098694	242.96777	-10.501601	-40.187862	20.942577	10.319047	-85.1414	40.330368	20.666824	85.1414	0.018497687	-0.18383004	0.12808593	0.17146969	-1.5698538	2053.6562	1703.7618	7249.059	0.0003421644	8.313081	6.0315595	25.527855	4.588564e-06
23	23999	6786.168375253677	701.4702	94.38785	809.08716	549.6169	224.0	675.7786	0.0	675.7786	675.7786	213.0	167.1096	56.649105	250.42615	-68.204865	6.8772173	0.962489	2.755758	26.133966	-10.94017	-170.47743	0.13225183	0.0032358682	0.13954344	0.1286141	-0.07468885	1.0089898	0.8055146	6.8018136	5.364418e-07	209.0344	72.63784	272.5911	3.3260896	204.29153	70.21901	263.9228	3.3260896	182.63063	61.4739	233.02916	-6.675314	-21.660894	14.747238	14.703947	-44.289547	22.626928	13.21732	44.289547	0.008348328	-0.09582312	0.13849875	1.4703947	-1.0046871	686.67535	560.55884	1961.564	6.9694586e-05	3.105887	2.3340223	21.620607	3.0586486e-07
24	24999	7135.824225902557	639.3164	118.178085	774.72015	420.63727	211.0	690.7454	0.0	690.7454	690.7454	238.0	173.18277	58.646744	248.62158	-82.95671	9.419791	1.0572512	2.802793	24.0275	-11.590691	-176.5795	0.14015663	0.00304602	0.14427604	0.13284983	0.11336571	1.0401638	0.82642263	7.8944063	5.9604645e-07	199.38722	67.362755	276.19025	2.7726376	195.31711	64.49321	264.0799	2.7726376	185.30663	59.540646	239.2446	-10.380291	-10.010473	20.925823	79.126045	-67.6624	18.68594	13.745378	79.126045	0.0074549937	-0.020528797	0.45586342	7.912605	-1.7073859	538.0997	754.99664	6260.9316	5.5576933e-05	5.372905	30.678776	626.09314	7.244369e-07
25	25999	7486.54078245163	679.0808	32.732857	702.5231	622.6611	221.75	937.1306	0.0	937.1306	937.1306	285.0	175.21558	59.80553	248.37679	-88.28508	7.6215177	0.97497785	2.8225086	27.09441	-9.884244	-178.56369	0.14089495	0.002140413	0.14404188	0.13765371	-0.048892457	1.026419	0.8130762	8.049085	4.351139e-06	223.97537	79.03155	320.01276	3.3843703	215.49263	75.38335	299.42123	3.3843703	193.03612	57.826267	247.40488	-12.805607	-22.456522	50.288677	239.32315	-77.87821	45.526806	30.992844	239.32315	2.2434194	0.081833266	1.7073197	23.932316	-1.6953355	3033.2466	6210.4453	57275.57	5.0329304	53.23835	374.9092	5727.557	0.13038257
26	26999	7836.196715831757	811.27814	485.34485	1605.5173	288.76105	266.5	342.7663	0.0	342.7663	342.7663	146.0	180.90608	61.898987	266.99368	-115.49716	8.714935	1.0551966	2.7571998	23.893661	-13.890506	-184.34625	0.14682345	0.0049150754	0.15214927	0.13858385	0.10693501	1.0237141	0.8042037	7.760091	2.8908253e-06	203.66574	87.74525	307.23987	2.1632683	195.82939	85.58878	292.3188	2.1632683	218.96109	32.770374	247.76227	15.830717	23.131714	83.23167	239.43481	-77.93465	66.04334	55.685394	239.43481	0.00573113	1.0720932	3.6040869	23.943481	-0.27472255	7462.587	12018.009	57329.035	3.2845852e-05	223.91125	786.0022	5732.9033	1.4554595e-07
27	27999	8193.906078338623	769.60675	191.4783	1021.976	535.05707	274.0	950.3613	0.0	950.3613	950.3613	312.0	182.94461	60.772865	251.75427	-114.31491	8.695737	1.0055559	2.7653196	24.873476	-11.701112	-186.27989	0.14637335	0.002786623	0.15127657	0.14193854	0.010666931	1.0170795	0.80556816	7.8104916	1.0728836e-06	220.65929	68.54309	297.9962	3.6162138	219.37007	68.71546	293.18658	3.6162138	201.4779	47.619385	241.13687	-2.1323519	-17.892174	36.20488	140.79445	-74.66638	32.0345	24.590939	140.79445	0.018016815	0.035396975	0.85018045	14.079445	-0.6079872	1630.9232	2521.139	19823.076	0.00032460567	17.899414	111.012825	1982.3076	2.2366671e-06
28	28999	8546.920432567596	955.04254	53.59174	1030.5571	911.69275	308.33334	3015.1724	0.0	3015.1724	3015.1724	1000.0	184.56512	61.405567	250.44043	-106.66174	7.486018	0.96783537	2.7326767	24.750507	-11.5521145	-187.84178	0.15086514	0.0020491735	0.1535315	0.14498511	-0.061331328	1.019597	0.80644196	7.6072617	4.7534704e-06	270.38123	62.570095	323.04517	4.5996795	266.09882	61.68916	313.41614	4.5996795	215.91325	42.240486	248.13673	6.6717134	-50.185562	23.685013	20.375477	-87.72547	50.82501	22.279781	87.72547	0.033806145	-0.17369168	0.09245437	0.48433346	-0.6542441	3079.57	1849.7456	7695.7583	0.0011428554	10.547109	5.864533	24.554441	1.0461795e-05
29	29999	8902.102568387985	620.3767	270.05475	976.5248	333.40176	214.25	893.546	0.0	893.546	893.546	282.0	185.63048	61.061054	246.87541	-105.6455	8.333689	0.9763433	2.7365172	25.289022	-10.374613	-188.76047	0.14107378	0.001339646	0.14494729	0.13924251	-0.04606853	1.0098983	0.8018044	7.568237	8.940697e-07	224.44415	74.926926	292.84167	3.5273776	223.31586	74.70722	293.51587	3.5273776	196.21078	55.184875	240.88126	-14.145923	-27.10507	31.834263	120.689064	-73.64906	36.91698	19.627571	120.689064	0.12469693	-0.021748086	0.8240876	12.068907	-1.76733	1748.1051	1694.1714	14565.851	0.015549324	15.991175	88.56384	1456.5851	6.945028e-05
30	30999	9251.385815620422	696.73376	234.42851	983.71045	321.82178	233.0	909.4631	0.0	909.4631	909.4631	281.0	186.80716	60.99091	255.03918	-85.045654	8.3307295	1.010373	2.7489414	24.195372	-12.621153	-189.8506	0.14148407	0.00076824904	0.14289294	0.1396792	0.02040622	1.0183939	0.8026598	8.703092	5.811453e-07	212.4278	73.61148	291.18887	3.2055576	210.58133	71.710945	283.35757	3.2055576	187.35501	58.777267	239.18127	-15.334049	-23.226334	17.012505	22.115807	-58.461777	25.151966	14.009511	58.461777	0.01288292	-0.104340166	0.16127568	0.45319048	-1.8539606	828.8878	694.94104	3417.779	0.00016596963	3.682662	3.07979	34.371704	1.2619513e-06
31	31999	9608.584974765778	772.5388	310.03735	1108.4237	311.90265	256.0	1136.3693	0.0	1136.3693	1136.3693	365.0	189.39247	60.52907	262.43503	-87.96403	9.0086975	1.015712	2.7331882	24.16724	-10.191903	-192.52696	0.14392471	0.0013190712	0.14612074	0.14184012	0.030546166	1.0187088	0.80948776	8.02341	2.3841858e-07	236.07222	67.78852	310.13797	1.7738558	230.53107	65.28908	299.34912	1.7738558	209.127	50.141926	267.56055	-14.39533	-21.40406	22.403172	52.713787	-54.77085	27.85496	13.569712	54.77085	0.05157109	-0.05027654	0.32188234	5.271379	-1.8308331	960.0359	715.2021	2999.846	0.0026595772	5.2746735	13.604313	277.87436	8.194362e-05
32	32999	9959.723763465881	858.80707	382.58264	1200.9391	324.74863	282.0	1027.2546	0.0	1027.2546	1027.2546	322.0	191.78583	60.872246	266.8224	-97.606384	8.623411	0.96439135	2.689335	23.89962	-11.058918	-194.83403	0.1405531	0.0025070468	0.14557353	0.13711977	-0.069573134	0.9949791	0.7905218	7.4564204	3.2037497e-06	229.84207	87.07332	316.42902	2.4090567	225.86804	86.35334	310.88876	2.4090567	207.7758	54.64861	263.0852	-9.509916	-18.092215	57.321716	235.08774	-67.93616	46.13514	38.531246	235.08774	0.037301317	0.25529253	2.0473557	23.508774	-1.2164295	3613.108	7667.415	55266.246	0.0013913882	75.39194	450.03717	5526.6245	6.7736005e-06
33	33999	10313.553962469101	715.80817	336.68896	1072.8702	166.19205	230.0	863.0842	0.0	863.0842	863.0842	276.0	191.82423	61.706966	267.47913	-98.510956	9.473937	1.0125715	2.7101839	21.89473	-10.722033	-194.8626	0.13887383	0.0014769267	0.14096919	0.1366464	0.024875322	0.9936779	0.7910886	8.086211	1.758337e-06	226.36798	76.78437	300.2679	1.260424	226.39749	77.68659	301.4923	1.260424	195.32738	60.571686	243.9897	-80.60596	-31.070135	22.45129	37.831993	-84.9053	34.174366	17.364515	84.9053	0.12128876	-0.12570281	0.5451989	3.4944322	-8.253532	1469.4138	1267.6276	7208.909	0.014710964	8.636142	32.3935	681.2079	9.472813e-05
34	34999	10663.53388094902	896.63135	70.67855	1015.6442	830.0502	282.0	836.23724	0.0	836.23724	836.23724	259.0	194.24687	62.05697	275.8831	-109.44578	9.440361	1.0254726	2.7185323	24.24304	-12.152163	-197.22418	0.14307152	0.0023368278	0.1463121	0.13934366	0.049602777	0.9973175	0.79901385	7.729068	1.7881393e-07	233.17506	77.380135	299.65057	2.1313856	230.21843	75.88689	299.7172	2.1313856	201.0269	65.91437	272.73074	-13.440769	-29.191515	13.237811	10.635627	-52.20615	29.62344	12.2407465	52.20615	0.10796196	-0.12602252	0.11827333	1.0234485	-1.7064409	1027.3842	651.9475	2725.4822	0.011655784	4.183492	2.3222065	29.119406	0.00041903692
35	35999	11017.32270359993	906.4056	128.64642	1113.9038	787.59283	282.75	920.69977	0.0	920.69977	920.69977	287.0	194.72816	63.04765	276.9301	-113.92834	7.798209	1.0066704	2.736262	22.677559	-10.451368	-197.6702	0.14870593	0.0011599605	0.15053114	0.14578693	0.0128795225	1.0049626	0.80113214	7.1913633	9.23872e-07	258.21283	73.77987	330.25256	2.976932	256.75586	72.76999	327.29852	2.976932	213.38815	57.893044	268.48987	-1.2409016	-43.36771	17.391245	4.1795526	-76.32852	43.39355	17.326674	76.32852	0.139319	-0.16266255	0.052336734	0.41795525	-0.6897761	2183.2139	1469.2773	5826.043	0.019409783	7.6132607	4.2495747	19.591074	0.0009776278
36	36999	11363.69382596016	857.2122	90.687805	982.0895	769.46204	266.33334	793.8652	0.0	793.8652	793.8652	247.0	195.55388	63.304222	278.0439	-99.29362	7.76886	0.9709032	2.7136133	22.153877	-10.842625	-198.44038	0.14413409	0.0017650556	0.14785326	0.14129424	-0.05623547	0.99157643	0.7945369	8.080168	3.9860606e-07	238.22736	79.8633	342.67844	3.5596936	234.53873	78.73977	337.93915	3.5596936	231.6519	39.33369	267.26215	-7.368127	-2.8868415	71.06552	235.55212	-92.25203	55.740707	44.177105	235.55212	0.011171813	0.3348235	1.9809251	23.555212	-1.1967666	5058.642	8391.936	55484.8	0.0001248094	83.212456	414.08337	5548.4805	5.234486e-07
37	37999	11717.022987127304	1180.619	259.9797	1371.9979	813.05676	363.0	1353.1143	0.0	1353.1143	1353.1143	406.0	197.08289	64.89499	279.73056	-105.48121	7.6035314	1.0068188	2.687064	22.560186	-10.160218	-199.94006	0.14221674	0.00093410705	0.14372075	0.14027305	0.013379139	0.98889935	0.7891432	7.7115483	1.013279e-06	249.86656	74.20441	320.09604	2.496839	243.85342	73.17611	315.43033	2.496839	208.87045	60.011795	263.88116	0.15277886	-34.982983	16.045187	7.5123982	-72.606804	35.091427	15.806604	72.606804	0.031041536	-0.13486053	0.06421119	0.75123984	-0.57551813	1481.257	1054.9008	5271.7485	0.00096357695	5.3877482	3.2530422	17.279577	9.63577e-05
38	38999	12073.207560062408	1005.7456	176.23917	1181.9847	829.5064	326.0	1167.8331	0.0	1167.8331	1167.8331	354.0	198.48396	65.662865	280.33115	-98.01348	7.419902	1.0056884	2.6735075	22.40327	-10.708768	-201.28818	0.14369956	0.0007825564	0.14507903	0.14269209	0.011097097	0.99269253	0.7904187	7.5677767	8.34465e-07	272.64227	67.995575	329.6771	2.9928536	269.74072	67.881355	326.91498	2.9928536	224.69855	50.152206	265.02582	-4.05838	-45.042126	21.05159	13.321963	-85.27405	45.25121	20.598324	85.27405	0.43481654	-0.15313147	0.08083374	0.84184563	-0.80987144	2471.9624	1708.4922	7271.6626	0.18906541	8.193341	5.1026626	23.0094	0.005768734
39	39999	12431.242736816406	2251.705	517.3843	2769.0894	1734.3208	691.5	1417.6572	0.0	1417.6572	1417.6572	439.0	201.23517	65.17876	276.68387	-115.546265	7.1256523	0.9770872	2.7100809	25.201723	-10.840228	-204.02007	0.14142108	0.0016281914	0.14407414	0.13887033	-0.044752587	0.98990333	0.7968122	7.462593	5.327165e-07	307.50858	21.32612	338.82605	225.28893	307.42416	20.746792	334.2447	215.78755	248.88857	10.521269	266.2006	205.87411	-58.53561	13.584774	-1.0623044	-89.985916	58.53561	13.584774	89.985916	1.0623044	-0.18835405	0.036230467	-0.0048890235	-0.2717428	3610.9636	1451.5227	8097.4644	1.1284906	11.512225	4.2510104	24.453024	0.005193631
40	40999	12785.626178264618	1229.8293	185.60089	1415.4302	1044.2284	374.0	173.97304	0.0	173.97304	173.97304	82.0	202.48265	64.43627	277.85626	-107.657425	6.6718616	0.9666643	2.7257156	22.758017	-11.359604	-205.11516	0.13491589	0.0021238185	0.13888629	0.13166688	-0.066614896	0.9892385	0.8028257	8.11619	1.0430813e-06	230.6902	109.685524	337.74155	2.7602437	227.9443	106.03119	330.2294	2.7602437	242.8681	20.125784	272.6554	128.86075	14.923763	104.077705	255.60138	-87.662575	88.27213	57.121937	255.60138	14.228962	1.1786953	3.7947612	25.560139	-0.27450982	11054.886	14658.241	65332.066	202.46336	281.95813	902.9113	6533.207	0.83259135
41	41999	13142.927014112473	1243.9811	894.96985	2419.6113	250.11612	393.66666	3053.279	0.0	3053.279	3053.279	1000.0	205.22707	64.85984	282.97946	-117.83425	7.034465	1.0050086	2.7316651	24.686733	-13.136856	-207.85884	0.1309462	0.00081978505	0.13294609	0.12967488	0.010207992	0.97894204	0.80084246	7.1628966	1.1622906e-06	292.33304	56.893642	336.78928	2.8020895	290.40805	57.54987	336.11337	2.5510504	240.51498	37.90415	271.86752	-3.4339805	-49.893024	24.347235	17.762602	-85.92533	50.873745	22.225296	85.92533	0.17321235	-0.15055391	0.12523408	1.5248746	-0.623607	3082.1018	1950.534	7383.162	0.030002518	9.874755	5.7352986	23.252424	0.0001521499
42	42999	13497.001631975174	827.0567	0.0	827.0567	827.0567	284.0	887.7356	0.0	887.7356	887.7356	295.0	207.45134	64.853775	282.05542	-100.52299	8.6737795	1.020542	2.751238	25.623497	-11.870302	-210.10367	0.13539782	0.0009796576	0.13710082	0.13277276	0.041228935	0.9852152	0.8019567	7.2869596	4.4703484e-07	218.55032	78.960144	295.99487	3.0023632	218.39314	78.767624	290.8622	3.0023632	223.22012	54.109367	268.3407	3.9479876	4.8269773	53.20858	254.88277	-47.16018	32.319958	42.542603	254.88277	0.009694067	0.352215	1.9635148	25.488277	-0.16896431	2854.453	8941.17	64965.227	9.397494e-05	73.79624	468.21442	6496.5225	1.241713e-06
43	43999	13856.222294092178	1235.2299	1097.692	3074.6948	179.20247	410.0	2925.9802	0.0	2925.9802	2925.9802	1000.0	210.70259	64.134605	286.91602	-74.96457	9.180506	0.99721456	2.7321994	24.455204	-11.876068	-213.32597	0.13640912	0.00076830765	0.13808165	0.13522047	-0.0054792156	0.98800415	0.8026023	8.902327	2.503395e-06	274.88922	49.669945	313.9973	15.183057	270.85226	51.414116	313.7567	5.4072127	245.31998	36.255436	281.09888	36.703365	-25.532299	18.60284	37.985092	-56.39011	28.758278	13.073848	56.39011	0.14495815	-0.064430475	0.21363197	3.4196856	-0.18659855	997.96405	660.0714	3179.8445	0.021012869	4.075046	5.9816427	116.9425	7.8681915e-05
44	44999	14224.553719997406	1158.2229	0.0	1158.2229	1158.2229	365.0	2928.2336	0.0	2928.2336	2928.2336	1000.0	213.1485	64.67524	292.10117	-77.38761	10.4631605	1.0078288	2.723471	24.609116	-15.167315	-215.80077	0.13706566	0.000934006	0.13849935	0.13581677	0.015609186	0.9875854	0.8078516	10.563121	2.5480986e-06	284.49426	59.827095	323.87418	3.247238	282.9363	58.67953	318.58237	3.247238	264.13907	12.154728	287.09174	216.72287	-18.79724	56.74145	254.9974	-64.58419	47.463478	36.333828	254.9974	22.979227	0.15898845	1.674443	24.771152	-0.20712924	3572.9287	8630.345	65023.676	528.0449	60.139675	394.2002	6136.0996	1.8044409
45	45999	14589.165501594543	3088.4883	0.0	3088.4883	3088.4883	1000.0	2977.5671	0.0	2977.5671	2977.5671	1000.0	215.17094	65.873566	293.23672	-77.297714	9.0889	1.029527	2.768268	28.837175	-10.801027	-217.82318	0.14305681	0.0020032192	0.14528345	0.13811934	0.057877667	0.9981758	0.81691164	10.042342	6.556511e-07	292.61218	15.609681	324.01984	233.52704	289.3093	13.369728	320.3581	242.72057	266.58878	11.855814	291.63507	218.24548	-22.720482	9.544933	-3.8531492	-61.85164	22.720482	9.544933	61.85164	3.8531492	-0.07798634	0.030273445	-0.013085421	-0.19507955	607.326	548.8361	3825.625	14.846758	2.0583127	1.7570823	12.06599	0.05042008
46	46999	14955.854749917984	3030.9175	0.0	3030.9175	3030.9175	967.0	1876.9088	0.0	1876.9088	1876.9088	605.0	216.4182	66.409775	295.2921	-109.19374	9.3506	0.9948703	2.7372515	23.715103	-10.660608	-218.96999	0.14433748	0.00082711055	0.1456749	0.14285848	-0.00988817	0.98429364	0.8134269	10.648558	2.026558e-06	263.3488	67.2793	326.0507	2.8749692	259.24963	66.4404	318.31577	2.8749692	253.19115	35.224358	292.1167	14.739948	-6.058499	56.33418	252.65103	-91.46937	39.226074	40.884716	252.65103	0.08366567	0.23904476	1.8804115	25.265104	-0.2917926	3210.245	8686.256	63832.547	0.0069999434	65.957115	440.2136	6383.255	4.770275e-05
47	47999	15317.913297653198	2793.2222	231.74768	3024.97	2561.4746	902.5	3180.3608	0.0	3180.3608	3180.3608	1000.0	218.0728	65.71137	294.2577	-73.64899	8.67071	1.0055579	2.684244	25.26962	-11.040495	-220.57613	0.14477932	0.0010359467	0.14614592	0.14279018	0.010831659	0.9759925	0.8048612	9.100086	3.695488e-06	285.307	84.652084	348.492	2.7664251	285.20825	83.11289	350.74063	2.7664251	266.69305	13.608805	295.27704	205.94649	-18.515213	77.20563	262.08398	-105.568085	64.37269	46.472343	262.08398	32.288486	0.46016744	2.7226503	26.208399	-0.3388865	6303.5215	11890.925	68688.016	1042.5463	137.8109	668.52856	6868.802	3.5739381
48	48999	15685.041473865509	1982.0071	0.0	1982.0071	1982.0071	596.0	3140.6672	0.0	3140.6672	3140.6672	1000.0	219.74617	65.53198	296.80725	-68.26611	7.910135	0.97609633	2.629117	26.360012	-11.075518	-222.22937	0.14229263	0.001397501	0.14485928	0.13931772	-0.04659659	0.9730079	0.79815733	9.684869	1.013279e-06	316.9217	20.212788	339.85327	242.04538	318.515	18.180246	339.88254	251.81941	273.17862	12.714474	295.01874	223.74997	-45.336372	6.6161404	-27.146648	-82.740845	45.336372	6.6161404	82.740845	27.146648	-0.1417018	0.014677356	-0.107149266	-0.24428567	2099.16	575.1591	6846.047	736.9405	6.5188475	1.5595645	20.212402	2.9142718
49	49999	16050.17895245552	2016.1279	0.0	2016.1279	2016.1279	609.0	3202.7847	0.0	3202.7847	3202.7847	1000.0	220.56357	65.11961	296.8701	-85.43472	8.459342	0.98295623	2.6162229	26.638794	-12.215377	-223.00507	0.13630582	0.00136983	0.13930678	0.13479163	-0.03379267	0.97259885	0.7978278	11.302615	3.33786e-06	306.0302	52.964687	342.7043	4.6613703	306.9079	53.600956	343.10342	4.6613703	261.262	33.444725	291.3416	28.90239	-45.6459	22.598969	43.5632	-65.1784	48.68702	14.961143	65.1784	0.12677218	-0.11921909	0.22546788	3.8199046	-0.1966043	2594.2615	1138.2959	4248.2236	0.016071187	8.677055	7.3207664	145.91672	6.3636566e-05
50	50999	16406.25602555275	2904.6409	322.38037	3227.0212	2582.2605	891.0	3039.443	0.0	3039.443	3039.443	1000.0	221.77676	65.54337	296.45956	-117.804726	7.16104	0.987173	2.639494	28.019508	-11.590105	-224.16594	0.13296402	0.0009595669	0.13546336	0.1314919	-0.02572656	0.97633755	0.8033661	11.374388	2.3841858e-07	311.97095	20.72612	342.50284	237.69669	312.54654	19.944868	339.85764	235.60529	266.41248	12.184866	287.0399	222.70703	-46.134087	14.656485	9.958126	-68.572685	46.59169	13.129384	68.572685	0.045011055	-0.14563198	0.044259828	0.0370342	-0.21324278	2343.1663	987.63855	4702.2134	0.002025995	7.3585763	2.9211555	14.495646	7.288269e-06
51	51999	16757.86307668686	1663.0015	323.34393	1986.3455	1339.6576	500.5	1134.0803	0.0	1134.0803	1134.0803	348.0	222.64186	66.67767	295.57004	-78.627235	7.2685666	1.0162678	2.6292844	25.89209	-11.46207	-225.00063	0.13443604	0.0016107896	0.13673836	0.13203444	0.032712616	0.9747913	0.8061701	10.680943	2.6142225e-06	217.45787	94.197296	327.14697	2.7972262	214.80139	92.46447	317.01343	2.7972262	241.88127	54.805218	287.52826	6.820443	27.07988	83.18583	269.16537	-117.46241	55.546974	67.58503	269.16537	0.022382883	0.9017021	3.3190336	26.916538	-0.43450356	7653.202	15466.192	72450.0	0.00050099345	212.75443	838.1621	7245.0	2.7674412e-06
52	52999	17108.16771030426	1187.6189	206.2117	1393.8306	981.40717	366.5	172.72826	0.0	172.72826	172.72826	83.0	223.05806	67.4194	298.7322	-80.05368	7.2062993	0.97617316	2.601469	25.61163	-10.232052	-225.35493	0.13381965	0.0018337902	0.13703726	0.13093102	-0.047833245	0.97332567	0.80535185	10.220684	1.3709068e-06	240.87105	90.19691	334.8855	2.7198808	242.3018	90.16177	334.25156	2.7198808	269.80432	14.708723	290.67517	219.01819	27.502525	86.63255	266.54187	-91.18892	64.95577	63.579372	266.54187	0.14600632	0.91276234	3.3553207	26.654186	-0.28669652	8261.589	15067.69	71044.56	0.021317845	215.45871	848.7513	7104.4565	7.4618445e-05
53	53999	17473.003301143646	1322.1632	167.36531	1460.0792	1086.6187	401.33334	1987.5237	0.0	1987.5237	1987.5237	614.0	223.70485	68.88129	299.07416	-77.28679	6.780004	1.002038	2.5794988	27.22382	-11.675205	-225.96623	0.13103075	0.000689412	0.1325718	0.13005286	0.004192085	0.96956444	0.8002648	10.263536	1.4305115e-06	315.06107	23.92805	341.2067	227.25557	317.6334	23.103695	341.45786	223.70976	269.3722	14.828966	288.30447	203.37523	-48.26119	9.332059	-16.788366	-60.912785	48.26119	9.332059	60.912785	16.788366	-0.15059233	0.021723917	-0.06808591	-0.18248723	2416.2295	790.87335	3710.3674	281.84927	7.4668417	2.1681337	10.982284	1.177941
54	54999	17833.194613218307	1498.2145	107.96533	1606.1798	1390.2491	477.0	972.91876	0.0	972.91876	972.91876	307.0	224.34001	69.826256	302.93463	-82.80539	7.2274003	0.97937757	2.5740476	27.855675	-11.586412	-226.58516	0.1284235	0.0016708144	0.13166896	0.12645395	-0.042102344	0.96029633	0.79628414	8.178671	5.066395e-07	307.55856	16.33434	331.7705	243.36237	309.7096	14.434599	330.9016	255.3184	274.5784	12.043852	290.58868	225.5354	-35.13116	6.6223783	-12.274341	-48.59908	35.13116	6.6223783	48.59908	12.274341	-0.113122776	0.019399662	-0.041925058	-0.1492226	1278.0546	411.22156	2361.8706	150.65944	4.0986814	1.2398404	7.150786	0.51563376
55	55999	18187.38626074791	1816.2693	0.0	1816.2693	1816.2693	559.0	1082.6855	0.0	1082.6855	1082.6855	324.0	225.44894	70.888565	303.6748	-124.609795	6.486253	0.9938613	2.5738673	26.982473	-10.673002	-227.67467	0.12673725	0.00042085405	0.12765412	0.1258556	-0.0126193045	0.9598304	0.79147995	8.5657	7.748604e-07	263.34958	72.27986	340.3763	3.94071	256.3634	70.70207	330.05133	3.94071	233.45212	62.87967	290.19525	2.8691065	-22.9113	12.32955	13.21665	-46.82915	23.123804	11.926239	46.82915	0.13648815	-0.085132085	0.08153492	1.321665	-0.70412076	676.9455	559.4461	2192.9692	0.018629018	2.4511328	1.8130008	17.467983	9.255231e-05
56	56999	18547.96673321724	2603.037	561.3627	3164.3997	2041.6743	806.0	3234.2173	0.0	3234.2173	3234.2173	1000.0	227.50273	71.067116	304.49454	-112.223946	6.3375	0.9768762	2.5762634	27.193869	-10.564057	-229.7063	0.12237434	0.0013774191	0.12596816	0.12068801	-0.048300385	0.95654327	0.7938763	7.9668164	1.0430813e-07	329.0117	18.704527	348.12177	253.09738	328.605	16.689337	348.6026	261.9309	278.7527	13.173615	294.045	226.21068	-49.852306	5.0784693	-35.68366	-65.061874	49.852306	5.0784693	65.061874	35.68366	-0.15147342	0.010798395	-0.12773931	-0.20247845	2511.0432	497.6636	4233.0474	1273.3236	7.6009474	1.2907859	13.173628	4.6982503
57	57999	18906.14949941635	1231.162	321.20325	1552.3652	909.95874	375.0	934.8626	0.0	934.8626	934.8626	283.0	230.0696	71.3071	305.92554	-100.502464	6.224948	0.9961575	2.6066709	26.964989	-15.192471	-232.24239	0.12077359	0.0005014487	0.12171681	0.11990259	-0.008046787	0.9706907	0.8020423	8.182406	6.824732e-06	238.86977	78.13763	311.187	3.7991168	235.58014	76.28551	306.51105	3.7991168	220.2934	71.22689	286.81207	-4.0377264	-15.286759	10.514614	17.54966	-45.360184	16.063375	9.284937	45.360184	0.036408834	-0.05553356	0.1286428	1.7278572	-1.1749545	344.2421	318.97726	2057.5461	0.0013256032	1.5055611	1.9587648	29.854904	2.7341805e-05
58	58999	19251.943776130676	947.52344	194.79921	1192.9669	692.526	289.75	1038.1254	0.0	1038.1254	1038.1254	312.0	231.52713	71.79277	306.91934	-132.6279	5.8872924	1.0059723	2.6314223	27.547667	-9.484877	-233.68962	0.12054294	0.00063835917	0.12163779	0.119514294	0.012662527	0.9714356	0.80457956	7.442773	5.2154064e-07	254.76523	71.88804	332.7167	3.9677846	249.26576	69.917786	321.63242	3.9677846	237.2455	60.338608	292.35812	-7.0600824	-12.0202465	14.788738	40.368076	-42.359154	15.781124	10.684065	42.359154	0.016243	-0.019855373	0.20071168	2.5945556	-1.1052512	363.1931	381.8466	1794.2979	0.00026383504	1.8707206	5.6556954	88.809235	1.712097e-06
59	59999	19609.753365278244	903.08923	88.2701	1005.6073	773.62787	275.5	3214.5112	0.0	3214.5112	3214.5112	1000.0	231.63498	71.352516	309.6922	-93.83644	6.317738	0.988771	2.6260076	28.432034	-11.636155	-233.73383	0.12165113	0.00089221605	0.123603396	0.11978838	-0.023623753	0.96844256	0.80594265	7.713057	1.4901161e-06	278.97815	70.00935	341.7265	4.120981	276.4242	70.867096	343.46136	4.120981	246.56145	59.441616	295.823	3.5305383	-29.862722	15.370056	7.4623985	-62.286575	29.886543	15.323686	62.286575	0.038485438	-0.101878546	0.042359684	0.2238427	-0.22971646	1128.021	913.56946	3879.6174	0.001481129	3.6239302	2.6707928	12.37253	1.2625572e-05
60	60999	19971.296850681305	1067.8246	655.34393	1922.3281	329.79742	344.33334	324.78424	0.0	324.78424	324.78424	137.0	231.24107	71.55394	310.2244	-100.896515	6.9354277	0.98100126	2.6388025	28.31568	-10.892722	-233.27794	0.117263645	0.0011307816	0.11976965	0.11545092	-0.040581025	0.97082233	0.80512476	8.159138	2.9802322e-08	284.78137	90.103836	353.85406	2.6520317	283.44077	90.28044	349.9975	2.6520317	285.7938	17.331568	309.92346	228.06097	2.353002	85.81972	290.45575	-52.845036	63.259384	58.041462	290.45575	29.42899	0.6497661	3.227335	29.045576	-0.1539466	7370.5605	15885.534	84364.55	866.0655	185.96152	891.24585	8436.455	2.7367866
61	61999	20329.861099481583	2161.0574	0.0	2161.0574	2161.0574	651.0	3166.8718	0.0	3166.8718	3166.8718	1000.0	232.21497	71.340225	311.22934	-93.64583	7.5827703	1.0695555	2.6600945	27.177437	-10.6695385	-234.3009	0.12144601	0.0039831116	0.12963785	0.11602	0.14604832	0.98634285	0.8089619	7.496769	2.1867454e-06	306.42557	33.291775	339.84784	143.95676	309.31702	34.20846	343.0892	143.93353	275.1369	26.158009	300.06528	123.22075	-34.180115	11.339984	-2.6134725	-51.58666	34.180115	11.339984	51.58666	2.6134725	-0.108314194	0.03090543	-0.010214481	-0.15415795	1296.8756	649.49585	2661.1833	6.8302383	4.041858	1.8788881	7.952493	0.026695263
62	62999	20687.151184797287	2846.8628	0.0	2846.8628	2846.8628	872.0	3164.2542	0.0	3164.2542	3164.2542	1000.0	233.65532	71.695656	311.4492	-113.03693	7.1371784	0.9860592	2.6394057	27.901356	-12.071734	-235.71283	0.1291374	0.0014948815	0.13117693	0.12621082	-0.028553613	0.9855264	0.8037419	7.94749	1.0877848e-06	319.5961	19.772903	345.54297	246.38402	318.5613	17.464172	341.7158	255.99562	283.53308	14.246419	302.21637	228.29297	-35.02826	5.218559	-21.02204	-46.682564	35.02826	5.218559	46.682564	21.02204	-0.10965091	0.012807297	-0.07291479	-0.13968375	1254.2123	363.85117	2179.2617	441.92618	3.9039304	0.9988908	6.501064	1.5328176
63	63999	21044.278653860092	2418.9688	0.0	2418.9688	2418.9688	737.0	3230.4878	0.0	3230.4878	3230.4878	1000.0	235.21063	71.810646	310.6974	-130.5908	7.0666804	0.9832067	2.6691635	28.905075	-12.269404	-237.30142	0.12703556	0.0012943153	0.1289349	0.123614475	-0.034832746	0.97708136	0.7987382	8.374108	6.556511e-07	320.46506	23.502306	347.47986	245.71709	320.17517	22.047667	344.26053	240.47679	284.33398	16.095531	302.37323	230.26761	-35.841232	8.282927	-5.410095	-50.260017	35.841232	8.282927	50.260017	5.410095	-0.11094947	0.021605687	-0.02225709	-0.15323989	1353.2009	528.5925	2526.0696	29.269133	4.150835	1.4855525	7.7018394	0.120412976
64	64999	21396.45875287056	2461.4233	607.0077	3068.4312	1854.4158	740.5	873.2717	0.0	873.2717	873.2717	295.0	236.90779	71.46667	309.21722	-90.161736	6.2440615	0.97447646	2.6356437	24.919239	-10.814206	-238.99368	0.12124751	0.0013685824	0.12359282	0.11862245	-0.053833712	0.9700097	0.7932745	7.6564026	1.1920929e-07	219.98457	76.60345	328.83737	3.1857543	221.98553	76.86146	325.88907	3.1857543	284.57346	14.75821	305.24548	231.0651	62.58794	81.281296	285.078	-38.818672	72.48109	72.59746	285.078	0.025073338	1.0495285	3.4201806	28.5078	-0.12041373	10523.899	18092.139	81269.46	0.00062867225	240.85379	929.621	8126.946	2.2206068e-06
65	65999	21741.554154396057	1580.9409	395.4521	1976.393	1185.4888	476.0	1961.1776	0.0	1961.1776	1961.1776	586.0	237.21832	72.008385	310.21146	-185.64299	6.422161	0.99215376	2.6756594	26.675896	-11.5097	-239.20807	0.11672635	0.0007477392	0.11861029	0.1152877	-0.016701799	0.9667897	0.79463047	8.115794	7.4505806e-07	246.83142	78.44866	318.11957	3.7308524	244.05283	77.15222	313.18515	3.7308524	228.083	75.42976	297.5722	-25.51858	-15.969828	8.946028	16.335077	-37.51201	16.836845	7.182442	37.51201	0.012389373	-0.075299926	0.13476753	0.7800743	-2.9766772	335.06683	233.98993	1407.1506	0.00015349656	1.6060894	3.232503	88.60608	2.1970955e-06
66	66999	22104.661397457123	1360.2039	28.002136	1388.206	1332.2018	408.0	3177.602	0.0	3177.602	3177.602	1000.0	237.55179	71.71862	309.11554	-109.31873	5.7874207	0.9790481	2.66854	24.039871	-11.099552	-239.49474	0.11503824	0.0010300139	0.11694557	0.113118686	-0.04521271	0.9679384	0.7944202	9.218416	1.6391277e-07	317.44183	25.224014	344.58542	221.7314	320.7287	24.225908	345.37057	220.32428	281.96793	18.28925	302.39417	199.34277	-38.760788	9.19679	-16.377937	-65.21694	38.760788	9.19679	65.21694	16.377937	-0.11981952	0.0229787	-0.05590455	-0.19713017	1586.9795	707.6665	4253.2495	268.23682	4.850262	1.9897223	12.856227	0.9750976
67	67999	22463.0847260952	1312.2045	352.58496	1809.9023	1036.9563	394.33334	3211.131	0.0	3211.131	3211.131	1000.0	237.75531	71.72979	309.7619	-82.859764	5.7030635	0.96720314	2.6592927	27.449978	-11.664294	-239.67947	0.110263616	0.0013393534	0.113194115	0.10752102	-0.07220255	0.96208054	0.7949768	8.671995	2.6077032e-06	316.18683	19.998251	340.32864	246.36328	316.7045	18.554976	340.43805	255.4166	286.03186	13.226505	305.40903	231.1171	-30.672665	11.844134	19.400305	-46.51477	31.571608	9.183113	46.51477	0.63444006	-0.09555295	0.03665556	0.07595554	-0.13782497	1081.0958	499.8991	2163.6238	0.4025142	3.3601131	1.4724137	6.409605	0.001382635
68	68999	22817.964862585068	1751.9153	117.65729	1869.5725	1634.2579	543.5	3204.4275	0.0	3204.4275	3204.4275	1000.0	238.37189	71.24287	310.281	-68.28285	5.6546474	1.0135493	2.656953	25.086977	-11.470848	-240.26814	0.10943155	0.0012328885	0.1111817	0.107440785	0.030199239	0.9656974	0.7973575	8.394718	1.3839453e-06	279.76804	71.510376	342.44244	3.4237027	280.12445	72.52021	342.37024	3.4237027	259.71603	49.94245	298.22437	17.864803	-20.408419	29.945545	119.62249	-57.422977	31.717237	17.52872	119.62249	0.062644005	0.016459383	0.6882173	10.911518	-0.17403758	1313.2393	1457.8177	14309.541	0.0039242716	11.645756	69.031136	1305.263	5.3345047e-05
69	69999	23169.268970251083	3235.3762	0.0	3235.3762	3235.3762	1000.0	3249.851	0.0	3249.851	3249.851	1000.0	239.4832	71.0735	311.26462	-86.8542	5.6207733	0.9974896	2.6734083	23.246315	-14.103845	-241.36456	0.10909967	0.00052096153	0.10995889	0.108035356	-0.0054907664	0.96092653	0.7993476	9.095672	3.5762787e-07	301.62723	55.301945	339.93787	3.7472935	301.24942	55.83776	341.98883	3.7472935	271.94272	50.528313	306.1895	2.4573083	-29.306717	7.6408157	-1.2899852	-43.835964	29.306717	7.6408157	43.835964	1.2899852	-0.09826771	0.02096387	-0.027835881	-0.27553248	917.2656	413.61984	1921.5917	1.6640617	2.9434195	1.1244334	5.669179	0.09546628
70	70999	23534.30767226219	899.5727	0.0	899.5727	899.5727	269.0	3195.3418	0.0	3195.3418	3195.3418	1000.0	241.4868	70.35402	313.11444	-82.70916	5.775895	1.0122334	2.670034	24.357046	-11.710145	-243.41281	0.11003369	0.0010766389	0.111784875	0.10831002	0.027025044	0.9637575	0.7990447	7.800448	4.9471855e-06	318.8938	18.063889	340.48837	251.23909	319.4972	18.278936	342.28943	253.77461	284.45273	14.719258	301.00275	232.50629	-35.044518	5.2838707	-17.275509	-47.750084	35.044518	5.2838707	47.750084	17.275509	-0.10930651	0.012927684	-0.06311607	-0.14013559	1256.0375	354.0563	2280.0706	298.4432	3.895426	0.9746719	6.691486	1.1272533
71	71999	23882.694214344025	2071.605	844.607	3226.0317	1228.8441	635.3333	1518.2294	0.0	1518.2294	1518.2294	458.0	242.75	70.75295	313.57504	-92.38398	5.6583085	0.990767	2.65731	24.401684	-10.824057	-244.639	0.11129811	0.0006634148	0.11233594	0.10985651	-0.020276872	0.9628674	0.7984229	8.037352	2.413988e-06	293.00095	55.41705	343.30197	4.5511084	291.41275	55.445747	338.70776	4.5511084	268.36453	49.69815	303.47827	4.9697566	-23.048223	10.46807	7.3805346	-42.542274	23.224749	10.070356	42.542274	0.22353797	-0.08043889	0.061179034	0.47048956	-0.5808884	640.801	461.38806	1809.845	0.049969222	2.1688502	1.6198245	13.892207	0.00031971387
72	72999	24238.710330724716	2622.0356	0.0	2622.0356	2622.0356	783.0	1767.0219	0.0	1767.0219	1767.0219	532.0	243.2149	71.43257	311.676	-95.63659	5.7459154	0.9728771	2.637993	25.935284	-10.68653	-245.13329	0.10685475	0.0014572359	0.10993304	0.10478775	-0.06046427	0.95583665	0.7934004	8.491239	1.1026859e-06	308.5872	29.603428	339.41852	172.33147	306.80862	30.669226	338.48892	169.52411	274.04797	28.583065	302.27686	131.97083	-32.760647	8.007196	-7.5676513	-50.768845	32.760647	8.007196	50.768845	7.5676513	-0.10718282	0.026776498	-0.027403716	-0.22593303	1137.3752	527.73206	2577.4753	57.269344	3.6925697	1.6676409	8.7762165	0.20738176
73	73999	24594.518055200577	3197.08	0.0	3197.08	3197.08	1000.0	3229.5708	0.0	3229.5708	3229.5708	1000.0	244.59988	71.49007	312.46164	-83.59535	5.144573	1.0029322	2.6598883	29.14936	-10.8477545	-246.46613	0.10485472	0.00032265586	0.10577409	0.10433956	0.0066539887	0.9620154	0.7992053	7.5429373	7.4505806e-07	307.67566	45.423714	340.69235	62.05373	308.03052	45.647038	341.8858	63.70723	278.1612	39.438175	305.0542	76.742874	-29.869324	7.7623672	13.114114	-46.899265	29.957067	7.416536	46.899265	0.64404833	-0.09477384	0.023750832	0.20461796	-0.13899036	952.4308	387.88776	2199.5413	0.41479826	2.9901042	1.078205	6.494083	0.004841231
74	74999	24951.81757760048	3225.404	0.0	3225.404	3225.404	1000.0	3238.841	0.0	3238.841	3238.841	1000.0	245.64119	71.35249	313.19937	-81.31981	5.9921594	1.0150486	2.695345	27.714315	-10.92889	-247.51366	0.10583266	0.0011006073	0.10802899	0.10437497	0.033741023	0.97829264	0.8049113	7.8949327	8.7171793e-07	306.41623	55.521355	342.47293	4.505133	306.09064	55.756878	342.0937	4.505133	276.5411	48.53088	306.7223	15.260048	-29.549587	9.022131	10.754915	-40.78778	29.670534	8.616053	40.78778	0.054527186	-0.09057295	0.056934815	1.0754915	-0.12629884	954.57684	442.72925	1663.6431	0.0029732138	2.9906702	1.2315619	11.566819	4.776271e-05
75	75999	25321.25236415863	1076.4524	0.0	1076.4524	1076.4524	319.0	3208.8218	0.0	3208.8218	3208.8218	1000.0	246.86638	71.009125	313.71298	-98.70429	5.287748	0.99330205	2.6625128	24.805561	-12.796495	-248.74875	0.108225085	0.0009462417	0.10941483	0.10607358	-0.014891636	0.97108686	0.8027546	9.683056	1.3411045e-06	323.14835	16.853186	339.00504	251.52496	321.13525	14.347885	334.7493	255.98897	295.49316	13.2051735	308.04282	237.29776	-25.642117	2.837121	-17.889582	-35.679703	25.642117	2.837121	35.679703	17.889582	-0.07981736	0.0077253906	-0.056876827	-0.110177115	665.5674	146.76842	1273.0411	320.0371	2.066711	0.4204002	3.9310865	1.0455897
76	76999	25685.58648633957	2165.8364	1177.8851	3343.7217	987.9514	647.0	3250.5115	0.0	3250.5115	3250.5115	1000.0	247.81592	70.68393	315.25073	-113.35402	5.1617694	0.99067533	2.6408083	28.033976	-11.309234	-249.60938	0.105964996	0.00032490795	0.106840596	0.105087586	-0.0208792	0.96672297	0.8010129	8.308863	4.142523e-06	326.34775	16.381977	343.75055	252.807	321.81763	14.138454	338.7206	255.4678	297.6441	13.958017	310.82648	236.8274	-24.17352	2.6961772	-14.9529915	-36.551975	24.17352	2.6961772	36.551975	14.9529915	-0.07521859	0.008641342	-0.04775942	-0.1100516	591.6284	135.62596	1336.047	223.59195	1.8393766	0.41530925	4.0226035	0.7141462
77	77999	26054.155299425125	1760.8685	1092.0018	3301.004	892.3662	530.6667	3217.9578	0.0	3217.9578	3217.9578	1000.0	249.07932	70.929565	318.076	-85.43925	5.195749	1.0032104	2.629342	24.416643	-11.312229	-250.88687	0.10534328	0.00029272304	0.105856284	0.10471403	0.0072837733	0.9694849	0.7978266	9.429405	8.940697e-07	322.658	15.707436	338.11398	253.29588	322.5307	14.27465	339.03082	257.43097	295.4999	12.747083	309.05127	238.39133	-27.030811	3.8264372	-18.075062	-42.232975	27.030811	3.8264372	42.232975	18.075062	-0.08370077	0.010426811	-0.05738273	-0.13112085	745.30634	209.70891	1783.6241	326.70786	2.3005762	0.6060357	5.5376234	1.0371964
78	78999	26418.926936864853	2168.9404	0.0	2168.9404	2168.9404	648.0	3247.57	0.0	3247.57	3247.57	1000.0	249.37717	71.22297	316.90503	-107.3676	5.3854537	1.0130184	2.6572216	27.665545	-10.702964	-251.1844	0.107450604	0.0012320837	0.10890476	0.10496403	0.02917453	0.97396564	0.8007331	7.911863	1.6987324e-06	322.64932	15.646173	339.53836	252.53987	326.1597	13.923331	342.86487	263.10666	294.69476	11.626145	306.6122	240.00209	-31.4649	3.8913062	-22.789154	-40.35169	31.4649	3.8913062	40.35169	22.789154	-0.09629289	0.0095643075	-0.070625775	-0.12053551	1005.18225	246.38022	1628.2589	519.3456	3.0654106	0.677995	4.8602695	1.6095018
79	79999	26786.01961684227	3265.8164	0.0	3265.8164	3265.8164	1000.0	3283.5686	0.0	3283.5686	3283.5686	1000.0	250.88504	71.04783	316.64645	-99.26618	4.9879756	0.98638874	2.6336126	23.903736	-9.482782	-252.72049	0.10694811	0.0010032179	0.10883701	0.10540043	-0.030388983	0.9677588	0.7974031	7.964175	3.427267e-07	305.90286	60.551384	350.8399	0.88207376	301.32098	63.34303	344.86966	-0.18136606	279.05273	54.16696	309.97763	-32.080074	-22.268246	14.246445	17.688578	-45.390095	23.6622	11.787121	45.390095	0.038596746	-0.065607935	0.13127816	1.1942838	-3.2962148	698.836	509.09555	2060.2607	0.0014897088	2.281804	3.643764	108.65032	5.3000076e-06
80	80999	27150.275082588196	3226.634	0.0	3226.634	3226.634	1000.0	3247.873	0.0	3247.873	3247.873	1000.0	252.25471	70.85005	317.90182	-83.055824	4.73133	0.985075	2.623768	23.420067	-13.884436	-254.06303	0.104651004	0.0008745917	0.10580385	0.102593504	-0.033678018	0.9677889	0.79392654	8.26766	3.0100346e-06	327.15317	16.988998	343.43597	254.45181	328.33414	15.722982	343.29672	261.79922	299.2472	13.058441	310.72345	240.30739	-29.086927	3.6707263	-17.957874	-35.33948	29.086927	3.6707263	35.33948	17.957874	-0.088360436	0.00846757	-0.056527525	-0.10537678	859.52356	203.04643	1248.8788	322.48523	2.5998497	0.54395217	3.685151	1.0151142
81	81999	27517.69109725952	3225.2117	0.0	3225.2117	3225.2117	1000.0	3228.4866	0.0	3228.4866	3228.4866	1000.0	253.37715	71.186	319.76495	-86.33949	4.505011	1.0027272	2.632259	23.662083	-11.636768	-255.13135	0.10276078	0.00031477868	0.10340378	0.1021406	0.006256115	0.9644776	0.79585737	7.9306	6.452203e-06	322.23718	15.620826	338.05847	252.18156	325.60968	14.612506	339.90622	261.33072	297.30142	12.218987	309.93738	240.93974	-28.308254	4.318084	-15.966392	-39.124928	28.308254	4.318084	39.124928	15.966392	-0.08671033	0.011194421	-0.05067143	-0.11937477	820.0031	238.67477	1530.76	254.92564	2.5015128	0.675431	4.670529	0.8090399
82	82999	27880.462687253952	3235.4478	0.0	3235.4478	3235.4478	1000.0	3246.6763	0.0	3246.6763	3246.6763	1000.0	255.40361	70.59963	320.70807	-103.97945	4.4417353	0.99061793	2.617449	24.223902	-10.214558	-257.1487	0.10334545	0.00094986625	0.10471935	0.10174307	-0.021288868	0.96806145	0.7916453	7.7332973	2.3841858e-07	326.43387	17.425123	341.76352	251.56287	324.81964	16.099354	339.83722	256.0095	303.54178	13.725858	317.63	242.65576	-21.277868	3.9827936	-10.570183	-29.44845	21.277868	3.9827936	29.44845	10.570183	-0.065242276	0.010530952	-0.03397298	-0.08868136	468.61032	161.97115	867.2112	111.72877	1.4292034	0.46285346	2.6115286	0.3591006
83	83999	28243.342050552368	3242.4287	0.0	3242.4287	3242.4287	1000.0	3256.8333	0.0	3256.8333	3256.8333	1000.0	256.63852	71.09826	321.721	-94.9736	4.348587	1.003244	2.6406024	32.06979	-10.022241	-258.3993	0.102214	0.0002408967	0.10263414	0.10169845	0.0074520395	0.97229207	0.7964398	9.1855755	9.536743e-07	327.6893	17.770678	349.73746	254.17624	330.07828	16.728016	350.4739	262.4039	297.59973	13.055443	313.75027	242.92049	-32.478535	10.1693535	-17.342196	-58.130684	32.478535	10.1693535	58.130684	17.342196	-0.09763518	0.02790231	-0.054739118	-0.17188658	1158.2709	717.3587	3379.1765	300.75177	3.4530993	2.0694191	9.991884	0.94929653
84	84999	28599.67925310135	3237.038	0.0	3237.038	3237.038	1000.0	3265.2593	0.0	3265.2593	3265.2593	1000.0	257.50247	71.57107	324.60947	-79.30271	4.2536426	0.9929223	2.6438913	26.223335	-11.372358	-259.2092	0.10136188	0.0006030876	0.102532886	0.10041825	-0.016105754	0.96888983	0.79652214	9.326562	1.5981495e-06	328.56723	17.085352	344.81387	255.21701	331.11038	16.227446	347.66168	262.57468	303.7795	13.293516	316.82614	242.47485	-27.330875	4.232469	-15.933276	-35.85908	27.330875	4.232469	35.85908	15.933276	-0.08224749	0.010254246	-0.05028053	-0.10596977	764.8906	220.67503	1285.8735	253.8693	2.2900798	0.6021136	3.797386	0.8011336
85	85999	28959.00228857994	3241.194	0.0	3241.194	3241.194	1000.0	3252.7986	0.0	3252.7986	3252.7986	1000.0	258.9393	70.88829	324.54834	-137.4624	4.0916247	1.0083472	2.636599	28.162247	-15.230339	-260.6396	0.101246506	0.0007751614	0.10299146	0.10016001	0.019129086	0.9759912	0.797643	8.137892	9.894371e-06	324.29666	16.929325	346.18906	254.67007	324.74463	16.243916	346.10092	261.1585	296.41364	14.311677	314.11066	242.61642	-28.331026	6.0087476	-16.694263	-45.029118	28.331026	6.0087476	45.029118	16.694263	-0.08699261	0.017317424	-0.05601015	-0.15058492	838.7521	342.06714	2027.6213	278.69843	2.566032	1.0334976	6.476841	0.9914622
86	86999	29318.76472067833	3261.7463	0.0	3261.7463	3261.7463	1000.0	3249.943	0.0	3249.943	3249.943	1000.0	259.8841	70.79303	325.1911	-98.63	4.213257	0.9897891	2.623135	29.069962	-11.955898	-261.63315	0.10112168	0.00089105085	0.10262071	0.09978577	-0.023282448	0.9684708	0.79461855	7.958119	5.5134296e-07	299.6491	61.598755	344.20813	-0.52911913	296.00867	67.08971	342.98773	-15.241386	276.62567	56.773067	313.1447	-82.98335	-19.383001	14.762731	30.410418	-79.97792	22.428984	9.517337	79.97792	0.1601198	-0.047028765	0.42335913	2.1779103	-7.997792	593.639	466.6398	6396.468	0.02563835	3.7310777	27.784422	639.6468	0.00010074146
87	87999	29674.37965297699	3254.2053	0.0	3254.2053	3254.2053	1000.0	3251.779	0.0	3251.779	3251.779	1000.0	260.91107	70.73493	325.53082	-96.184326	4.1633396	0.9657439	2.6451917	26.754604	-10.08099	-262.5741	0.098599374	0.0018545649	0.10104849	0.095297165	-0.079494275	0.96926236	0.79805887	8.164509	1.4305115e-06	272.7136	73.08466	336.9862	1.0739366	267.28473	72.789696	329.98706	-0.8928472	257.81992	66.90127	313.65186	15.157639	-9.464804	9.130832	51.868805	-25.145763	11.434156	6.4972806	51.868805	0.14484711	0.019205814	0.40693706	5.1868806	-0.08369694	172.95457	206.5569	2690.373	0.020980684	2.274155	16.4471	269.0373	6.750303e-05
88	88999	30041.601605653763	3275.3875	0.0	3275.3875	3275.3875	1000.0	3289.2224	0.0	3289.2224	3289.2224	1000.0	262.04395	70.37273	325.35364	-87.0636	4.1505685	0.9956917	2.6768327	24.100891	-10.801098	-263.68716	0.09546094	0.00069805555	0.096519925	0.0940903	-0.010058008	0.9679644	0.8010195	8.530422	8.940697e-07	330.77374	18.281418	350.27124	253.69185	330.245	16.320015	346.33527	261.9955	305.95245	14.773743	320.3778	242.99728	-24.292574	2.524678	-18.049438	-37.725616	24.292574	2.524678	37.725616	18.049438	-0.07348864	0.005833499	-0.056462348	-0.10895524	596.5032	123.46828	1423.222	325.78223	1.7983247	0.3229312	4.1104035	1.0555891
89	89999	30400.111896514893	2447.4658	0.0	2447.4658	2447.4658	726.0	3253.4553	0.0	3253.4553	3253.4553	1000.0	262.3084	70.46056	326.24658	-96.2972	3.9119039	0.99661267	2.6943579	28.473455	-11.723316	-263.92438	0.09417615	0.00034334822	0.09491819	0.093553536	-0.007938773	0.9678058	0.8015523	7.9919257	1.66893e-06	272.55624	75.63922	339.18973	3.7821763	267.6645	73.42392	328.76282	3.7821763	246.47772	74.53313	314.05103	-5.27925	-21.186771	9.062194	5.0637894	-63.33055	21.21926	8.98586	63.33055	0.024666522	-0.09245252	0.08776282	0.33562028	-1.2653257	531.00256	471.00818	4010.7588	0.0006084372	2.3756492	3.4222295	35.177612	5.430434e-05
90	90999	30771.883187294006	2105.075	1164.6711	3269.746	940.4038	640.5	3249.4663	0.0	3249.4663	3249.4663	1000.0	263.16135	70.66836	326.4508	-101.78983	3.9892607	0.99477375	2.6627042	27.591784	-11.774294	-264.7989	0.09433062	0.00040328703	0.095068984	0.09322045	-0.012318141	0.96247435	0.79633003	8.759598	1.1920929e-06	326.95135	17.275244	344.0173	253.46481	328.36725	15.224333	341.65884	262.63596	306.6085	14.66169	319.28638	243.08951	-21.758791	2.5522385	-14.795705	-28.70417	21.758791	2.5522385	28.70417	14.795705	-0.066309944	0.007449669	-0.044740304	-0.08589398	479.95898	114.773735	823.9294	218.91289	1.4600204	0.3317062	2.4655154	0.66196436
91	91999	31128.590708971024	3251.6113	0.0	3251.6113	3251.6113	1000.0	3283.8264	0.0	3283.8264	3283.8264	1000.0	264.05655	70.78566	326.77792	-87.59742	3.8336942	0.98836446	2.6744711	26.32341	-10.062499	-265.62698	0.09316916	0.00090316625	0.09459788	0.09141934	-0.02764468	0.9610681	0.7998177	8.215875	2.965331e-06	321.2437	32.548058	348.3566	149.4609	318.8934	32.001343	344.47363	147.56041	290.27234	36.580982	316.20963	112.50881	-28.621063	8.839303	-15.703215	-76.357185	28.621063	8.839303	76.357185	15.703215	-0.0927708	0.041226264	-0.047314752	-0.35090685	897.2986	636.3681	5830.4194	246.59096	2.9870534	2.6455278	26.794258	0.7429937
92	92999	31492.945680379868	3249.8723	0.0	3249.8723	3249.8723	1000.0	3276.5479	0.0	3276.5479	3276.5479	1000.0	265.17023	70.461365	328.63168	-81.99685	3.8657851	0.98584336	2.6658254	26.217005	-10.692156	-266.76077	0.09097989	0.0004792981	0.09176864	0.089590594	-0.033926815	0.9562404	0.795441	7.752305	1.847744e-06	310.21396	51.330147	347.75824	31.190708	302.8188	52.63281	344.66498	30.203169	279.84985	48.19422	316.04013	22.231197	-22.968925	10.038943	5.623796	-43.320847	22.984137	10.004064	43.320847	0.033827797	-0.076865844	0.041766882	0.18619888	-0.464159	628.3519	473.49	1876.6958	0.0011443198	2.0278513	1.4717256	8.938415	8.652511e-06
93	93999	31858.91650724411	3255.0461	0.0	3255.0461	3255.0461	1000.0	3280.3857	0.0	3280.3857	3280.3857	1000.0	266.05356	70.62869	328.89664	-96.777115	3.8521097	0.99830794	2.6908898	25.184778	-10.655485	-267.6315	0.08888373	0.00036051287	0.08958135	0.08818575	-0.0040353336	0.95636636	0.80019504	8.873322	4.172325e-07	330.83496	18.316917	346.94788	254.9734	329.93246	15.91186	344.21902	260.5984	309.56012	15.497688	323.55643	243.99469	-20.372334	2.2919693	-14.51121	-25.729095	20.372334	2.2919693	25.729095	14.51121	-0.06181927	0.006912656	-0.04554987	-0.08015899	420.28506	94.36452	661.9863	210.57523	1.2734991	0.27635506	1.96025	0.66098374
94	94999	32218.741731405258	1579.3555	0.0	1579.3555	1579.3555	483.0	3253.3958	0.0	3253.3958	3253.3958	1000.0	266.7701	70.532745	329.36075	-90.173996	4.323276	1.0158929	2.7066586	28.390636	-14.15409	-268.3548	0.09019197	0.00067492045	0.091373906	0.089053236	0.038260616	0.9669319	0.80822176	9.407069	3.023073e-06	326.56778	16.94781	343.2163	253.8936	329.34894	15.570243	344.01996	262.0062	306.33112	14.532751	319.3008	243.83173	-23.017773	2.3911586	-17.616377	-28.968351	23.017773	2.3911586	28.968351	17.616377	-0.06987947	0.0063127014	-0.053195477	-0.086125396	535.5356	109.712715	839.1654	310.33676	1.62179	0.30219603	2.4949107	0.9399795
95	95999	32577.926100492477	3237.0737	0.0	3237.0737	3237.0737	1000.0	3252.7864	0.0	3252.7864	3252.7864	1000.0	267.60944	70.298294	329.72284	-88.72956	4.1865077	1.0010226	2.6885016	25.718966	-11.548949	-269.17917	0.09175357	0.00041353996	0.092388436	0.090882406	0.0025013627	0.96117043	0.8037447	9.675069	1.1324883e-06	251.37755	80.887535	340.69012	3.2051349	249.60242	80.974525	340.82745	3.2051349	285.9628	28.904385	315.44592	118.42432	36.360405	67.04817	264.86688	-39.715824	50.853615	56.84581	264.86688	0.12481775	0.61665094	2.3710732	26.486689	-0.11882193	5817.5356	11860.832	70154.47	0.01557947	118.08251	555.45795	7015.447	5.195555e-05
96	96999	32946.55959010124	3229.4543	0.0	3229.4543	3229.4543	1000.0	3291.2278	0.0	3291.2278	3291.2278	1000.0	268.73605	69.98539	331.4266	-79.65744	3.722253	0.9882887	2.685991	27.910082	-10.144278	-270.30902	0.090835996	0.0008171462	0.09228701	0.08947697	-0.028028835	0.9606517	0.8044424	9.414441	1.7657876e-06	329.86374	17.864624	345.4154	253.77623	330.23526	16.333035	345.85013	261.80197	307.85318	14.692786	322.30798	244.10771	-22.38208	3.1272507	-15.363612	-30.527029	22.38208	3.1272507	30.527029	15.363612	-0.06766201	0.00800644	-0.04910345	-0.08884579	510.7372	138.39522	931.89954	236.04059	1.5379671	0.38265362	2.712198	0.7605483
97	97999	33310.87989830971	3239.7793	0.0	3239.7793	3239.7793	1000.0	3265.5977	0.0	3265.5977	3265.5977	1000.0	268.97296	70.20153	331.322	-52.167187	4.0301614	1.008108	2.6853268	30.468334	-11.43715	-270.51425	0.09022704	0.0004643714	0.09132811	0.089251764	0.019525057	0.9571825	0.8049725	9.432484	4.172325e-07	283.61978	67.93539	344.13358	2.8490775	279.65353	70.57105	346.10046	2.8490775	272.89316	61.801235	319.89075	15.76724	-6.76038	19.928732	75.76159	-49.59269	17.54206	11.624681	75.76159	0.06699062	0.004881415	0.2194176	3.4156256	-0.37213102	442.85712	583.38556	5739.8184	0.0044877436	2.4516025	6.288313	116.66498	1.4608067e-05
98	98999	33675.29624867439	3240.7954	0.0	3240.7954	3240.7954	1000.0	3306.9045	0.0	3306.9045	3306.9045	1000.0	269.97528	70.489334	332.87344	-73.8369	3.9490607	1.0093853	2.6884825	31.191734	-10.408599	-271.5424	0.091978535	0.00047448403	0.09325144	0.0911957	0.022442304	0.96164334	0.8059138	8.913141	1.4007092e-06	315.7725	37.008774	349.0356	149.0285	313.50714	37.152493	345.59796	140.1028	303.11023	15.748299	324.8867	244.85757	-10.396936	27.852087	126.630295	-40.179466	23.217747	18.568014	126.630295	0.17042786	-0.0187696	0.1363371	0.90383846	-0.12054992	883.835	2031.571	16035.231	0.029045656	3.8977044	12.2860155	114.45333	9.9572215e-05
99	99999	34038.68244481087	3401.7808	0.0	3401.7808	3401.7808	1000.0	3263.3557	0.0	3263.3557	3263.3557	1000.0	270.86505	70.29538	333.71533	-67.22111	3.7637508	1.0077633	2.6555607	28.363852	-11.778	-272.39224	0.09323112	0.00034751373	0.0939749	0.092423245	0.01848867	0.9571621	0.80280405	9.19652	5.364418e-07	301.95728	63.857418	344.94757	5.336876	295.95935	74.82216	347.2083	-25.172441	287.0894	60.75751	319.50024	-294.2973	-8.86997	27.559422	83.04916	-298.95285	23.329447	17.14453	298.95285	0.002094738	0.003020125	1.3554386	4.794123	-29.895285	838.19806	3299.732	89372.805	4.387927e-06	22.361755	321.99277	8937.28	1.4070125e-08
100	100999	34404.28509783745	3243.7612	0.0	3243.7612	3243.7612	1000.0	3249.8425	0.0	3249.8425	3249.8425	1000.0	271.1724	70.34816	335.64267	-106.456245	3.8825305	1.0180004	2.6587281	29.68992	-10.757764	-272.6965	0.09499301	0.0008171734	0.096537285	0.09377276	0.0423739	0.96536183	0.80796504	11.695836	2.9802322e-07	324.99365	17.540081	344.4228	251.46545	328.9706	16.684702	345.10086	260.73373	308.1944	14.620169	324.38617	245.4742	-20.776243	4.7102475	-11.347581	-35.10885	20.776243	4.7102475	35.10885	11.347581	-0.06289899	0.01282996	-0.036235828	-0.1042283	453.83868	213.96341	1232.6312	128.76758	1.3662325	0.61819965	3.6385734	0.41118896
101	101999	34774.564621925354	3268.9539	0.0	3268.9539	3268.9539	1000.0	3272.367	0.0	3272.367	3272.367	1000.0	272.10175	69.189415	335.62582	-97.529884	3.8908212	1.0085515	2.668257	29.009768	-10.325027	-273.60193	0.09787395	0.0012609531	0.099826746	0.0959624	0.020009551	0.96887475	0.80710953	9.211082	1.4603138e-06	326.28925	16.607302	343.8045	253.43362	331.46567	16.484955	346.0932	262.19662	310.23257	15.021213	325.9978	246.40845	-21.233091	3.946732	-13.26111	-40.919773	21.233091	3.946732	40.919773	13.26111	-0.06392695	0.010693136	-0.041534003	-0.12289632	466.42087	192.387	1674.4279	175.85704	1.3983049	0.5539476	5.028257	0.550787
102	102999	35139.24127817154	3249.8066	0.0	3249.8066	3249.8066	1000.0	3269.5574	0.0	3269.5574	3269.5574	1000.0	272.1956	69.43822	335.0284	-72.691536	3.7908647	0.98847973	2.6655836	29.148407	-11.227869	-273.69412	0.09725735	0.0005064438	0.098287374	0.09606417	-0.026811745	0.9672501	0.80552685	10.117968	3.0174851e-06	329.5221	18.629223	345.83884	252.88094	330.85562	18.267551	348.92633	259.55582	312.47208	15.955619	326.44385	246.52808	-18.383587	3.0063639	-10.874011	-25.130777	18.383587	3.0063639	25.130777	10.874011	-0.05530949	0.0070676776	-0.034808937	-0.072480135	346.99448	105.237625	631.55597	118.24412	1.0375042	0.2851839	1.8214821	0.3785128
103	103999	35506.171714782715	3270.783	0.0	3270.783	3270.783	1000.0	3254.4556	0.0	3254.4556	3254.4556	1000.0	272.7852	69.20905	336.05392	-60.46305	3.7298336	0.98055685	2.6560156	30.326263	-13.310842	-274.25867	0.09525612	0.00081347517	0.09629694	0.093235165	-0.04578418	0.9610667	0.8041283	10.593327	1.1026859e-06	327.5564	17.795074	348.50595	251.4517	329.1392	16.383413	345.77933	260.2689	306.68332	14.636343	322.57037	245.0929	-22.455868	5.4131775	-12.328693	-41.319313	22.455868	5.4131775	41.319313	12.328693	-0.067997426	0.015031619	-0.039518308	-0.122345336	533.5685	278.10568	1707.2856	151.99667	1.6069567	0.8062316	5.0552254	0.4872091
104	104999	35869.44431638718	3242.7712	0.0	3242.7712	3242.7712	1000.0	3267.058	0.0	3267.058	3267.058	1000.0	272.5352	69.84773	333.93402	-91.53905	3.668486	0.990863	2.6686358	30.893	-10.001957	-273.9773	0.09220887	0.00064813794	0.093466274	0.09106877	-0.02169685	0.96096486	0.80539125	9.738529	4.4703484e-07	317.17728	28.934454	340.74066	170.52376	317.03662	31.86928	343.73254	165.31126	299.89603	28.848293	324.47327	158.73734	-17.140583	6.46912	9.10671	-27.273474	17.390673	5.763123	27.273474	0.037606694	-0.053427145	0.019502	0.035056267	-0.090061046	335.64908	168.14017	743.8424	0.0014142635	1.0376258	0.49913108	2.2107463	4.832527e-06
105	105999	36235.182122945786	3273.6968	0.0	3273.6968	3273.6968	1000.0	3299.451	0.0	3299.451	3299.451	1000.0	272.68973	69.52871	333.77637	-76.61826	3.644135	0.9852507	2.6582918	26.302147	-11.026126	-274.13705	0.09101064	0.0006093115	0.09180993	0.0893076	-0.035355285	0.95621824	0.801621	10.540323	7.137656e-06	329.08017	17.842491	347.49673	253.17418	333.30942	17.185987	349.9636	263.57498	309.34094	15.353037	325.82288	244.19711	-23.968418	3.4117136	-15.530889	-32.855164	23.968418	3.4117136	32.855164	15.530889	-0.07177805	0.0084579885	-0.04867955	-0.095202304	586.1249	166.29926	1079.4617	241.2085	1.7475424	0.4506305	3.1278872	0.75603664
106	106999	36600.36654782295	3275.5972	0.0	3275.5972	3275.5972	1000.0	3271.7104	0.0	3271.7104	3271.7104	1000.0	273.86066	69.03492	335.17685	-75.96695	3.632378	0.96926093	2.6705217	31.77444	-11.208918	-275.22595	0.08701729	0.001293992	0.08950059	0.08503761	-0.07492553	0.9510097	0.7972838	10.676763	4.2021275e-06	325.74017	17.90339	340.0198	253.02208	328.0367	17.789936	345.41064	256.9005	310.8591	17.308065	326.82315	244.45198	-17.177607	2.3003132	-11.182809	-24.736908	17.177607	2.3003132	24.736908	11.182809	-0.05242556	0.0068346984	-0.033837736	-0.07433807	300.3616	79.759796	611.91455	125.05521	0.9147582	0.23327628	1.8388939	0.3791673
107	107999	36960.76030087471	3265.5227	0.0	3265.5227	3265.5227	1000.0	3268.1023	0.0	3268.1023	3268.1023	1000.0	274.23862	69.037865	334.77386	-84.027725	3.6519954	0.98534346	2.6915424	30.684868	-11.215094	-275.65756	0.08433581	0.0005643131	0.08525369	0.08306831	-0.03624678	0.9544959	0.79976726	9.285687	2.9429793e-07	282.33032	67.46621	344.57483	4.764862	277.45114	68.59396	344.27847	4.764862	286.91754	34.736343	320.71133	147.95642	9.466403	40.5356	153.66734	-37.47169	27.490337	31.257463	153.66734	0.040210973	0.19488135	1.0652881	15.3667345	-0.11150456	1732.7476	4077.381	23613.652	0.0016169222	26.945639	153.13145	2361.3652	5.3218423e-06
108	108999	37322.36747407913	3248.4912	0.0	3248.4912	3248.4912	1000.0	3277.1184	0.0	3277.1184	3277.1184	1000.0	274.99597	69.59002	336.03088	-83.543106	3.353541	0.96204454	2.7016382	32.1873	-10.159205	-276.38226	0.079878934	0.0013704692	0.083062746	0.07806642	-0.095559165	0.949374	0.7969376	10.483865	9.536743e-07	322.70007	26.898918	350.8065	190.21693	320.66977	26.001904	346.91446	186.09406	295.49356	28.430962	322.26538	165.2939	-25.176191	8.734902	-13.35119	-57.294262	25.176191	8.734902	57.294262	13.35119	-0.07945448	0.03020546	-0.040345352	-0.20211388	710.13904	545.9679	3282.6323	178.25426	2.2537975	1.8297915	11.579966	0.53911054
109	109999	37686.882133722305	3262.9912	0.0	3262.9912	3262.9912	1000.0	3247.2576	0.0	3247.2576	3247.2576	1000.0	275.35812	69.709946	337.35782	-70.60053	3.5394282	1.001567	2.7167723	34.96344	-12.32215	-276.75443	0.078059055	0.00045711416	0.078896135	0.0774266	0.004046546	0.9561596	0.8056118	10.169386	1.3709068e-06	328.55173	18.511692	344.8282	252.95233	330.8672	17.594574	346.3839	259.30258	313.14224	17.845211	327.91937	243.65506	-17.724976	2.1372688	-10.703511	-23.481274	17.724976	2.1372688	23.481274	10.703511	-0.053765424	0.007358138	-0.031681713	-0.0715291	318.7427	74.552795	551.3702	114.565155	0.9670584	0.23377831	1.6046942	0.33910558
110	110999	38049.450949668884	3223.206	0.0	3223.206	3223.206	1000.0	3276.7817	0.0	3276.7817	3276.7817	1000.0	275.63953	69.70317	336.9163	-100.87446	3.2721543	1.0047559	2.7027872	30.46733	-9.673829	-276.99173	0.07806346	0.0005249017	0.07899266	0.077102765	0.012144437	0.95041525	0.80164814	10.81512	2.3841858e-06	304.41586	56.91812	344.19678	5.0512714	300.73114	63.47006	345.86603	5.0512714	300.72177	32.059887	327.49338	130.01581	-0.0093781	35.765244	125.18101	-25.186739	26.935337	23.529566	125.18101	0.16524115	0.10166195	0.7482616	12.518101	-0.08198652	1279.1528	2761.4963	15670.285	0.027304636	15.151577	90.037476	1567.0286	9.536026e-05
111	111999	38403.198259830475	3156.9976	97.092896	3254.0906	3059.9048	956.5	3285.5444	0.0	3285.5444	3285.5444	1000.0	276.19934	69.70947	337.39975	-75.375465	3.3630497	1.0003297	2.7137961	33.99568	-13.862443	-277.5231	0.07884434	0.0003848954	0.0796025	0.07827042	0.000912323	0.95261735	0.8064775	9.027106	2.30968e-06	279.84924	75.17742	344.15787	2.5557137	271.81662	79.10638	346.9222	2.5557137	283.34927	56.714497	324.71106	12.937052	11.532632	36.234406	119.47772	-28.686966	27.862032	25.87742	119.47772	0.035593085	0.15524253	0.67984927	11.944305	-0.19548887	1445.9336	2826.9983	14274.926	0.0012668677	15.18669	76.61255	1426.6642	3.997452e-06
112	112999	38764.05286335945	3295.881	0.0	3295.881	3295.881	1000.0	3304.0305	0.0	3304.0305	3304.0305	1000.0	275.96906	70.16772	337.44128	-123.33497	3.453026	1.012521	2.7335303	32.10748	-12.610388	-277.30783	0.08004952	0.0005435502	0.08090814	0.07878961	0.031733472	0.9545693	0.8127447	10.895318	3.0398369e-06	282.684	75.10757	346.11096	4.175527	275.49365	73.17113	345.44247	4.175527	257.54465	77.921326	321.80746	-10.341831	-17.948994	17.998016	29.212254	-68.674515	20.615032	14.869951	68.674515	0.02495534	-0.08654162	0.121327184	0.10284605	-1.469071	646.095	842.239	4716.1885	0.000622769	2.8151064	3.7336872	29.702185	1.9908102e-06
113	113999	39128.76046895981	1065.8123	0.0	1065.8123	1065.8123	307.0	3279.3337	0.0	3279.3337	3279.3337	1000.0	275.61472	70.1797	335.98642	-139.19347	3.5888135	1.0108877	2.7287817	35.076466	-10.755893	-276.99136	0.08138885	0.0004394534	0.08220239	0.08049311	0.027395338	0.95053494	0.8134464	10.502449	7.301569e-07	330.89386	17.106274	348.5916	256.21512	332.63116	15.840167	349.91748	263.0512	309.93085	15.984114	326.6717	243.65494	-22.700315	6.0324693	-13.124162	-47.700466	22.700315	6.0324693	47.700466	13.124162	-0.06827108	0.017517388	-0.039588448	-0.13849694	551.695	359.7728	2275.3345	172.24364	1.6533397	1.0428059	6.606368	0.5195652
114	114999	39482.2687356472	3279.0986	0.0	3279.0986	3279.0986	1000.0	3303.111	0.0	3303.111	3303.111	1000.0	276.19443	70.38755	336.66293	-137.17264	3.4252834	0.97100735	2.7209952	27.976818	-11.127748	-277.5327	0.08005336	0.0014326115	0.08196514	0.07777676	-0.073130995	0.9460235	0.8076503	9.601521	1.2814999e-06	311.54416	61.705982	353.5933	1.156584	305.08252	62.728714	349.03433	0.5319448	287.8815	59.774437	328.65674	-22.076763	-17.201004	10.136231	9.792656	-42.76115	17.732573	9.174615	42.76115	0.00060258264	-0.07516584	0.16469093	0.055458773	-2.3233347	398.61774	392.76993	1828.5161	3.6310584e-07	1.5788279	3.0164287	53.978844	1.1435143e-09
115	115999	39839.15937399864	3285.8098	0.0	3285.8098	3285.8098	1000.0	3309.617	0.0	3309.617	3309.617	1000.0	277.15518	69.86798	337.01303	-136.02397	3.3514025	0.9899563	2.7540176	32.172043	-10.009016	-278.47513	0.07689288	0.0006751321	0.07828866	0.07602899	-0.025605945	0.9442474	0.8061293	9.216809	8.940697e-07	282.50806	76.17769	345.46573	3.4157948	274.91382	76.46877	346.2795	3.4157948	265.18808	74.1928	326.63345	-46.36312	-9.725731	16.314842	40.0043	-55.587708	15.569503	10.879086	55.587708	0.03183111	-0.051164933	0.26223245	0.3029072	-5.0139885	360.76392	477.49277	3089.9932	0.0010132197	2.0477238	10.398492	251.40079	3.2057505e-06
116	116999	40194.141010284424	2250.7698	1038.6887	3289.4585	1212.0809	681.0	996.3372	0.0	996.3372	996.3372	297.0	277.7812	69.60293	336.4215	-100.78181	3.4228451	0.98000735	2.7352984	29.771038	-10.983231	-279.09338	0.07601336	0.0007407121	0.07704784	0.07433355	-0.0514934	0.94176906	0.8051241	8.142308	5.289912e-07	276.24014	77.05208	346.1929	2.8301003	268.46613	79.04145	349.25665	-0.83647406	260.87454	75.524635	323.01917	-5.105206	-7.591579	16.354368	40.541664	-39.083065	15.07249	9.895326	40.541664	0.02680413	-0.0008813086	0.27138647	4.0379496	-0.9263755	325.09747	323.50998	1643.6265	0.0007184614	2.1168432	8.453514	163.05035	2.38566e-06
117	117999	40552.78957414627	1981.2864	1299.4299	3280.7163	681.8563	613.0	3283.0684	0.0	3283.0684	3283.0684	1000.0	277.76114	69.69196	336.89297	-103.86446	3.2924235	0.98343307	2.7476344	29.668402	-10.65975	-279.06232	0.0740307	0.0006603961	0.074890845	0.07272789	-0.043147378	0.94425637	0.8114372	9.3210535	3.889203e-06	303.5823	60.025856	343.16025	2.6281748	302.48727	61.667908	345.26697	2.6281748	297.39905	47.60254	326.17877	45.260754	-5.088269	22.74451	84.65062	-24.592333	18.822382	13.744863	84.65062	0.0106009925	0.027916389	0.3330815	5.1921773	-0.07748881	543.2033	1053.6133	7165.728	0.00011238104	3.4889472	14.395762	269.58707	3.5695075e-07
118	118999	40914.8673555851	3297.0344	0.0	3297.0344	3297.0344	1000.0	3287.639	0.0	3287.639	3287.639	1000.0	278.0529	69.3673	336.16013	-104.389885	3.8991442	1.0309243	2.7702842	32.144234	-11.381995	-279.35843	0.07472359	0.0012714559	0.07629062	0.07268362	0.08039926	0.9396926	0.8151347	13.324164	9.685755e-08	331.23328	17.198833	346.60562	256.73267	329.96512	15.773149	344.8459	263.8254	314.28677	17.081749	327.41357	243.75922	-15.678349	2.7725084	-9.621654	-22.85974	15.678349	2.7725084	22.85974	9.621654	-0.047828004	0.010133135	-0.028835401	-0.08254186	253.4974	87.55225	522.5677	92.57622	0.77678	0.29913038	1.8713878	0.27744424
119	119999	41287.002162218094	3288.8977	0.0	3288.8977	3288.8977	1000.0	3269.609	0.0	3269.609	3269.609	1000.0	277.6362	69.87155	336.46524	-82.912766	3.77475	0.9944808	2.778205	28.631035	-11.292358	-278.971	0.07656726	0.00042137795	0.07714046	0.07542017	-0.014181133	0.93882525	0.813122	11.584111	2.6226044e-06	328.59537	16.447685	344.65588	255.88364	329.12186	15.510342	343.49338	262.1213	309.73868	15.618952	325.73718	244.2074	-19.383188	3.1570504	-13.437744	-34.235794	19.383188	3.1570504	34.235794	13.437744	-0.059015423	0.009824006	-0.04098708	-0.09986381	385.67493	136.01459	1172.0895	180.57297	1.1731824	0.40580168	3.4189167	0.5507739
120	120999	41644.069115161896	1056.3959	57.639557	1114.0354	998.7563	318.5	3260.1003	0.0	3260.1003	3260.1003	1000.0	278.96777	68.5741	337.1975	-116.25606	3.4066818	0.96259373	2.7446458	31.343037	-12.868174	-280.25153	0.07348965	0.0012252983	0.075734995	0.07132156	-0.097617894	0.936234	0.8037986	11.066492	1.1175871e-06	304.01923	61.760677	347.28375	-0.622416	295.99844	69.74637	344.4345	-19.06241	288.77582	55.877735	324.18347	7.5694056	-7.2226834	21.52753	94.289536	-37.177094	19.450314	11.716953	94.289536	0.052451424	0.03689721	0.39896497	6.506476	-0.108327724	515.6017	650.5341	8890.517	0.0027511518	4.279343	26.957907	613.4926	8.8419765e-06
121	121999	42015.251069784164	3275.3818	0.0	3275.3818	3275.3818	1000.0	3278.241	0.0	3278.241	3278.241	1000.0	279.13208	69.04656	337.2817	-150.33862	3.7811437	0.99996346	2.7448685	29.24039	-10.2707	-280.3902	0.07139221	0.00022939961	0.07178252	0.07094095	-3.8386344e-05	0.9400011	0.8061501	11.072892	5.6624413e-06	331.4844	17.334572	349.7439	257.24023	327.68793	16.548744	344.92484	260.14407	312.34927	16.44928	329.69464	243.65735	-15.338625	4.9765105	-8.126781	-38.088158	15.338625	4.9765105	38.088158	8.126781	-0.04682355	0.014750346	-0.024283433	-0.11055952	260.03906	201.81406	1450.7076	66.04458	0.79023117	0.5927341	4.2110085	0.19734617
122	122999	42369.29355096817	3277.1333	0.0	3277.1333	3277.1333	1000.0	3282.9856	0.0	3282.9856	3282.9856	1000.0	279.9096	68.77861	338.81992	-68.55379	3.4019654	0.99672186	2.746075	31.351572	-10.011667	-281.22278	0.07109139	0.00048353433	0.0720493	0.070323884	-0.008604593	0.9308422	0.79985	11.684908	3.5762787e-07	280.85867	74.26694	341.25748	4.1158113	271.533	71.11855	335.1526	4.1158113	251.82019	72.62957	325.9043	4.88834	-19.71279	12.618852	3.3969467	-54.5176	19.79573	12.4883375	54.5176	0.08522632	-0.083829485	0.063796006	0.07725289	-0.51100683	547.82947	565.9069	2972.169	0.007263526	2.150421	2.0623071	10.095736	2.2857443e-05
123	123999	42730.54512953758	2151.0405	1127.6014	3278.6418	1023.4391	647.0	3297.3472	0.0	3297.3472	3297.3472	1000.0	280.72226	68.12223	339.9783	-77.31	3.3778799	0.9964223	2.7642174	29.79829	-11.058945	-281.9913	0.070763506	0.0004267848	0.07155257	0.070143506	-0.009418699	0.93552154	0.80233574	12.324972	8.940697e-07	314.3775	47.178974	347.99982	76.83742	306.76346	53.144314	347.84784	41.703327	303.11395	33.638596	328.94638	112.495804	-3.6494806	23.370691	87.60383	-26.108217	17.885075	15.480054	87.60383	0.06918571	0.017243914	0.18857343	1.6975259	-0.07538556	559.508	1194.3401	7674.431	0.0047866623	3.6896431	13.020064	120.17206	1.4863125e-05
124	124999	43083.99993419647	883.0823	1395.0721	3299.4153	75.21618	286.25	3295.5693	0.0	3295.5693	3295.5693	1000.0	281.05524	68.004395	340.3821	-82.56336	3.7307272	1.0024976	2.7758358	30.554794	-11.601939	-282.32788	0.07062467	0.00036500103	0.07138726	0.0698883	0.006706028	0.9377227	0.8055361	11.435978	7.599592e-07	333.0434	16.063019	347.62195	260.1006	330.37683	15.367733	346.6165	264.0012	312.8604	16.819351	328.9076	245.46921	-17.516413	4.8675113	-7.377395	-35.336197	17.516413	4.8675113	35.336197	7.377395	-0.0532749	0.015426478	-0.022227393	-0.10344649	330.51736	200.45059	1248.6469	54.425957	1.0066092	0.6086792	3.6554058	0.16398028
