Epoch	TotalEnvInteracts	Time	AverageEpRet	StdEpRet	MaxEpRet	MinEpRet	EpLen	AverageTestEpRet	StdTestEpRet	MaxTestEpRet	MinTestEpRet	TestEpLen	AverageQ1Vals	StdQ1Vals	MaxQ1Vals	MinQ1Vals	LossQ1	AverageLogPi	StdLogPi	MaxLogPi	MinLogPi	LossPi	AverageAlpha	StdAlpha	MaxAlpha	MinAlpha	LossAlpha	AveragePreTanh	StdPreTanh	MaxPreTanh	MinPreTanh	AverageMCDisRet	StdMCDisRet	MaxMCDisRet	MinMCDisRet	AverageMCDisRetEnt	StdMCDisRetEnt	MaxMCDisRetEnt	MinMCDisRetEnt	AverageQPred	StdQPred	MaxQPred	MinQPred	AverageQBias	StdQBias	MaxQBias	MinQBias	AverageQBiasAbs	StdQBiasAbs	MaxQBiasAbs	MinQBiasAbs	AverageNormQBias	StdNormQBias	MaxNormQBias	MinNormQBias	AverageQBiasSqr	StdQBiasSqr	MaxQBiasSqr	MinQBiasSqr	AverageNormQBiasSqr	StdNormQBiasSqr	MaxNormQBiasSqr	MinNormQBiasSqr
0	999	1.5574092864990234	22.293045	23.317293	132.62253	5.2394886	24.625	60.343445	0.0	60.343445	60.343445	53.0	0.0	0.0	0.0	0.0	0.0	0.0	0.0	0.0	0.0	0.0	0.0	0.0	0.0	0.0	0.0	0.0	0.0	0.0	0.0	6.7291627	6.7094154	36.67838	-2.6259482	10.1052065	9.05973	48.583626	-1.3433344	-0.0061865896	0.047799826	0.16857298	-0.1625532	-10.111393	9.070131	1.3807237	-48.5789	10.145801	9.031626	48.5789	0.0015084833	-0.6607826	0.36803898	0.13807237	-1.0099081	184.50757	321.93192	2359.9097	2.2755219e-06	9.227102	9.629298	48.574173	2.2755219e-07
1	1999	2.152521848678589	20.814556	20.167421	124.153015	5.428253	23.5	60.343445	0.0	60.343445	60.343445	53.0	0.0	0.0	0.0	0.0	0.0	0.0	0.0	0.0	0.0	0.0	0.0	0.0	0.0	0.0	0.0	0.0	0.0	0.0	0.0	7.7483964	7.310343	39.080383	-2.80025	10.984582	9.529416	48.683903	-0.9443768	-0.003952305	0.046874445	0.18732025	-0.16224207	-10.988535	9.540508	0.90133077	-48.688946	11.003257	9.523523	48.688946	0.01013882	-0.68888617	0.35614827	0.09013308	-1.0123336	211.7692	347.30276	2370.6133	0.00010279567	10.116433	10.14891	48.693985	1.0279567e-05
2	2999	2.7569422721862793	17.460537	16.582548	105.42657	5.3510084	20.979591	59.399616	0.0	59.399616	59.399616	53.0	0.0	0.0	0.0	0.0	0.0	0.0	0.0	0.0	0.0	0.0	0.0	0.0	0.0	0.0	0.0	0.0	0.0	0.0	0.0	7.2427897	9.662742	58.478264	-4.99384	10.739811	12.036866	74.159966	-2.5599964	-0.008469307	0.043854173	0.14607236	-0.11622908	-10.74828	12.045053	2.502469	-74.17783	10.850834	11.952749	74.17783	0.0048406664	-0.64133024	0.3899804	0.2502469	-1.007716	260.6088	697.62683	5502.351	2.343205e-05	9.972205	12.455375	74.19571	2.343205e-06
3	3999	3.3255720138549805	17.077888	8.235182	38.263966	5.8786683	22.044445	59.796833	0.0	59.796833	59.796833	53.0	0.0	0.0	0.0	0.0	0.0	0.0	0.0	0.0	0.0	0.0	0.0	0.0	0.0	0.0	0.0	0.0	0.0	0.0	0.0	5.590205	5.223795	26.146914	-3.7620256	8.85311	7.346385	36.12098	-1.673687	-0.008424831	0.04649866	0.16572565	-0.15314361	-8.861535	7.3598332	1.6225319	-36.12196	8.906902	7.304865	36.12196	0.009623097	-0.6338095	0.3774763	0.1622532	-1.0088505	132.69395	191.04324	1304.7959	9.2603994e-05	7.968459	7.9119225	36.12294	9.2604e-06
4	4999	3.8926889896392822	22.184013	22.71988	109.465385	6.3513336	23.47619	60.312553	0.0	60.312553	60.312553	54.0	0.0	0.0	0.0	0.0	0.0	0.0	0.0	0.0	0.0	0.0	0.0	0.0	0.0	0.0	0.0	0.0	0.0	0.0	0.0	6.659572	6.1368732	31.83089	-0.9763317	9.697317	8.446302	43.746334	-0.7335528	-0.0038977338	0.04480517	0.14505145	-0.13319752	-9.701216	8.457614	0.67892385	-43.791626	9.705785	8.452368	43.791626	0.0013547433	-0.6547917	0.36147785	0.06789238	-1.0126789	165.6448	276.27402	1917.7067	1.8353294e-06	8.749803	9.069452	43.836967	1.8353293e-07
5	5999	245.4222276210785	167.88786	100.99	412.85028	23.942844	83.083336	334.1681	0.0	334.1681	334.1681	161.0	111.65591	70.24869	294.71524	-62.00435	33.556156	-0.095529646	2.1089113	15.075171	-10.754891	-119.974976	0.9067217	0.043565262	0.99970007	0.840082	-0.07871712	0.9600402	0.6714342	4.955393	8.940697e-07	116.4335	43.57969	161.67502	2.557863	125.25686	47.377117	176.53467	2.557863	236.39032	44.14396	312.79425	-16.575195	111.133446	44.090122	209.56221	-19.274155	111.17741	43.979156	209.56221	0.72363675	1.4043448	1.7659891	17.503141	-1.9274155	14294.583	10541.06	43916.32	0.52365017	194.66766	288.56525	3063.5994	0.05236502
6	6999	488.5898289680481	288.2874	45.16422	356.90234	232.60751	126.125	302.0531	0.0	302.0531	302.0531	127.0	245.10135	66.15728	334.7764	-153.06642	83.10706	0.444942	2.4334972	17.468756	-11.210642	-258.8139	0.7793599	0.04193998	0.8399647	0.69262373	-0.1476598	1.0296416	0.7323674	5.138318	5.9604645e-08	116.15017	49.303654	168.03659	2.2085633	126.3464	54.38066	183.99762	2.2085633	222.0956	76.87516	294.37363	-53.85489	95.749214	31.22815	143.27428	-56.107407	96.95851	27.242558	143.27428	0.6783241	0.8559855	0.8043257	5.633129	-5.6107407	10143.11	4280.5425	20527.518	0.4601236	90.98544	54.78928	317.3214	0.036856182
7	7999	737.3706045150757	331.06607	34.18983	404.21896	305.0133	158.0	286.6638	0.0	286.6638	286.6638	147.0	214.08829	69.157745	301.57343	-145.13075	58.02617	0.05900146	2.3757818	15.252476	-10.183652	-224.4673	0.5967456	0.057716064	0.692431	0.49583724	-0.5080583	0.96220386	0.70751166	5.85452	1.1920929e-06	120.661674	44.474598	178.74289	1.2879425	132.21776	50.291378	197.78784	1.2879425	168.81013	57.82574	228.66013	-52.998596	36.592377	21.98218	88.40063	-70.577866	38.342793	18.762957	88.40063	0.45143354	0.3894376	0.7915292	6.624171	-4.0148354	1822.2183	1583.1727	7814.6704	0.20379223	22.182789	43.652756	438.7964	0.0012310891
8	8999	994.5324447154999	457.30936	84.28865	601.95557	399.18973	255.0	207.9189	0.0	207.9189	207.9189	92.0	166.23763	54.94631	231.4426	-71.0566	31.862766	-0.048860054	2.2996676	15.420942	-13.169916	-173.46027	0.42273235	0.037436947	0.49565175	0.36325032	-0.90009224	0.93729913	0.69303286	5.5302896	1.3113022e-06	100.20832	42.188198	162.97934	2.1970358	109.17346	47.476345	178.18105	2.1970358	147.89534	52.458305	195.42755	-34.15267	38.72187	33.067764	142.81183	-36.64883	41.13159	30.01753	142.81183	0.023551611	0.57461834	1.2720603	13.469152	-3.664883	2592.8606	3238.1816	20395.22	0.00055467844	47.43735	154.51372	1814.1807	3.716855e-06
9	9999	1257.2760787010193	305.2182	39.037437	350.9958	212.49564	128.875	333.838	0.0	333.838	333.838	139.0	148.25465	49.063377	199.50192	-72.53526	23.210915	0.022523586	2.363875	16.584124	-9.381658	-154.12718	0.31524205	0.026820643	0.36313844	0.27141637	-1.132302	0.9534511	0.70284736	5.859589	7.5101852e-06	130.61575	50.972645	193.15387	3.0022914	135.84091	55.019497	203.451	3.0022914	129.39983	45.886894	178.26997	-18.73955	-6.4411	21.948141	55.128834	-51.871548	19.137362	12.528769	55.128834	0.028764863	0.036037896	0.51587105	5.512883	-2.2280118	523.2087	609.7262	3039.188	0.0008274173	7.3347344	20.458838	303.91882	4.959095e-06
10	10999	1520.8502085208893	314.03433	66.05742	382.62082	163.71075	132.57143	360.913	0.0	360.913	360.913	139.0	135.18633	45.79567	181.89668	-59.797024	18.749653	0.026834894	2.4384017	18.088232	-9.429882	-140.05295	0.23511115	0.02019051	0.27133286	0.2026187	-1.4113386	0.9499829	0.7138015	6.008478	5.9604645e-07	137.08055	51.455658	191.25499	3.134483	141.39432	53.73556	198.77216	3.134483	113.74159	52.686974	168.34529	-9.241344	-27.652739	9.800129	5.544256	-61.249454	27.677614	9.7296505	61.249454	0.46830207	-0.24444072	0.16993512	0.55442566	-1.277214	860.7164	555.772	3751.4956	0.21930684	7.085345	5.585458	39.366405	0.0173609
11	11999	1793.1715092658997	367.19827	19.446339	388.40173	336.00995	139.57143	369.63712	0.0	369.63712	369.63712	136.0	134.2385	43.48339	175.65771	-55.523834	15.567418	0.26104888	2.5325825	20.352757	-11.5039015	-138.58336	0.17973253	0.012422219	0.20256208	0.1591004	-1.2665111	0.984217	0.7367266	6.319248	8.046627e-07	136.7292	54.46984	194.14618	2.9868076	139.06358	57.818718	203.05952	2.9868076	122.57849	49.47462	172.83522	-3.2965972	-16.485102	13.042785	24.724415	-45.845455	18.32672	10.295835	45.845455	0.025766993	-0.1171403	0.115921706	0.28503	-0.7220345	441.87286	376.17438	2101.806	0.0006639379	2.8124902	2.139546	12.60232	2.8080158e-05
12	12999	2058.4085597991943	374.60117	19.006153	415.5819	352.3826	137.75	420.17865	0.0	420.17865	420.17865	152.0	137.73212	44.746235	182.6582	-48.86109	13.653902	0.5019153	2.6405194	22.27705	-10.374335	-141.85625	0.14390168	0.007992109	0.15906298	0.1304133	-0.96293443	1.0108178	0.7581929	6.8536835	3.0100346e-06	148.89932	56.68011	212.71425	3.1411867	147.17728	58.33038	216.28947	3.1411867	130.43721	46.86931	179.15427	-3.2587295	-16.740067	26.434439	108.37391	-51.48264	27.142437	15.565912	108.37391	0.07024146	-0.027808877	0.7390453	10.837391	-0.6951045	979.0094	1204.0889	11744.904	0.004933862	12.7894125	71.640724	1174.4905	9.2101356e-05
13	13999	2323.718991279602	375.16968	27.803343	410.74484	319.48727	138.14285	383.84213	0.0	383.84213	383.84213	136.0	141.07384	45.648064	187.33336	-52.858974	11.856689	0.7058131	2.770043	24.166702	-10.99252	-145.01004	0.120648	0.0054867044	0.13038862	0.11155585	-0.6211513	1.0478866	0.79275095	6.819434	2.6226044e-06	144.70609	57.13695	203.12794	2.922178	141.61691	59.320583	207.69574	2.922178	131.42953	51.639877	185.40115	-1.9065235	-10.187392	15.55427	46.005833	-39.725796	16.23704	9.059623	46.005833	0.050785173	-0.03805453	0.1599247	0.57120764	-0.5246202	345.71823	316.278	2116.5369	0.0025791337	2.5540583	3.014246	26.278885	1.48156905e-05
14	14999	2589.254173517227	394.59494	23.983864	430.57376	367.34537	146.85715	406.03598	0.0	406.03598	406.03598	151.0	142.73305	47.09383	188.70107	-51.60189	11.457457	0.8168879	2.8405252	26.153221	-11.7756195	-146.4592	0.104102634	0.003960896	0.11153918	0.09799236	-0.41287175	1.0557708	0.8050491	8.2633705	3.0994415e-06	159.79738	57.730232	222.0799	3.039848	155.6373	57.658813	221.26334	3.039848	134.80287	50.44374	189.2765	-1.0179889	-20.83444	15.448881	21.691624	-63.149055	22.308458	13.231577	63.149055	0.049299605	-0.12773128	0.10434286	0.31613573	-0.4057837	672.74194	626.82214	3987.803	0.002430451	3.9859595	3.6816654	23.607872	0.00013396176
15	15999	2857.5024235248566	343.99225	108.954865	416.82104	80.309845	130.85715	383.86444	0.0	383.86444	383.86444	139.0	143.2443	47.040787	189.77042	-54.56433	11.402721	0.8823145	2.8508322	27.931858	-11.1378975	-146.63725	0.09243365	0.0032229766	0.097982295	0.08791869	-0.27951387	1.0666372	0.81306374	8.393863	1.7881393e-07	151.26761	56.05537	212.5476	3.1218774	146.45291	55.220215	208.03014	3.1218774	134.26303	50.22478	186.8161	-6.139016	-12.189891	13.253652	25.510082	-43.26065	14.903088	10.106964	43.26065	0.06663548	-0.077513665	0.13818866	0.50101674	-1.0397984	324.25275	382.0134	1871.4839	0.0044402876	2.3086927	2.685969	16.237167	2.500096e-05
16	16999	3124.7696731090546	390.62897	8.059163	405.5868	378.58185	139.28572	395.13214	0.0	395.13214	395.13214	138.0	143.36926	47.16485	190.50314	-57.452927	11.011871	0.9632512	2.8082743	30.107605	-11.941807	-146.68193	0.086143956	0.00089646893	0.08790276	0.084193125	-0.090108596	1.0583508	0.80244553	8.710634	2.95043e-06	148.63722	57.9616	204.4493	3.3667254	144.91168	56.287865	200.83481	3.3667254	133.60468	53.95245	185.09598	-11.826869	-11.3070135	5.8823757	6.5733047	-29.746073	11.480523	5.536109	29.746073	0.05363141	-0.10079257	0.14619927	0.17711437	-1.5303811	162.45091	149.06247	884.8288	0.0028763283	1.3397263	1.9142683	23.420662	3.5783025e-05
17	17999	3391.7447407245636	407.1272	19.960539	438.9714	381.69244	145.28572	454.79935	0.0	454.79935	454.79935	152.0	144.43404	47.937504	191.45909	-54.27788	9.819297	0.9505979	2.8617203	30.124226	-11.252939	-147.59006	0.08139134	0.0014190256	0.0841829	0.078903794	-0.12379901	1.0603244	0.80908746	8.770733	2.8014183e-06	162.85316	60.141296	222.68402	3.8297696	161.47475	60.42536	226.78958	3.8297696	135.63823	50.58762	189.52625	-5.12389	-25.83651	18.017828	47.26654	-50.103382	29.099285	12.058149	50.103382	0.22408225	-0.12608048	0.3588003	4.726654	-0.89536595	992.16736	651.089	2510.3489	0.050212853	7.334521	12.977596	223.4126	0.00040777205
18	18999	3661.415132522583	457.21664	28.913586	489.3687	411.198	155.28572	281.60504	0.0	281.60504	281.60504	107.0	145.57996	48.56209	194.40459	-56.96556	9.497307	1.00759	2.89625	30.306398	-11.171383	-148.61719	0.07935507	0.0005530032	0.08012067	0.07840357	0.01931509	1.0669634	0.81538254	8.869944	1.1123717e-05	129.66132	51.3441	211.51701	3.8634806	122.451836	51.642952	205.57352	3.8634806	157.46144	37.053402	189.77292	2.030158	35.009613	35.71376	111.35878	-31.198086	42.26877	26.730072	111.35878	0.53559995	0.7130862	1.5835881	11.135878	-0.49532178	2501.1455	2692.8955	12400.777	0.28686732	59.416008	154.29152	1240.0778	0.005913333
19	19999	3932.5543727874756	405.5567	93.86768	491.05734	241.91818	139.0	452.1874	0.0	452.1874	452.1874	149.0	148.99411	48.758724	196.95142	-54.822357	9.633784	1.02368	2.9361887	29.807213	-9.9876995	-152.00092	0.0808098	0.00047117218	0.08219763	0.079620555	0.05959746	1.0568227	0.82118726	8.388184	9.536743e-07	168.63632	59.774403	230.56493	4.9400268	158.99968	57.057957	220.79274	4.9400268	145.00836	47.36519	191.6609	0.686066	-13.991311	12.909876	31.156145	-35.45684	16.985641	8.597077	35.45684	0.011859356	-0.05042383	0.18109196	1.4432533	-0.7237072	362.42172	299.4982	1257.1875	0.00014064433	2.4580655	3.1021764	40.556587	4.5023676e-06
20	20999	4200.5387444496155	445.8658	23.699383	486.21884	420.70746	148.0	520.7571	0.0	520.7571	520.7571	165.0	152.16975	49.899654	202.35674	-59.585346	10.199593	1.0361111	2.918319	29.893402	-10.012804	-155.10562	0.08587015	0.0016792817	0.08773781	0.08218044	0.08936017	1.0428294	0.8156834	8.72633	1.7881393e-06	182.32939	65.92233	248.48378	4.16116	170.48457	61.19434	233.69743	4.16116	148.41013	47.49835	195.80757	5.0559144	-22.074446	19.102188	52.069508	-52.57758	25.642612	13.951024	52.57758	0.011151183	-0.06797857	0.31793424	3.0936284	-0.28218514	852.1748	653.2378	2764.4019	0.0001243489	5.7540283	10.939588	113.87463	1.560788e-06
21	21999	4468.811675310135	499.09317	24.31025	530.5804	462.1961	165.66667	516.1368	0.0	516.1368	516.1368	164.0	153.89207	51.33648	204.81247	-57.837467	9.505636	1.01316	2.902399	27.501114	-12.262284	-156.72784	0.08665475	0.0004824455	0.08823723	0.08602947	0.03212372	1.0359825	0.8232392	9.552927	1.8514693e-06	181.69272	64.49517	243.46555	4.637	174.60321	60.991302	235.03816	4.637	148.87747	52.70508	200.62125	6.2682676	-25.725716	10.868738	6.590321	-47.477448	25.860973	10.542871	47.477448	0.04972959	-0.1373315	0.07736357	0.6590321	-0.27448273	779.942	478.93298	2254.1082	0.002473032	4.085084	2.3480313	12.543006	0.00010359676
22	22999	4734.765449047089	513.8036	43.73527	555.08496	450.16284	171.66667	585.9676	0.0	585.9676	585.9676	185.0	156.96329	52.872677	210.9249	-61.150616	9.831625	1.0771649	2.9251926	27.830566	-10.888643	-159.78981	0.092227116	0.003022066	0.09840222	0.08824133	0.18318577	1.0358977	0.8280564	8.036161	7.1525574e-07	197.28491	69.54465	260.49457	4.5186296	187.7489	65.05804	243.93758	4.5186296	153.01825	53.96174	205.24564	-4.556247	-34.730675	13.271265	-2.7945576	-56.155014	34.730675	13.271265	56.155014	2.7945576	-0.19631724	0.087631896	-0.026222344	-1.0859191	1382.346	764.85034	3153.3857	7.8095517	6.766804	3.039283	13.898374	0.07327985
23	23999	5001.306454896927	534.0655	162.11922	644.8106	175.6037	174.5	633.9677	0.0	633.9677	633.9677	201.0	160.42583	55.23173	217.47388	-58.136288	10.380504	1.0668643	2.8611257	26.528927	-12.321406	-163.28122	0.10383701	0.0031201479	0.10843063	0.098404676	0.1521154	1.030182	0.8192568	7.7169075	1.1920929e-06	202.77827	71.05122	270.0428	4.3669353	191.15019	64.8838	252.9769	4.3669353	158.2472	54.49476	213.3676	-2.612172	-32.90301	15.395967	3.0393107	-63.91254	32.928337	15.341733	63.91254	0.08147142	-0.17315108	0.07658066	0.3039311	-0.89823884	1319.6439	950.59045	4084.8127	0.006637593	6.2779512	3.889873	16.981771	0.00029099642
24	24999	5269.571257352829	624.845	71.87963	687.6063	485.18918	201.2	838.14417	0.0	838.14417	838.14417	261.0	163.17386	55.841766	229.26125	-59.3454	11.046992	1.0002736	2.8404539	25.892143	-10.925759	-166.05273	0.105765715	0.0011110931	0.10783875	0.10386149	0.000689312	1.0088912	0.81305134	7.8987017	8.106232e-06	191.83975	72.67951	284.0935	3.8348877	180.17354	68.647125	263.78214	3.8348877	195.68832	44.46047	239.51062	-12.224586	15.51479	69.52246	204.77982	-63.89118	55.22007	44.998055	204.77982	0.14270145	0.604078	2.494721	20.477982	-1.7119397	5074.0815	8599.2705	41934.773	0.020363703	121.14737	485.36533	4193.477	0.000106423715
25	25999	5539.421595096588	515.3617	217.54434	789.465	167.9353	172.4	1124.5627	0.0	1124.5627	1124.5627	331.0	169.79114	59.181164	254.75247	-63.367584	13.547129	1.0957983	2.889213	25.454967	-10.619477	-172.7158	0.11591888	0.004535633	0.123190835	0.10762723	0.20707077	1.0295554	0.8309657	8.843388	1.1697412e-06	234.71954	83.27685	315.59094	3.7972827	220.66364	75.681725	294.29163	3.7972827	194.49763	57.056145	261.12167	-10.311316	-26.166	51.18148	200.47708	-73.180855	48.92214	30.179934	200.47708	0.001323194	0.028054666	1.3068833	20.047709	-1.6932184	3304.2039	5606.6367	40191.062	1.7508423e-06	40.10384	244.42255	4019.1062	6.437979e-08
26	26999	5804.324180841446	856.6549	68.024185	940.4679	759.16846	258.0	1075.0936	0.0	1075.0936	1075.0936	317.0	176.34364	60.95931	251.53717	-57.98267	15.108695	1.0305994	2.8459644	27.09794	-10.712638	-179.38716	0.12654553	0.0014557083	0.12878259	0.12320118	0.06344294	1.0238731	0.8217426	9.056476	5.632639e-06	249.53989	79.49617	329.3384	4.2103043	242.26285	75.3776	317.8812	4.2103043	191.83237	58.666855	248.18399	-2.9828541	-50.430485	18.880148	4.9839296	-99.493675	50.47224	18.768238	99.493675	0.14185119	-0.20819978	0.06406448	0.38468415	-0.79545575	2899.694	1737.4241	9898.992	0.02012176	10.795621	5.100635	32.734364	0.002012176
27	27999	6072.7138912677765	875.1203	94.14301	1032.093	786.1173	262.25	1238.6119	0.0	1238.6119	1238.6119	370.0	182.18095	63.08564	255.11603	-64.58586	15.049641	1.007879	2.8681517	26.761822	-11.109173	-185.23097	0.12926582	0.00070590264	0.13046765	0.1278083	0.016150186	1.0205402	0.822652	9.861303	1.5199184e-06	282.17984	70.437195	353.05145	4.377544	267.95435	63.32832	325.90274	4.377544	211.66331	50.838528	262.29395	-0.46701545	-56.291042	17.091846	-3.6030455	-100.40378	56.291042	17.091846	100.40378	3.6030455	-0.21267316	0.04550927	-0.14363678	-0.71736705	3460.8123	1856.9468	10080.919	12.981936	12.211492	5.4325657	31.891443	1.2981936
28	28999	6342.6086332798	847.8871	317.2837	1187.9866	329.47827	260.0	1058.8953	0.0	1058.8953	1058.8953	323.0	185.94232	64.95083	262.52737	-62.865498	15.265172	1.0368723	2.8510642	25.904297	-11.936522	-188.99107	0.1342329	0.002443851	0.13816246	0.1303616	0.074172825	1.0282768	0.8244124	9.538357	1.4305115e-06	242.72765	78.30395	321.27347	4.340648	233.90746	73.14558	309.5257	4.340648	199.42337	59.996464	260.02142	0.9299796	-34.48409	17.764765	9.534699	-69.39366	34.667805	17.403519	69.39366	0.056679543	-0.14125648	0.064490885	0.592546	-0.49884102	1504.7393	1236.307	4815.4805	0.0032125704	5.6589055	4.007218	15.994167	3.3289358e-05
29	29999	6609.9207174777985	1188.476	403.70782	1495.0059	618.0784	350.33334	1208.8944	0.0	1208.8944	1208.8944	372.0	189.14629	65.81252	265.66797	-67.99575	15.338312	1.0298927	2.7800992	24.807028	-9.8403225	-192.16513	0.14107397	0.0022451773	0.14453918	0.13755943	0.058633152	1.0271304	0.81884366	9.107483	2.0600855e-06	291.81027	54.824883	340.4099	4.503677	278.38083	49.7819	320.30392	4.503677	230.74196	39.83366	289.98944	5.052223	-47.63887	15.597654	0.5485463	-79.15446	47.64071	15.592027	79.15446	0.4067392	-0.16846173	0.039723247	0.05485463	-0.25437158	2512.7488	1446.7808	6265.4277	0.16543679	8.573438	4.4247212	20.134644	0.016543679
30	30999	6878.089643716812	1228.75	0.0	1228.75	1228.75	391.0	3076.0103	0.0	3076.0103	3076.0103	1000.0	190.8431	66.623795	275.5646	-68.719345	14.779901	0.9914197	2.7632415	25.753183	-11.619502	-193.81255	0.14429215	0.0010608755	0.1457045	0.14223076	-0.016626474	1.0181963	0.81266624	7.542618	3.2484531e-06	300.1862	44.25471	345.18304	118.73039	291.4361	39.846844	332.61722	119.787796	249.03432	14.519423	279.7372	121.8385	-42.401794	36.61367	77.44274	-89.45365	51.85389	21.20488	89.45365	0.06499961	-0.12674348	0.14804251	0.5616703	-0.27996615	3138.473	2071.0889	8001.9556	0.0042249495	10.647924	7.1618934	43.497284	1.7190978e-05
31	31999	7147.581458568573	3224.693	0.0	3224.693	3224.693	1000.0	2961.488	0.0	2961.488	2961.488	1000.0	193.61653	66.41256	275.319	-61.241665	13.798661	0.98558253	2.7696888	25.15176	-10.784778	-196.44469	0.14084238	0.00095053436	0.14243121	0.13879517	-0.028224537	1.0156623	0.81384164	8.312843	5.9604645e-08	222.80853	72.05771	308.94803	3.9366236	219.8871	70.25573	306.395	3.9366236	247.80551	34.408447	277.4635	4.592065	27.918427	66.44545	253.33168	-47.02714	48.48049	53.329903	253.33168	0.010781267	0.5220802	2.1991024	25.333168	-0.15493883	5194.437	11249.964	64176.945	0.00011623571	106.95237	529.2228	6417.6943	4.5000726e-07
32	32999	7419.235656738281	2960.6816	0.0	2960.6816	2960.6816	958.0	2899.1628	0.0	2899.1628	2899.1628	1000.0	195.68681	66.83447	275.89337	-60.079254	14.110958	1.003919	2.786761	26.551716	-12.371027	-198.42337	0.13968313	0.0003769586	0.14029792	0.13884853	0.007754914	1.0236226	0.8197198	7.118651	1.3709068e-06	289.99988	34.5051	318.7969	114.10724	277.49716	32.849705	307.602	114.4074	241.83313	25.422762	271.10254	102.948265	-35.664062	15.74336	11.340991	-78.241776	36.023663	14.90217	78.241776	0.045383807	-0.12513776	0.05199163	0.045031812	-0.27601773	1519.7786	1053.3556	6121.7754	0.00205969	5.2703433	3.5971692	21.596117	1.1834831e-05
33	33999	7688.770098209381	1792.0454	1161.4768	2953.5222	630.5686	612.5	3301.5942	0.0	3301.5942	3301.5942	1000.0	197.21446	66.747086	276.2794	-54.334167	12.709923	0.99542594	2.7888615	25.176743	-9.690666	-199.92026	0.14019111	0.00043456058	0.1412938	0.13915534	-0.008958431	1.0259073	0.8184244	7.0950127	1.7210841e-06	312.06113	59.47599	370.0573	4.5143204	297.2668	54.59976	352.6542	4.5143204	238.8979	38.69964	270.14667	4.0888133	-58.36893	21.162283	-0.42550686	-103.71474	58.36893	21.162283	103.71474	0.42550686	-0.19148406	0.048935283	-0.042550687	-0.42363587	3854.775	2312.891	10756.747	0.18105608	12.101588	6.47036	30.650566	0.01810561
34	34999	7957.0390639305115	2243.9087	1116.4485	3360.3572	1127.4603	664.0	3376.86	0.0	3376.86	3376.86	1000.0	199.32202	66.63874	281.60303	-61.32586	13.910559	1.0013717	2.7776043	26.076092	-10.56786	-202.0115	0.13987207	0.00033374203	0.14071538	0.13910677	0.0027601414	1.027749	0.81734306	7.084869	5.9604645e-08	345.52994	25.375694	378.89877	254.07642	331.8359	22.017208	361.71487	257.66656	258.15463	12.306813	282.55557	215.03732	-73.68128	12.923981	-41.606064	-100.48068	73.68128	12.923981	100.48068	41.606064	-0.22061591	0.028045082	-0.15888812	-0.2918449	5595.96	1818.468	10096.367	1731.0646	16.610018	4.762221	29.067633	6.6947956
35	35999	8225.059557914734	1708.9475	294.6623	2003.6099	1414.2853	486.5	3398.9111	0.0	3398.9111	3398.9111	1000.0	202.01678	67.632675	288.4292	-59.702553	13.438668	0.99365044	2.758432	25.262829	-12.270177	-204.5835	0.13891925	0.00072226854	0.13997638	0.13766038	-0.012505499	1.0203769	0.8142381	7.1774893	2.2500753e-06	284.7013	79.88068	376.96207	4.373531	273.19055	73.959404	355.6096	4.373531	228.44931	57.635036	278.3496	4.0658092	-44.741234	21.084665	2.9698367	-89.71443	44.74912	21.067924	89.71443	0.012255836	-0.15780906	0.05036884	0.29698366	-0.32239804	2446.341	1932.8678	8048.679	0.00015020552	7.9211636	5.4010077	23.167776	1.5020553e-05
36	36999	8494.489603042603	3392.0935	0.0	3392.0935	3392.0935	1000.0	3171.0955	0.0	3171.0955	3171.0955	1000.0	205.65166	69.0352	293.44455	-65.70979	12.332764	1.022051	2.7788978	30.550907	-10.502284	-208.25972	0.14090216	0.0018409145	0.14297456	0.13775933	0.04336522	1.0169017	0.81457645	9.410371	2.2351742e-07	257.01547	74.7822	348.29013	3.008503	250.79663	70.87431	334.37244	3.008503	270.5841	16.120647	290.04803	217.55379	19.787487	74.92828	277.96518	-55.960125	53.200382	56.351685	277.96518	0.11907842	0.5199951	2.539938	27.796518	-0.17130011	6005.793	13214.503	77264.65	0.01417967	127.38627	670.6266	7726.465	5.2213534e-05
37	37999	8763.42833161354	2372.1921	0.0	2372.1921	2372.1921	730.0	3241.9832	0.0	3241.9832	3241.9832	1000.0	209.23569	69.89824	297.5461	-64.2497	11.880918	0.9944814	2.7466838	24.894497	-11.09576	-211.7457	0.14370364	0.0009620713	0.14498019	0.14165622	-0.010716331	1.0075483	0.8070014	7.7570934	5.364418e-07	331.31558	19.712994	360.57635	254.27768	326.57797	18.243204	350.20483	259.80643	270.0706	13.970885	287.23718	218.57626	-56.50736	7.418617	-41.069283	-82.63969	56.50736	7.418617	82.63969	41.069283	-0.17265084	0.016801346	-0.1419044	-0.2387309	3248.1172	878.4511	6829.3174	1686.686	9.871855	2.3180556	19.728647	6.482702
38	38999	9033.787590503693	3254.29	0.0	3254.29	3254.29	1000.0	3238.1616	0.0	3238.1616	3238.1616	1000.0	211.90189	70.770584	298.34317	-66.59061	13.519488	1.0019889	2.7552967	24.72834	-10.158316	-214.389	0.14149517	0.0004758409	0.14213036	0.1400521	0.0039316593	1.005392	0.8092509	6.970382	3.3993274e-07	331.1019	19.939709	360.77142	253.83336	323.3613	17.925108	347.45593	256.836	273.79562	14.697403	290.90448	220.65279	-49.56569	6.1363263	-35.94834	-67.76394	49.56569	6.1363263	67.76394	35.94834	-0.15305853	0.014609003	-0.124330185	-0.19685875	2494.412	625.87604	4591.9517	1292.2832	7.6680155	1.686036	13.285449	4.931641
39	39999	9303.849749088287	3253.8894	0.0	3253.8894	3253.8894	1000.0	3150.2349	0.0	3150.2349	3150.2349	1000.0	215.14607	70.771355	300.2903	-56.18645	13.071923	0.99199575	2.7450378	27.260681	-10.514013	-217.59537	0.14023328	0.0007564698	0.1418039	0.13893606	-0.015631959	1.0059687	0.80594957	7.7927923	5.364418e-07	320.48874	16.92054	346.00925	250.79742	314.6427	14.944609	333.3679	255.40881	273.81995	14.690616	291.43445	220.73929	-40.822746	5.768333	-27.933365	-58.01203	40.822746	5.768333	58.01203	27.933365	-0.12985167	0.017821118	-0.08975588	-0.17531021	1699.7703	486.34753	3365.3955	780.2729	5.3967943	1.4829304	10.170101	2.5071838
40	40999	9574.464977741241	3204.3867	0.0	3204.3867	3204.3867	1000.0	3262.5286	0.0	3262.5286	3262.5286	1000.0	217.47722	71.2129	302.29007	-58.049957	11.148832	0.9883584	2.7534668	25.85271	-11.69121	-219.88545	0.13871488	0.0008127596	0.1404698	0.13755292	-0.022941215	1.005983	0.8047468	7.289073	3.2782555e-06	289.29868	58.05489	357.1503	98.775856	279.53427	54.378407	340.8173	102.59834	278.65033	16.68191	297.82892	221.48804	-0.8839658	57.84111	188.99034	-56.931347	45.512077	35.707508	188.99034	0.014706579	0.060716365	0.35493404	1.8420409	-0.16815381	3346.3755	6158.7686	35717.348	0.00021628347	19.611069	49.96266	348.12793	7.376117e-07
41	41999	9843.93148612976	3297.422	0.0	3297.422	3297.422	1000.0	656.4872	0.0	656.4872	656.4872	223.0	220.08926	71.87759	303.20074	-62.191124	10.763595	0.98072314	2.7728748	25.802353	-11.965933	-222.44144	0.13538928	0.0012404309	0.13764957	0.1333986	-0.03848919	1.0018803	0.8067369	7.808418	4.5448542e-07	223.19998	82.04089	319.41733	3.3635113	215.76996	77.46613	306.0229	3.3635113	260.92038	47.159588	300.0017	-0.11572987	45.150387	83.09103	287.5142	-36.983627	62.72021	70.77324	287.5142	0.053554013	0.8906465	3.2766747	28.751421	-0.5490736	8942.677	16980.75	82664.414	0.0028680323	212.22272	886.68427	8266.441	1.2040607e-05
42	42999	10114.467064857483	2375.8835	25.205566	2401.089	2350.678	714.5	3355.8225	0.0	3355.8225	3355.8225	1000.0	222.83206	72.33592	306.1204	-64.81378	12.2835	0.98366714	2.776854	25.168056	-10.602402	-225.18204	0.13158114	0.0018600889	0.13412301	0.129194	-0.03305426	1.0015255	0.80724883	7.154602	1.3113022e-06	340.6778	22.026196	368.8447	256.68942	327.5945	19.514845	349.1049	258.68085	281.81708	16.647024	303.02448	222.3542	-45.77743	5.4248543	-34.2822	-60.587597	45.77743	5.4248543	60.587597	34.2822	-0.1396053	0.012726334	-0.11220416	-0.17522681	2125.0024	509.48227	3670.857	1175.2692	6.451214	1.3467274	10.541109	4.1939216
43	43999	10386.221588373184	3513.914	0.0	3513.914	3513.914	981.0	3411.4883	0.0	3411.4883	3411.4883	1000.0	224.72182	72.448425	307.6503	-59.117348	14.2618065	1.0015253	2.7896178	25.20488	-11.295659	-227.06749	0.13082883	0.00071145396	0.13207467	0.12941022	0.0031748991	0.9951984	0.8098953	6.872084	1.3709068e-06	347.3134	22.878172	372.1054	259.45068	335.56924	18.69894	355.6218	266.9478	279.8467	16.05243	303.42975	223.2342	-55.72256	5.4412527	-42.494164	-65.96347	55.72256	5.4412527	65.96347	42.494164	-0.16601476	0.012815675	-0.13198102	-0.19518666	3134.6106	598.06055	4351.1797	1805.7538	9.308866	1.5570607	12.87519	5.9372334
44	44999	10657.547335863113	3396.4646	0.0	3396.4646	3396.4646	1000.0	3302.4116	0.0	3302.4116	3302.4116	1000.0	226.7649	72.60672	308.5017	-62.543755	14.014399	0.99185616	2.7421021	24.630669	-10.023252	-229.00539	0.1294548	0.00088035053	0.13106282	0.12840015	-0.016593942	0.99002403	0.8064648	7.6544867	3.606081e-06	328.6288	21.110172	357.88446	249.49944	321.97348	19.109238	343.1648	255.8979	284.15878	18.132805	307.07288	223.70625	-37.81471	4.207067	-29.081923	-47.317345	37.81471	4.207067	47.317345	29.081923	-0.117607765	0.012409848	-0.08766053	-0.14555354	1447.6515	325.50546	2238.9312	845.7582	4.4914274	0.94759524	6.887207	2.5493367
45	45999	10929.19293165207	3399.6025	0.0	3399.6025	3399.6025	1000.0	3383.587	0.0	3383.587	3383.587	1000.0	229.05391	73.681	311.2063	-77.95463	13.4146595	1.0016711	2.74938	25.838154	-10.869654	-231.33487	0.12947184	0.00034936253	0.13006683	0.12849769	0.0034720602	0.99042356	0.8090921	7.584635	6.2584877e-07	341.1469	20.549105	358.79132	260.0095	333.51495	18.905197	354.44705	264.53806	288.96857	18.480865	308.10608	225.06958	-44.546375	3.4181633	-33.91078	-51.699333	44.546375	3.4181633	51.699333	33.91078	-0.13390115	0.011486465	-0.1014099	-0.16137843	1996.0634	301.92322	2672.821	1149.9412	5.99339	0.885649	8.248439	3.438889
46	46999	11201.368951320648	3399.672	0.0	3399.672	3399.672	1000.0	3340.7168	0.0	3340.7168	3340.7168	1000.0	232.06873	74.367935	314.44077	-70.93605	13.280379	1.008468	2.7630737	23.954437	-10.678232	-234.29094	0.12956043	0.0004831734	0.13070226	0.12858252	0.01732798	0.9893799	0.81082	8.71879	2.4437904e-06	338.9697	21.841253	359.24155	256.02386	333.05185	20.574497	352.91156	262.37485	292.09003	19.76346	310.63196	225.76762	-40.961823	2.792673	-31.900883	-48.11814	40.961823	2.792673	48.11814	31.900883	-0.12330707	0.009301361	-0.09332061	-0.14501648	1685.67	228.08424	2315.3555	1017.6664	5.066046	0.64008087	6.852173	2.9770098
47	47999	11472.311772108078	3417.3416	0.0	3417.3416	3417.3416	1000.0	3379.2185	0.0	3379.2185	3379.2185	1000.0	235.077	75.01761	317.38025	-92.99482	11.961491	0.98747414	2.761054	27.421415	-13.327854	-237.29	0.1299228	0.0006155828	0.13115019	0.12830052	-0.025555948	0.98703223	0.81066084	7.2131214	2.6226044e-06	341.48468	21.39949	361.80646	259.17557	333.29086	19.697134	352.04517	263.5114	291.2602	18.77134	311.2901	227.32089	-42.03071	3.803899	-29.444235	-49.431686	42.03071	3.803899	49.431686	29.444235	-0.12634245	0.011296739	-0.08781523	-0.15509896	1781.05	314.31128	2443.4917	866.9629	5.343137	0.87610215	7.5746207	2.5856524
48	48999	11746.677012681961	3387.6406	0.0	3387.6406	3387.6406	1000.0	3403.8474	0.0	3403.8474	3403.8474	1000.0	237.67242	75.42915	319.24954	-80.126625	10.937213	0.9970572	2.7449024	26.341198	-11.500324	-239.77258	0.12743732	0.00050791266	0.12853026	0.12667182	-0.006002532	0.9846895	0.81002706	7.4138503	2.026558e-06	345.0243	21.33765	366.03662	261.72037	335.82346	19.76402	355.57397	265.14255	293.84592	19.415869	314.49472	228.12495	-41.977516	3.7456994	-27.75625	-50.758743	41.977516	3.7456994	50.758743	27.75625	-0.12533756	0.012246118	-0.083259776	-0.15991011	1776.1421	307.90698	2576.45	770.4094	5.2970843	0.9026201	8.116837	2.3109794
49	49999	12022.181814432144	3401.225	0.0	3401.225	3401.225	1000.0	3393.515	0.0	3393.515	3393.515	1000.0	240.1671	75.936295	320.65997	-65.69191	11.187481	0.986628	2.7490275	25.146221	-12.566055	-242.3051	0.12675937	0.0009583991	0.12786606	0.12485864	-0.027621847	0.981145	0.8100013	7.855205	2.9206276e-06	342.61734	21.101683	362.71973	259.82605	336.0059	19.54866	354.53256	265.19196	294.29834	18.985342	315.69467	228.85652	-41.707535	4.2856355	-31.313042	-53.813656	41.707535	4.2856355	53.813656	31.313042	-0.12439662	0.012966425	-0.091818415	-0.15601982	1757.885	361.44986	2895.9094	980.5066	5.233921	1.0209022	8.395997	2.875114
50	50999	12297.013162612915	3398.556	0.0	3398.556	3398.556	1000.0	3311.7278	0.0	3311.7278	3311.7278	1000.0	242.56033	76.447464	323.06412	-82.92971	11.729559	0.99349064	2.7512445	24.268526	-10.498193	-244.70755	0.12397744	0.00048544534	0.124997586	0.1231373	-0.01352476	0.9801682	0.8105896	7.6333666	5.066395e-07	337.66287	20.484577	359.49573	256.61816	330.0891	19.632778	349.96008	259.97586	298.7994	20.720322	321.23627	228.99138	-31.28974	2.9195855	-22.596378	-39.05417	31.28974	2.9195855	39.05417	22.596378	-0.09534213	0.0124461185	-0.06665948	-0.13155565	987.5718	181.66206	1525.2281	510.59628	3.014622	0.64617234	4.6825457	1.507542
51	51999	12570.535064458847	3403.7725	0.0	3403.7725	3403.7725	1000.0	3400.4597	0.0	3400.4597	3400.4597	1000.0	245.43832	76.33102	324.36325	-82.63156	12.412894	0.99145794	2.7482886	22.790081	-11.489799	-247.5102	0.122744724	0.00077693426	0.12391487	0.121192575	-0.017863251	0.97787184	0.81124014	7.506789	3.5762787e-07	344.97058	22.307405	366.47034	259.18127	336.6633	20.096842	355.53656	264.9916	298.90482	19.900307	320.75235	230.36563	-37.758488	2.8316486	-29.189459	-45.204784	37.758488	2.8316486	45.204784	29.189459	-0.11251686	0.010121442	-0.08438758	-0.13243887	1433.7217	214.49654	2043.4724	852.0245	4.2687845	0.6411996	5.9868703	2.4632277
52	52999	12844.543745279312	3419.5305	0.0	3419.5305	3419.5305	1000.0	3469.1523	0.0	3469.1523	3469.1523	1000.0	247.5688	76.76034	325.15646	-112.80002	10.817376	0.9978123	2.7564695	23.431532	-11.135643	-249.64479	0.12163618	0.0003689172	0.12242705	0.120628916	-0.004554567	0.9785459	0.810321	7.7656727	1.937151e-07	349.59058	23.762358	377.57526	261.3681	336.1921	21.246586	359.43347	262.68076	299.4714	19.95441	324.3506	230.8541	-36.720726	3.1367245	-27.71236	-52.067467	36.720726	3.1367245	52.067467	27.71236	-0.10940407	0.008532238	-0.08171174	-0.15366572	1358.251	232.05614	2711.021	767.975	4.0354204	0.6002986	8.000984	2.2644253
53	53999	13118.560133218765	3422.4397	0.0	3422.4397	3422.4397	1000.0	3436.6555	0.0	3436.6555	3436.6555	1000.0	249.64203	76.86401	329.9431	-73.41116	10.580607	0.9932587	2.7278163	24.399696	-11.896763	-251.66103	0.12131879	0.000332042	0.12184884	0.120187625	-0.014206391	0.9750228	0.8083677	7.7654715	1.3113022e-06	344.79965	22.679289	363.04575	258.6669	335.501	21.238724	356.73273	260.6776	302.17728	20.349085	320.38303	232.26123	-33.323746	3.3681319	-24.839867	-44.40772	33.323746	3.3681319	44.40772	24.839867	-0.09953774	0.009942816	-0.07253579	-0.12846369	1121.8164	226.23396	1972.0454	617.019	3.3427832	0.6248968	5.704779	1.8017795
54	54999	13396.537184715271	3430.9895	0.0	3430.9895	3430.9895	1000.0	3457.8127	0.0	3457.8127	3457.8127	1000.0	251.90807	77.18846	330.52292	-55.834072	10.60999	0.9866101	2.741256	23.427784	-14.74723	-253.94975	0.11898285	0.0008094306	0.120254464	0.117316626	-0.028439961	0.97296584	0.80942196	7.7696843	2.3394823e-06	327.0763	57.900917	371.7411	30.372519	315.63617	55.306034	359.6253	30.085852	285.1549	48.90796	323.41873	31.237982	-30.481237	9.744334	1.1521304	-44.594048	30.486317	9.728429	44.594048	0.21088882	-0.09522261	0.025657995	0.03829476	-0.1383906	1024.0579	496.08505	1988.6289	0.04447409	3.1170049	1.3885506	5.928308	0.00042005497
55	55999	13673.315381765366	3423.7612	0.0	3423.7612	3423.7612	1000.0	3389.3838	0.0	3389.3838	3389.3838	1000.0	254.11072	77.018555	330.1305	-60.191135	10.197014	1.0023974	2.741975	22.75121	-10.496325	-256.0754	0.11789353	0.00044672468	0.119150005	0.11723345	0.005169883	0.9755874	0.81110716	8.731449	6.556511e-07	339.96783	21.271355	362.67307	257.9653	337.81577	21.755991	358.885	261.9989	306.39764	21.657135	328.107	234.03984	-31.418098	2.3115723	-24.9525	-39.529	31.418098	2.3115723	39.529	24.9525	-0.0933902	0.009137768	-0.072453484	-0.12136242	992.44025	145.07904	1562.5417	622.6272	2.9486077	0.46266195	4.5747285	1.8078955
56	56999	13951.006381034851	3449.7375	0.0	3449.7375	3449.7375	1000.0	3396.8306	0.0	3396.8306	3396.8306	1000.0	256.0417	76.91788	331.42752	-60.43498	9.438463	0.99130285	2.746407	25.449562	-9.495665	-258.0064	0.11652018	0.0008867936	0.118543744	0.1151255	-0.018573593	0.9712803	0.8096294	7.3791	3.0398369e-06	341.6117	21.581572	363.5921	258.84283	336.34482	20.590685	356.08774	263.14786	305.30554	20.33175	325.80145	234.382	-31.039276	3.1901722	-22.881607	-40.083363	31.039276	3.1901722	40.083363	22.881607	-0.09257125	0.010327946	-0.066681564	-0.11754249	973.61383	203.0655	1606.676	523.56793	2.8999321	0.5899775	4.6798906	1.5257814
57	57999	14226.61997795105	3443.33	0.0	3443.33	3443.33	1000.0	3454.928	0.0	3454.928	3454.928	1000.0	257.32678	77.28226	332.0505	-52.776066	9.794522	0.99544895	2.7509527	24.271683	-11.912602	-259.30713	0.11603732	0.0003858738	0.11680713	0.11524719	-0.009745327	0.97308934	0.8104587	7.6350694	4.172325e-07	346.5787	22.692434	369.02493	259.65353	336.77	21.209785	359.55048	261.52356	304.96857	20.476978	328.58344	234.40266	-31.801424	3.2375424	-23.819317	-44.24747	31.801424	3.2375424	44.24747	23.819317	-0.09464743	0.00967959	-0.06966277	-0.12967443	1021.8124	207.70433	1957.8387	567.35986	3.0344944	0.5791152	5.737766	1.6595156
58	58999	14503.025434732437	3445.3438	0.0	3445.3438	3445.3438	1000.0	3460.4033	0.0	3460.4033	3460.4033	1000.0	259.45227	77.117455	333.08548	-72.82653	9.071395	0.9824717	2.748599	25.074337	-10.154242	-261.38177	0.1146557	0.00090419035	0.116075866	0.112708144	-0.037984934	0.9690227	0.80861825	8.4787655	2.115965e-06	346.84744	22.833029	372.76578	260.60263	339.19354	21.662369	359.83063	262.23938	308.17264	21.121834	330.1735	235.72427	-31.020897	2.909413	-23.179129	-37.841652	31.020897	2.909413	37.841652	23.179129	-0.09171737	0.009325732	-0.06650291	-0.12118611	970.76074	179.72104	1431.9906	537.27203	2.8656738	0.5221993	4.149586	1.5414793
59	59999	14781.24069571495	3433.717	0.0	3433.717	3433.717	1000.0	3462.6248	0.0	3462.6248	3462.6248	1000.0	261.30603	76.842026	336.25592	-67.42283	9.737709	0.98998487	2.7564468	23.94426	-13.654673	-263.20157	0.11227809	0.00060825446	0.11333859	0.11077262	-0.02190936	0.9666033	0.80906904	8.741636	8.940697e-08	346.89023	22.595905	366.94946	258.77957	338.48993	21.121243	359.178	264.57272	307.4228	20.535711	326.71613	236.18399	-31.067135	2.6134808	-23.466274	-36.986343	31.067135	2.6134808	36.986343	23.466274	-0.09203667	0.008414258	-0.06823691	-0.11332147	971.99713	162.06831	1367.9897	550.6661	2.8746948	0.45461178	3.9728243	1.601266
60	60999	15058.844761371613	3456.3755	0.0	3456.3755	3456.3755	1000.0	3469.0833	0.0	3469.0833	3469.0833	1000.0	262.84024	76.91525	336.15173	-65.22332	8.944295	0.99605495	2.7538843	26.15686	-12.031286	-264.67206	0.11066549	0.00053262664	0.11165816	0.109777465	-0.00863794	0.9684539	0.8082077	7.8687406	3.2186508e-06	347.09912	22.691467	368.6783	261.12305	339.95776	21.884056	361.676	264.2826	310.57455	21.661413	331.94156	236.37622	-29.383173	2.3231595	-22.740028	-35.43006	29.383173	2.3231595	35.43006	22.740028	-0.08676782	0.008547464	-0.06489858	-0.11851858	868.768	136.2439	1255.2893	517.1089	2.5632029	0.41081518	3.805398	1.4757955
61	61999	15338.756692409515	3438.7188	0.0	3438.7188	3438.7188	1000.0	3462.8247	0.0	3462.8247	3462.8247	1000.0	264.1972	76.77325	337.59387	-66.60948	9.867435	0.9872621	2.749611	24.810282	-11.188549	-266.03683	0.10879745	0.00051649474	0.110108025	0.1079917	-0.028191041	0.9615556	0.8066025	7.4222	6.2584877e-07	346.8234	22.794573	365.9932	261.22714	338.9184	21.336584	360.66397	263.1532	309.32343	20.641026	328.06598	237.00346	-29.594969	2.3521273	-23.275843	-34.76825	29.594969	2.3521273	34.76825	23.275843	-0.08754579	0.007378534	-0.067013994	-0.109373055	881.39465	138.57256	1208.8312	541.76483	2.602256	0.37867123	3.514239	1.5642825
62	62999	15617.251937627792	3453.3752	0.0	3453.3752	3453.3752	1000.0	3441.586	0.0	3441.586	3441.586	1000.0	265.67682	76.92668	337.3297	-50.59879	8.707775	0.9926004	2.7683542	26.81806	-12.372257	-267.48694	0.107550435	0.0004602259	0.10842099	0.10645469	-0.016471678	0.9670293	0.8075524	10.384787	1.2293458e-07	346.0385	21.761084	366.6383	261.99942	337.70847	20.42429	356.66974	263.58762	308.77155	20.258444	329.02118	237.08337	-28.93691	2.5468917	-20.58658	-35.568985	28.93691	2.5468917	35.568985	20.58658	-0.085976675	0.008786196	-0.059141662	-0.10994201	843.8314	146.66406	1265.1526	423.8073	2.504894	0.43357202	3.7131748	1.2175245
63	63999	15898.869495153427	3454.0188	0.0	3454.0188	3454.0188	1000.0	3444.2769	0.0	3444.2769	3444.2769	1000.0	267.69525	76.361244	338.84158	-56.56727	8.02963	0.9934599	2.7802958	25.010357	-9.668726	-269.47525	0.10510928	0.0006630957	0.10665257	0.10386377	-0.014592472	0.9628517	0.8067881	7.520459	2.9802322e-07	345.8064	21.697918	368.4935	261.45215	337.2777	21.438654	361.19104	262.44666	309.95627	20.63287	331.68057	237.20845	-27.321411	2.773443	-20.775272	-35.09862	27.321411	2.773443	35.09862	20.775272	-0.081177615	0.008089028	-0.060067587	-0.10508526	754.15155	154.28601	1231.9133	431.61197	2.235034	0.41992542	3.573889	1.2479205
64	64999	16182.033991098404	3457.034	0.0	3457.034	3457.034	1000.0	3470.889	0.0	3470.889	3470.889	1000.0	268.3167	76.73343	339.33453	-51.484245	8.539244	0.9917581	2.7816787	27.882755	-10.906979	-270.0717	0.10439902	0.00066739414	0.10578509	0.10340577	-0.018539773	0.95988804	0.8060601	8.249693	2.9802322e-08	347.11874	21.946636	366.2392	262.6368	341.42053	20.695583	360.10376	267.44977	312.51788	21.931469	333.44382	236.23807	-28.902607	3.2478836	-18.385607	-37.12062	28.902607	3.2478836	37.12062	18.385607	-0.085206576	0.012702338	-0.0529708	-0.12082065	845.90955	183.66512	1377.9403	338.03055	2.4992037	0.61470306	3.9418638	0.9739003
65	65999	16464.865047454834	3447.845	0.0	3447.845	3447.845	1000.0	3471.9524	0.0	3471.9524	3471.9524	1000.0	270.26764	76.17833	339.79434	-49.7333	7.2808642	0.98361975	2.774608	25.568115	-10.248594	-272.01904	0.102564685	0.0009545944	0.10404423	0.10106509	-0.037209615	0.95777035	0.80551916	8.06807	3.8407743e-06	350.4393	22.546614	372.33154	262.91364	336.13635	18.768415	355.75003	264.08112	302.28268	19.266624	330.72015	238.37854	-33.85363	9.409003	-19.958927	-62.928394	33.85363	9.409003	62.928394	19.958927	-0.100713745	0.026919717	-0.057743277	-0.1857988	1234.5977	744.3746	3959.9827	398.3588	3.6577916	2.1470766	11.692019	1.1524938
66	66999	16746.962205410004	3448.1853	0.0	3448.1853	3448.1853	1000.0	3485.7363	0.0	3485.7363	3485.7363	1000.0	271.53058	76.13757	341.0499	-46.22408	7.713647	0.99113995	2.7699716	28.207134	-10.270619	-273.20026	0.1013493	0.0006621151	0.10235293	0.099965	-0.0202841	0.9585809	0.805593	7.856273	1.9073486e-06	347.35147	22.74984	372.89114	261.58627	340.65445	21.508875	362.60828	264.86298	312.71576	21.392897	337.54935	238.3356	-27.938665	2.962924	-20.691887	-36.17316	27.938665	2.962924	36.17316	20.691887	-0.08232144	0.009977117	-0.05856769	-0.113269694	789.3481	166.8707	1308.4974	428.15424	2.323992	0.50020653	3.7442486	1.2118762
67	67999	17028.635083436966	3457.9158	0.0	3457.9158	3457.9158	1000.0	3468.5215	0.0	3468.5215	3468.5215	1000.0	273.02914	76.178375	341.489	-57.575764	7.0965915	1.0020752	2.783145	23.718006	-9.530253	-274.75967	0.099390075	0.0004903665	0.10023459	0.09837148	0.004826208	0.9563162	0.8069638	7.8640146	3.427267e-07	346.77625	22.969772	365.54987	260.68344	339.0397	22.36996	360.33597	263.22668	316.5163	22.791668	335.39203	238.90202	-22.523392	3.0053015	-12.9696	-30.682377	22.523392	3.0053015	30.682377	12.9696	-0.06681988	0.010567351	-0.03772856	-0.093414046	516.335	132.7812	941.40826	168.21051	1.5326104	0.41372672	2.7275405	0.4893243
68	68999	17311.674743890762	3450.9465	0.0	3450.9465	3450.9465	1000.0	3492.3154	0.0	3492.3154	3492.3154	1000.0	274.456	75.647224	342.1141	-56.651222	6.7890244	0.9886995	2.7791464	25.44769	-10.224482	-276.08167	0.09931633	0.00040935425	0.100291125	0.098686665	-0.026022831	0.9535472	0.8058838	8.980392	2.875924e-06	348.2708	22.717785	369.24393	262.60876	340.9228	21.49566	361.0565	266.49704	316.25607	22.264523	337.40106	239.19604	-24.666765	2.7267518	-16.467552	-31.678719	24.666765	2.7267518	31.678719	16.467552	-0.07281237	0.010668853	-0.046985008	-0.10804948	615.88446	133.65729	1003.54114	271.18027	1.8211231	0.44554025	3.1370206	0.773728
69	69999	17596.45812034607	3463.5266	0.0	3463.5266	3463.5266	1000.0	3478.809	0.0	3478.809	3478.809	1000.0	275.33057	76.14819	342.60596	-62.84407	7.8354263	1.0069151	2.773768	24.532593	-11.370586	-277.054	0.09979867	0.0006398687	0.100956425	0.09858801	0.016020965	0.9523829	0.80563927	7.997649	4.172325e-07	346.71796	22.010645	368.57944	261.48474	340.4739	20.349043	360.99707	265.95963	313.70685	20.946953	336.59442	240.39961	-26.767035	2.923638	-17.669676	-36.26926	26.767035	2.923638	36.26926	17.669676	-0.07900689	0.010564159	-0.050768584	-0.1056916	725.0218	154.36357	1315.4594	312.21744	2.1413996	0.4839814	3.8333561	0.8970644
70	70999	17883.590735673904	3450.8809	0.0	3450.8809	3450.8809	1000.0	3466.4663	0.0	3466.4663	3466.4663	1000.0	276.93912	75.220604	343.02042	-71.629776	6.4388037	0.99466586	2.773607	26.606773	-10.64168	-278.59534	0.09907044	0.00048217023	0.100034	0.09829761	-0.0122625185	0.95530325	0.80773103	9.272385	6.735325e-06	291.22473	86.222626	368.1346	3.5505724	283.5854	83.64642	359.61612	3.5505724	306.9884	21.683142	334.86356	241.73279	23.403023	78.02796	286.63196	-38.343246	55.754482	59.392773	286.63196	10.89956	0.5134638	2.4257042	28.663195	-0.11337754	6636.064	14325.896	82157.875	118.80041	125.47782	642.35803	8215.788	0.5142574
71	71999	18168.79791545868	3479.698	0.0	3479.698	3479.698	1000.0	3495.8042	0.0	3495.8042	3495.8042	1000.0	277.6256	75.67231	343.1721	-43.502087	7.0577555	0.9842809	2.7781465	25.844196	-10.818445	-279.325	0.09798497	0.0008641299	0.09915699	0.09656985	-0.036509003	0.9557528	0.8080959	8.115449	2.682209e-07	348.58585	23.105537	374.39462	261.704	342.06412	22.345694	364.0901	265.15775	316.37146	21.831228	340.8706	242.22258	-25.692606	2.2115033	-20.036186	-33.817024	25.692606	2.2115033	33.817024	20.036186	-0.07533422	0.0069863414	-0.05584015	-0.100473404	665.0008	114.622185	1143.5912	401.44876	1.9463208	0.3184011	3.3977118	1.1209309
72	72999	18454.17310142517	3453.5386	0.0	3453.5386	3453.5386	1000.0	3505.4614	0.0	3505.4614	3505.4614	1000.0	279.1031	75.08099	343.43515	-43.898525	6.4274755	0.99369824	2.772996	25.527325	-10.701132	-280.7119	0.09634061	0.0006124829	0.09696573	0.094884865	-0.014721404	0.9523971	0.80726427	8.334978	4.61936e-07	350.09848	22.514692	374.31418	263.39148	339.63663	21.181389	362.7218	263.20407	313.8458	20.275505	339.68082	241.75046	-25.79082	4.8895526	-15.690869	-48.446148	25.79082	4.8895526	48.446148	15.690869	-0.075973816	0.013590582	-0.045282174	-0.14215131	689.07404	285.43478	2347.0293	246.20338	2.0218828	0.80254906	6.886684	0.7105167
73	73999	18736.262130260468	3460.203	0.0	3460.203	3460.203	1000.0	3474.6345	0.0	3474.6345	3474.6345	1000.0	280.11423	74.85729	343.69403	-77.627464	6.5270743	0.9828562	2.7760766	25.541489	-9.994622	-281.72336	0.09428336	0.0012028941	0.09610401	0.09245904	-0.04043307	0.9518259	0.8080293	7.867548	1.5795231e-06	347.55646	22.611729	370.22275	262.4012	340.76007	21.158577	360.3112	262.7713	316.51828	20.746643	336.65228	241.54117	-24.241795	3.0213008	-17.292595	-31.414576	24.241795	3.0213008	31.414576	17.292595	-0.071327075	0.00919465	-0.049082536	-0.10343616	596.79285	145.69286	986.87555	299.0338	1.7528502	0.41811433	2.8970249	0.8487644
74	74999	19021.306354284286	3480.8875	0.0	3480.8875	3480.8875	1000.0	3483.5867	0.0	3483.5867	3483.5867	1000.0	281.3069	74.50924	344.10382	-43.655617	6.4635916	0.996909	2.7677302	24.468952	-9.846113	-282.85614	0.0935741	0.0005856938	0.0945202	0.09243682	-0.007288866	0.95268416	0.8067186	7.777026	2.115965e-06	346.45987	22.172094	370.29733	261.13892	339.1674	21.613726	360.771	264.2785	315.55002	20.774984	338.7936	242.1552	-23.617317	3.3773668	-14.799717	-33.2119	23.617317	3.3773668	33.2119	14.799717	-0.06973405	0.009583841	-0.0451663	-0.09970052	569.18427	156.22873	1103.0302	219.03163	1.6753746	0.43379688	3.3112433	0.6976634
75	75999	19307.071038007736	923.22577	0.0	923.22577	923.22577	307.0	3491.414	0.0	3491.414	3491.414	1000.0	282.14227	74.298294	343.23138	-59.19728	6.9567275	1.0418296	2.7574232	26.246857	-10.9000635	-283.71732	0.09444958	0.0022832793	0.098496266	0.09161958	0.09835512	0.95338583	0.805163	7.4402337	6.556511e-07	347.91452	22.288233	371.83194	262.9967	339.81293	20.57335	360.05347	265.47656	317.25552	20.783276	339.6813	242.18057	-22.557396	2.9781477	-13.634365	-31.297264	22.557396	2.9781477	31.297264	13.634365	-0.066661745	0.0098413285	-0.039560825	-0.09466138	517.7055	135.64398	979.5188	185.8959	1.5295199	0.40613353	2.8055992	0.53938675
76	76999	19595.064356565475	3462.8806	0.0	3462.8806	3462.8806	1000.0	3486.123	0.0	3486.123	3486.123	1000.0	282.61465	74.15158	343.5782	-44.128895	7.3961434	0.9956622	2.7346506	26.651342	-12.353463	-284.1986	0.09896185	0.00071714376	0.100198865	0.09773992	-0.010019297	0.9485525	0.79994166	7.4878607	3.5762787e-07	348.19833	22.418835	372.48444	262.40778	341.77576	21.578806	362.3733	266.25027	316.88647	21.205593	338.66925	241.09268	-24.889263	2.6155396	-18.41153	-32.37459	24.889263	2.6155396	32.37459	18.41153	-0.07304756	0.008236952	-0.052177098	-0.0944885	626.3164	131.16956	1048.1141	338.98444	1.8352195	0.37174857	2.958071	0.96821314
77	77999	19882.695455551147	3473.2148	0.0	3473.2148	3473.2148	1000.0	3486.6504	0.0	3486.6504	3486.6504	1000.0	282.94702	73.93492	343.7513	-52.043118	6.716588	0.98382914	2.7506301	29.278767	-13.300753	-284.52362	0.0967281	0.0006482583	0.09789711	0.09525244	-0.037753914	0.94529086	0.8004937	9.631084	7.301569e-07	347.19376	22.103662	368.46976	263.02008	338.01297	21.215847	359.84106	263.65628	320.0901	22.29151	339.1223	240.8095	-17.92289	5.0594277	0.53990775	-28.6008	17.923948	5.0556693	28.6008	0.016874705	-0.053389773	0.015999513	0.0016018673	-0.08994482	346.82773	150.21573	818.0058	0.00028475566	1.0347674	0.46196014	2.3894205	8.4209404e-07
78	78999	20169.14311647415	3442.744	0.0	3442.744	3442.744	1000.0	3482.2583	0.0	3482.2583	3482.2583	1000.0	283.6652	73.271645	344.34048	-48.902645	6.5682893	1.0065787	2.7733285	25.544605	-11.113638	-285.16406	0.09618072	0.00059136975	0.0976978	0.09527376	0.015497052	0.95223314	0.80317366	8.981829	3.2782555e-07	322.0909	67.550064	368.40768	4.3487406	315.8395	65.29987	359.88266	4.3487406	317.62076	22.561064	338.07904	241.73788	1.7812554	64.20907	331.789	-31.138735	38.735992	51.239635	331.789	8.382695	0.23424046	1.9041742	33.1789	-0.09437979	4125.9775	13867.077	110083.95	70.26958	77.161	604.3817	11008.3955	0.30094278
79	79999	20457.672365903854	3466.69	0.0	3466.69	3466.69	1000.0	3477.3486	0.0	3477.3486	3477.3486	1000.0	284.52914	72.94084	343.73898	-51.098263	6.2978964	0.97691613	2.7595098	26.159138	-10.096921	-286.0296	0.0935802	0.0010502342	0.09633421	0.092081256	-0.05437474	0.9495048	0.80130506	8.428602	2.30968e-06	346.43674	21.901436	364.52246	261.95795	338.89786	20.793644	359.65146	264.96762	318.73944	21.598446	337.38583	241.18591	-20.158392	3.2109423	-11.529119	-28.540403	20.158392	3.2109423	28.540403	11.529119	-0.059862856	0.011190143	-0.03331579	-0.09635292	416.67096	126.26844	814.55457	132.92058	1.2396431	0.40156323	2.4778945	0.3841017
80	80999	20747.92429804802	3476.1104	0.0	3476.1104	3476.1104	1000.0	3479.8042	0.0	3479.8042	3479.8042	1000.0	285.11682	73.22411	343.8306	-91.69927	6.511253	0.99079716	2.7671885	25.01442	-10.299844	-286.59937	0.09191309	0.0004731265	0.09290181	0.0911694	-0.021887535	0.9485607	0.80177176	9.480743	5.9604645e-08	345.59418	21.851793	372.6511	262.59683	338.57993	20.751682	362.23273	266.06232	316.98315	20.986734	340.48206	241.91911	-21.596773	2.4893982	-13.092365	-27.963348	21.596773	2.4893982	27.963348	13.092365	-0.064084016	0.008847865	-0.03796026	-0.09251976	472.61768	104.36509	781.94885	171.41003	1.4027662	0.32785824	2.285715	0.4969896
81	81999	21041.940950870514	2728.7197	0.0	2728.7197	2728.7197	795.0	3477.514	0.0	3477.514	3477.514	1000.0	285.68228	72.44744	344.21927	-82.60001	8.735258	1.0064708	2.784365	27.053474	-12.285755	-287.16824	0.09223726	0.000235902	0.09264634	0.091445826	0.015488899	0.9533396	0.8068572	8.011269	1.6093254e-06	345.75082	21.660473	367.9391	262.248	339.72217	20.327925	362.0565	265.99854	316.86554	21.16499	339.03705	241.87895	-22.856615	3.00163	-14.049181	-28.169483	22.856615	3.00163	28.169483	14.049181	-0.067678586	0.010891949	-0.040874276	-0.10080399	531.43463	133.14221	793.5198	197.37949	1.5763409	0.43243444	2.7654252	0.5742501
82	82999	21330.208015680313	3474.484	0.0	3474.484	3474.484	1000.0	3462.573	0.0	3462.573	3462.573	1000.0	286.10593	72.33194	344.12207	-62.14111	8.418774	0.99755687	2.7807746	26.179523	-10.231932	-287.55084	0.09243554	0.0003402846	0.09298753	0.0916388	-0.0057719164	0.949231	0.80459315	9.415388	2.9802322e-07	348.1869	23.022768	369.47375	261.65396	340.6766	22.5289	361.25018	264.2704	320.1666	22.83482	340.50668	241.33781	-20.50997	2.8148894	-12.640835	-28.139872	20.50997	2.8148894	28.139872	12.640835	-0.06053902	0.009613578	-0.03596986	-0.08806057	428.58252	115.00613	791.85236	159.7907	1.265228	0.34976372	2.2831874	0.45468906
83	83999	21618.645245313644	3459.4517	0.0	3459.4517	3459.4517	1000.0	3477.7075	0.0	3477.7075	3477.7075	1000.0	286.59064	72.468346	344.63162	-95.00704	6.826349	0.99079984	2.7842987	26.369976	-12.119992	-288.0226	0.091504686	0.00042932812	0.09221146	0.0906726	-0.021961883	0.9474734	0.80533314	8.044422	1.0952353e-06	348.31598	22.022804	368.0921	263.44937	339.8262	21.159323	360.01627	264.0939	320.08167	22.026052	341.02057	242.22525	-19.74455	3.6478465	-10.626798	-27.527641	19.74455	3.6478465	27.527641	10.626798	-0.058489107	0.012312044	-0.030647848	-0.0966017	403.154	141.64156	757.77106	112.928825	1.1965739	0.4439305	2.557074	0.32568848
84	84999	21910.921228647232	3478.763	0.0	3478.763	3478.763	1000.0	3488.473	0.0	3488.473	3488.473	1000.0	287.73706	71.94296	343.9874	-68.36306	6.574571	0.9780409	2.7797477	27.736923	-10.8978615	-289.16782	0.08916087	0.0013870912	0.09109101	0.087223254	-0.053001273	0.9428461	0.8044108	10.802601	4.4703484e-06	346.9618	21.69344	370.27646	263.0979	339.2941	20.398155	359.01065	263.02142	316.67538	20.723646	338.581	241.75395	-22.618761	2.4603496	-15.144289	-29.555431	22.618761	2.4603496	29.555431	15.144289	-0.06696979	0.008822538	-0.043702394	-0.094315976	517.6617	110.85267	873.5235	229.34949	1.5333221	0.3489534	2.546242	0.66184163
85	85999	22203.07546019554	3480.8076	0.0	3480.8076	3480.8076	1000.0	3478.8152	0.0	3478.8152	3478.8152	1000.0	288.3445	71.840416	344.89804	-51.55748	6.899914	0.9957481	2.8014708	26.190859	-10.952146	-289.69327	0.08777757	0.00029671568	0.08837743	0.08696684	-0.010317475	0.9474984	0.8072252	8.559002	4.7683716e-07	348.64612	22.075571	368.8225	262.3051	337.54126	20.210415	358.7192	264.14813	313.0481	20.678675	337.12442	241.55148	-24.49317	7.3115244	-11.890412	-51.091087	24.49317	7.3115244	51.091087	11.890412	-0.072685	0.021376424	-0.034574874	-0.15202364	653.3738	431.0399	2610.299	141.3819	1.9330301	1.2562009	7.7670527	0.4111095
86	86999	22495.094529628754	3474.9531	0.0	3474.9531	3474.9531	1000.0	3513.173	0.0	3513.173	3513.173	1000.0	289.37863	71.70658	345.25574	-47.713303	7.644627	0.9889854	2.805587	26.74255	-11.203001	-290.7946	0.08643178	0.0007543705	0.08730612	0.08506702	-0.02692505	0.947482	0.8083691	9.746343	4.4703484e-08	349.75357	22.010971	369.0825	264.71558	340.62802	20.468931	360.66415	265.8102	318.74286	21.308216	338.364	241.34702	-21.885216	2.569744	-14.953584	-29.159302	21.885216	2.569744	29.159302	14.953584	-0.064654775	0.009861031	-0.04323077	-0.09575084	485.56625	112.34539	850.2649	223.60966	1.4374127	0.37178323	2.4897635	0.64645493
87	87999	22784.12105989456	3480.8906	0.0	3480.8906	3480.8906	1000.0	3508.8438	0.0	3508.8438	3508.8438	1000.0	290.31064	71.527435	347.2702	-59.15079	6.288952	0.99891126	2.7972677	24.735497	-10.624527	-291.6808	0.08630803	0.00057841634	0.087299004	0.0849724	-0.0026179275	0.9467883	0.8086888	10.351532	8.195639e-08	348.55368	22.255886	369.19412	263.11716	343.2734	21.177843	364.39877	267.48926	322.02536	22.7833	344.315	242.25671	-21.248009	3.244966	-12.298852	-27.845726	21.248009	3.244966	27.845726	12.298852	-0.062458023	0.0124285165	-0.03569688	-0.10150129	462.00778	135.77359	775.38446	151.26176	1.3646734	0.46458542	2.784692	0.43903065
88	88999	23075.161400556564	3471.0498	0.0	3471.0498	3471.0498	1000.0	3509.3171	0.0	3509.3171	3509.3171	1000.0	291.11478	71.32843	345.9888	-60.315716	6.2990303	0.98364794	2.7927403	25.335758	-13.060106	-292.47333	0.084041044	0.0008953936	0.085491635	0.082939185	-0.040370457	0.94070494	0.8061416	8.550989	5.9604645e-08	350.18723	22.3738	370.00165	264.26868	342.3784	21.021553	363.52	267.21652	320.45834	21.69494	340.62128	241.75302	-21.920046	2.9853067	-12.664945	-27.849796	21.920046	2.9853067	27.849796	12.664945	-0.06440451	0.010748928	-0.03585567	-0.102825426	489.40048	128.56279	775.61115	160.40082	1.4404397	0.4165294	2.8572493	0.45411006
89	89999	23372.09683561325	3463.0132	0.0	3463.0132	3463.0132	1000.0	3507.0054	0.0	3507.0054	3507.0054	1000.0	291.65204	71.32248	346.99323	-36.71904	5.5686865	0.9889344	2.8127134	28.514927	-10.823821	-292.98694	0.083106354	0.0004907045	0.08374396	0.0819253	-0.027551303	0.9440323	0.81045115	7.874725	1.9669533e-06	349.99854	22.854937	371.6191	263.3725	340.6022	21.46656	362.6302	264.2935	321.81143	22.358902	344.47324	243.05765	-18.790808	2.65058	-11.457328	-24.002678	18.790808	2.65058	24.002678	11.457328	-0.05558384	0.009998424	-0.032268763	-0.088537276	360.12006	97.26045	576.12854	131.27036	1.06846	0.3269289	2.110293	0.36971378
90	90999	23668.35085964203	3467.1929	0.0	3467.1929	3467.1929	1000.0	3521.7346	0.0	3521.7346	3521.7346	1000.0	292.18924	71.11255	347.42288	-45.18422	6.630784	1.0046189	2.8325849	27.887215	-10.763188	-293.59268	0.082586184	0.00026093022	0.083039895	0.081909016	0.011584702	0.9438644	0.81107426	8.383772	4.7683716e-07	352.84076	22.527925	370.31705	264.71628	344.72223	20.679453	365.3478	267.61984	320.65643	21.300577	339.80954	242.55545	-24.065815	2.958965	-14.318818	-33.958473	24.065815	2.958965	33.958473	14.318818	-0.0701885	0.010584298	-0.04070447	-0.11285908	587.91895	140.11238	1153.1779	205.02855	1.7166662	0.44436523	3.4825025	0.5828399
91	91999	23967.076231479645	3499.6587	0.0	3499.6587	3499.6587	1000.0	3513.7812	0.0	3513.7812	3513.7812	1000.0	293.01248	70.64943	347.97885	-47.288044	6.7588224	0.9898509	2.821141	27.301477	-14.124586	-294.33054	0.08233847	0.00046750333	0.082950816	0.081084184	-0.025366936	0.94145674	0.8091626	8.711179	4.3660402e-06	351.0311	22.435215	370.5989	264.98407	343.3485	21.665424	364.3938	266.68948	320.76697	21.710585	341.32318	242.78958	-22.581528	2.5463114	-15.696921	-29.204515	22.581528	2.5463114	29.204515	15.696921	-0.066055484	0.008717249	-0.044764526	-0.09161739	516.40906	113.36256	852.90375	246.39334	1.5100205	0.3415385	2.4338782	0.70266527
92	92999	24263.437465906143	3487.5535	0.0	3487.5535	3487.5535	1000.0	3518.7744	0.0	3518.7744	3518.7744	1000.0	293.43466	70.87415	346.92166	-43.784275	5.762302	0.9880949	2.8223865	26.67918	-12.00293	-294.765	0.08035236	0.0005391215	0.081412464	0.079669505	-0.029952476	0.9407908	0.80962795	8.551171	4.9155205e-06	351.54388	23.306168	373.55798	263.32733	345.20267	22.02866	365.7321	266.18143	322.69095	22.332344	341.93787	242.96814	-22.511696	2.652767	-16.072119	-27.45001	22.511696	2.652767	27.45001	16.072119	-0.06555899	0.00947751	-0.045339014	-0.097662866	513.8137	117.63151	753.503	258.313	1.4971545	0.36834195	2.5914915	0.728694
93	93999	24557.775777816772	3476.4927	0.0	3476.4927	3476.4927	1000.0	3499.028	0.0	3499.028	3499.028	1000.0	294.06512	70.57131	348.21857	-50.46644	5.9582667	0.9924577	2.8500848	29.983109	-9.981903	-295.3772	0.07941177	0.00035606688	0.079999216	0.07864784	-0.01907863	0.9427399	0.81354064	11.07786	1.1026859e-06	347.93732	22.040852	372.4951	263.50452	339.366	21.078411	365.5778	264.71802	320.4618	21.516651	342.35123	243.38547	-18.904234	3.0474837	-9.1141205	-26.305916	18.904234	3.0474837	26.305916	9.1141205	-0.05600585	0.010141102	-0.02641927	-0.08284513	366.65723	111.55072	692.0012	83.067184	1.0868334	0.34089237	1.9846905	0.24078842
94	94999	24854.306455373764	3502.1973	0.0	3502.1973	3502.1973	1000.0	3519.7139	0.0	3519.7139	3519.7139	1000.0	294.79977	70.3711	348.94022	-50.184338	5.4205656	1.0056707	2.8337572	28.879751	-10.829685	-296.13586	0.07881671	0.00021216698	0.079382464	0.07833705	0.014438959	0.9434171	0.8104392	10.283152	3.5762787e-06	352.58893	23.545425	373.51904	264.01224	341.9166	22.241058	364.521	264.27722	323.784	22.682983	343.5998	243.50362	-18.132626	3.616212	-9.996681	-24.223652	18.132626	3.616212	24.223652	9.996681	-0.05334366	0.01160759	-0.028727544	-0.0838866	341.8691	129.44121	586.78534	99.93363	1.0061121	0.38887644	1.9030511	0.2871801
95	95999	25151.412286043167	3487.7192	0.0	3487.7192	3487.7192	1000.0	3509.4834	0.0	3509.4834	3509.4834	1000.0	295.0518	70.21235	348.7898	-47.91385	6.520537	0.99874973	2.8388884	26.336845	-9.986935	-296.3268	0.08011409	0.0008670755	0.08189052	0.07900469	-0.0030036622	0.94194824	0.8093272	7.664146	3.3210963e-06	351.8786	23.298159	370.74707	263.9579	341.76654	21.123066	360.66995	266.10638	322.82205	22.158287	338.9666	242.48418	-18.944513	2.9288032	-11.965264	-25.80892	18.944513	2.9288032	25.80892	11.965264	-0.05586098	0.010908145	-0.034263156	-0.09607874	367.47244	109.039314	666.10034	143.16756	1.0876604	0.36929458	2.4796884	0.41164866
96	96999	25445.87081551552	3488.443	0.0	3488.443	3488.443	1000.0	3453.9365	0.0	3453.9365	3453.9365	1000.0	295.3576	70.421745	348.513	-56.77864	6.072335	0.98210704	2.8129802	27.179447	-10.890773	-296.63504	0.07797232	0.000903155	0.07928337	0.07645374	-0.045532126	0.94176066	0.8074534	9.677904	1.1175871e-06	326.71698	44.1122	368.62268	141.61736	321.32196	41.317825	363.00818	150.19026	326.46094	24.07908	347.74985	243.87857	5.13901	42.128452	196.09422	-24.354534	25.182558	34.162186	196.09422	0.011442304	0.037925206	0.20563133	1.3056388	-0.078329556	1801.216	5408.63	38452.945	0.00013092632	8.655474	30.470444	256.02823	4.1484296e-07
97	97999	25742.595879793167	3498.5964	0.0	3498.5964	3498.5964	1000.0	3529.894	0.0	3529.894	3529.894	1000.0	296.3046	70.07725	349.73117	-36.76531	5.205642	0.9996733	2.826452	27.91566	-11.899134	-297.5865	0.07775455	0.0002535878	0.07820875	0.07716193	-0.0007919731	0.94160444	0.8088003	8.669968	2.9802322e-08	352.40726	23.534529	372.09848	263.31992	344.80835	21.2877	365.31326	268.35947	324.37045	22.67656	343.16937	243.60161	-20.43791	3.17519	-10.887732	-27.32394	20.43791	3.17519	27.32394	10.887732	-0.059781734	0.011902384	-0.03111224	-0.100621685	427.79004	126.56532	746.5978	118.542694	1.2568561	0.4280268	2.7423375	0.33874172
98	98999	26038.551112413406	3486.3518	0.0	3486.3518	3486.3518	1000.0	3525.5667	0.0	3525.5667	3525.5667	1000.0	297.13513	69.83775	349.90305	-39.832977	5.095665	0.98365426	2.8420537	30.198439	-10.754932	-298.3623	0.07575748	0.0008009445	0.077229194	0.07431619	-0.04203278	0.94015366	0.8110695	10.026199	5.029142e-06	352.78467	24.418125	374.71838	262.88812	341.92117	22.297743	364.096	264.00476	326.24493	23.363276	346.48538	244.19868	-15.676194	3.0002544	-8.903425	-22.616446	15.676194	3.0002544	22.616446	8.903425	-0.046275284	0.010736472	-0.025239509	-0.084244974	254.74464	94.02529	511.50363	79.27099	0.7554984	0.31049708	1.8925701	0.22471808
99	99999	26336.69659781456	3509.474	0.0	3509.474	3509.474	1000.0	3520.641	0.0	3520.641	3520.641	1000.0	297.75922	69.47638	349.65005	-66.52758	5.864767	0.9975047	2.8327365	27.833277	-11.371559	-299.00974	0.07519109	0.00017325467	0.075540796	0.074756935	-0.006412788	0.93694717	0.8110984	17.534678	1.7285347e-06	351.691	23.25209	371.8137	264.043	343.16364	21.96733	363.06525	265.36108	326.14426	23.381767	345.6389	243.36958	-17.019379	3.2124403	-9.089904	-29.729637	17.019379	3.2124403	29.729637	9.089904	-0.05009953	0.011752576	-0.025836125	-0.104307555	299.97906	107.823784	883.8513	82.62635	0.8881331	0.36273336	3.1010258	0.23572645
100	100999	26634.913647413254	3497.527	0.0	3497.527	3497.527	1000.0	3512.3228	0.0	3512.3228	3512.3228	1000.0	298.43942	69.57057	351.1777	-69.24258	6.0884666	0.99096614	2.8393989	28.94285	-10.5165	-299.6434	0.07446329	0.00036473508	0.075092	0.073758036	-0.023424711	0.93731594	0.8086191	7.7398767	2.3115426e-06	349.55286	23.218979	371.58768	262.55887	342.01505	21.787987	363.7424	265.6185	327.04922	23.736523	346.57968	244.09077	-14.96584	3.8223429	-4.8046985	-23.440891	14.96584	3.8223429	23.440891	4.8046985	-0.044332124	0.013486347	-0.013770079	-0.08724548	238.5867	113.57522	549.47534	23.085129	0.7130216	0.37935412	2.045112	0.06616108
101	101999	26933.68280315399	3515.0332	0.0	3515.0332	3515.0332	1000.0	3536.2153	0.0	3536.2153	3536.2153	1000.0	299.08023	69.48515	350.57187	-38.98973	5.2977266	1.0007813	2.8375893	28.146833	-11.353199	-300.28857	0.07402889	0.00023173787	0.07447646	0.073556945	0.0020820657	0.9429161	0.80962783	9.489859	8.34465e-07	354.1617	23.034962	376.10928	266.3373	345.8069	21.733252	369.31635	269.07855	327.9045	23.394892	347.5224	244.74898	-17.902374	3.2324991	-9.937918	-26.59038	17.902374	3.2324991	26.59038	9.937918	-0.052323747	0.0122558735	-0.028485375	-0.09261634	330.94397	116.02223	707.04834	98.76221	0.9741578	0.4032208	2.4559388	0.28308532
102	102999	27230.60070824623	3508.9773	0.0	3508.9773	3508.9773	1000.0	3532.609	0.0	3532.609	3532.609	1000.0	299.61673	69.373764	351.79135	-58.49193	6.430886	0.9915696	2.8325484	28.270464	-10.587155	-300.82257	0.073514394	0.00035989052	0.07414367	0.07297486	-0.021955604	0.9372277	0.80989224	10.086666	7.4505806e-07	352.04678	23.378675	373.17453	264.17755	343.89926	21.52042	365.825	267.49753	325.6511	22.644596	345.83527	244.62444	-18.24816	3.2667904	-8.735171	-23.878616	18.24816	3.2667904	23.878616	8.735171	-0.05350126	0.011555306	-0.024702627	-0.087444186	343.6673	113.90695	570.1883	76.303215	1.0113939	0.3720787	2.0634604	0.21578169
103	103999	27531.597246408463	3513.655	0.0	3513.655	3513.655	1000.0	3522.7139	0.0	3522.7139	3522.7139	1000.0	300.25262	69.21383	350.59665	-47.793507	5.7100487	0.99463505	2.8352575	28.003532	-9.700235	-301.45462	0.0729623	0.0003572899	0.073642835	0.07217592	-0.01401628	0.93437743	0.8073605	9.341885	3.6358833e-06	352.5475	23.84563	373.2662	263.96405	341.5439	22.754879	364.14294	263.39365	327.7422	23.870415	348.14615	244.46846	-13.801773	3.321188	-5.2900906	-20.659067	13.801773	3.321188	20.659067	5.2900906	-0.04083451	0.011404785	-0.015195027	-0.07709889	201.5192	89.56779	426.79703	27.985058	0.5994626	0.29085955	1.5863831	0.08038307
104	104999	27833.589150428772	3502.426	0.0	3502.426	3502.426	1000.0	3520.7588	0.0	3520.7588	3520.7588	1000.0	300.85703	68.969666	351.33945	-70.35469	5.2567587	0.9911712	2.845796	29.056358	-11.372721	-302.03082	0.07226215	0.0006169097	0.07324511	0.07106061	-0.023199156	0.9346084	0.80713105	9.068662	4.172325e-07	351.75922	22.9754	370.1143	264.41138	342.0541	21.085236	361.63208	266.27942	326.32565	22.440426	344.87335	246.07669	-15.728414	3.1102672	-7.4685354	-21.871359	15.728414	3.1102672	21.871359	7.4685354	-0.04643442	0.011249094	-0.021460136	-0.07865919	257.05673	95.52172	478.35632	55.779022	0.76342756	0.32168856	1.7064629	0.16027579
105	105999	28140.65884923935	3514.981	0.0	3514.981	3514.981	1000.0	3530.498	0.0	3530.498	3530.498	1000.0	301.6751	68.69915	351.37985	-41.92394	4.9686303	1.0102919	2.840864	28.920206	-10.176503	-302.8528	0.071546346	0.00045423888	0.07241342	0.070784315	0.027157124	0.93582284	0.8083188	10.699009	9.946525e-07	352.4915	22.998898	373.73285	265.17316	341.83636	21.420368	366.0391	265.0569	326.0552	22.651546	346.49258	244.93533	-15.781166	3.564667	-5.6911087	-22.919672	15.781166	3.564667	22.919672	5.6911087	-0.046590764	0.012179176	-0.01649666	-0.08465599	261.75204	110.13282	525.31134	32.38872	0.7764425	0.35495204	1.917708	0.09388429
106	106999	28444.764226913452	3517.493	0.0	3517.493	3517.493	1000.0	3538.9246	0.0	3538.9246	3538.9246	1000.0	301.88037	68.47021	351.28403	-45.022606	4.153093	0.99369615	2.8373232	28.395065	-10.431112	-303.06918	0.07200886	0.00027965938	0.07253054	0.071617424	-0.016534941	0.9354524	0.80976003	9.77691	5.811453e-07	353.08405	23.202652	377.24985	265.60324	344.93973	21.444584	368.76282	268.42334	327.31924	23.027658	347.71756	244.42957	-17.620474	3.4534473	-7.9988804	-26.2498	17.620474	3.4534473	26.2498	7.9988804	-0.05159972	0.012490508	-0.022925705	-0.09697747	322.4074	118.450516	689.052	63.98209	0.9500157	0.3990065	2.5456393	0.18337998
107	107999	28747.623076677322	2528.5386	960.4048	3488.9434	1568.1338	736.5	3531.6924	0.0	3531.6924	3531.6924	1000.0	302.51395	68.144424	352.08438	-57.762432	5.7314734	1.0025696	2.8357592	28.494528	-10.0895605	-303.669	0.07225284	0.00039902193	0.07294698	0.07157026	0.00684389	0.9414893	0.81037796	9.909288	1.3411045e-07	351.43762	23.797043	373.22836	263.38147	343.15103	22.268398	365.1652	266.5281	328.89444	24.107567	348.9787	245.57573	-14.256628	3.4318955	-6.0504756	-22.304592	14.256628	3.4318955	22.304592	6.0504756	-0.042109735	0.012384601	-0.01720536	-0.08058338	215.02934	98.671364	497.4948	36.608253	0.64113957	0.33422163	1.746204	0.10410061
108	108999	29050.8882522583	3521.307	0.0	3521.307	3521.307	1000.0	3529.5952	0.0	3529.5952	3529.5952	1000.0	302.69882	68.656815	351.74347	-38.041763	5.564916	1.0091869	2.8476133	29.16391	-10.358171	-303.86285	0.07290319	0.0004994799	0.073628776	0.07200657	0.024172314	0.9451078	0.81252307	8.658822	1.4901161e-06	352.0748	23.755323	373.55786	263.87766	347.18918	22.82528	369.39087	267.30435	329.62518	23.66367	348.7617	245.50183	-17.564005	2.65074	-10.2330065	-22.715996	17.564005	2.65074	22.715996	10.2330065	-0.0510016	0.009728914	-0.028696882	-0.08462	315.5207	91.39953	516.0165	104.71442	0.91910857	0.29953262	1.9213145	0.29365537
109	109999	29354.032975912094	3526.62	0.0	3526.62	3526.62	1000.0	3520.1716	0.0	3520.1716	3520.1716	1000.0	303.37405	68.60022	352.5164	-34.389793	5.7366633	1.0014584	2.865077	30.133938	-10.662088	-304.5347	0.07314371	0.000248311	0.07362023	0.07261454	0.0038819741	0.94380575	0.81512725	9.140463	1.4305115e-06	351.64102	24.048851	374.383	262.41824	345.80215	23.768536	367.48312	263.4637	330.04123	24.370737	351.2416	245.27719	-15.760881	2.9315746	-8.065078	-22.572481	15.760881	2.9315746	22.572481	8.065078	-0.045932375	0.009926139	-0.022865437	-0.07775954	256.99954	90.954285	509.51688	65.04547	0.75065416	0.283538	1.61371	0.18441153
110	110999	29660.037883758545	3526.312	0.0	3526.312	3526.312	1000.0	3538.0886	0.0	3538.0886	3538.0886	1000.0	303.8897	68.12935	352.9528	-68.95584	6.2850404	0.9947637	2.8670754	30.473284	-11.511301	-305.04785	0.07253555	0.00038438864	0.07326294	0.07179132	-0.013658893	0.93992496	0.8119706	10.203293	2.0861626e-07	353.3917	23.187323	373.2681	264.823	347.97214	22.308455	366.46008	267.6245	329.55173	23.350061	348.0353	245.3341	-18.420427	3.0559237	-10.757916	-27.886114	18.420427	3.0559237	27.886114	10.757916	-0.053377163	0.010962072	-0.03023291	-0.09042717	348.65082	112.65812	777.6353	115.732765	1.0140778	0.36525518	2.219571	0.32524312
111	111999	29967.376211166382	3519.3247	0.0	3519.3247	3519.3247	1000.0	3553.1653	0.0	3553.1653	3553.1653	1000.0	304.58334	68.078735	353.6499	-66.649895	4.988379	0.99106973	2.8501954	26.466957	-13.114285	-305.71982	0.0719267	0.0004449477	0.072599016	0.07104115	-0.023420162	0.93653566	0.81198895	8.77588	1.5497208e-06	355.40027	24.938038	377.7755	264.57175	347.0841	23.47452	369.4623	266.21692	331.76508	24.862411	351.1358	245.5398	-15.318983	3.3092692	-8.01517	-25.3599	15.318983	3.3092692	25.3599	8.01517	-0.04464704	0.011835745	-0.022357322	-0.09354505	245.62254	104.012375	643.1245	64.24295	0.7209635	0.3466633	2.372293	0.17919774
112	112999	30273.06821537018	3518.0222	0.0	3518.0222	3518.0222	1000.0	3540.5947	0.0	3540.5947	3540.5947	1000.0	305.18375	67.636215	353.30548	-47.581764	5.920705	0.9962877	2.8597982	29.499811	-12.055544	-306.3275	0.071542665	0.00022394229	0.07192663	0.07099924	-0.009750188	0.9371886	0.8138711	10.800966	1.1920929e-07	353.48697	23.829079	373.39023	264.54248	344.39813	22.965078	367.71243	264.47382	330.4756	24.065386	349.07794	245.14914	-13.922518	3.3904765	-4.7985625	-21.41323	13.922518	3.3904765	21.41323	4.7985625	-0.040845055	0.011470816	-0.013623691	-0.07520982	205.33182	91.29504	458.52643	23.0262	0.6054993	0.29252937	1.6104852	0.06537413
113	113999	30580.86808156967	3508.8965	0.0	3508.8965	3508.8965	1000.0	3542.6213	0.0	3542.6213	3542.6213	1000.0	305.47357	67.86255	352.50894	-48.195263	5.1967	0.988873	2.8400264	32.53479	-10.858533	-306.60953	0.07099173	0.0005194897	0.07196625	0.070069276	-0.029432762	0.93761915	0.80629134	8.265347	4.142523e-06	354.2094	23.07939	375.4006	266.01813	345.13214	22.393517	366.8081	264.76907	329.27362	22.901953	349.24725	246.79724	-15.858475	3.0694258	-7.0820127	-20.960356	15.858475	3.0694258	20.960356	7.0820127	-0.04625342	0.010074907	-0.02003287	-0.07515406	260.91263	93.20786	439.3365	50.154903	0.76209754	0.28592822	1.5072172	0.14193188
114	114999	30889.895968437195	3525.5903	0.0	3525.5903	3525.5903	1000.0	3540.6125	0.0	3540.6125	3540.6125	1000.0	306.02957	67.33472	353.66083	-44.836926	6.09271	1.0037571	2.8585298	29.546043	-10.828821	-307.10718	0.0700727	0.0004111891	0.07073305	0.06938233	0.010028699	0.9360722	0.8127837	11.599054	3.5762787e-07	354.11542	23.504505	377.68915	265.94717	341.16507	21.422644	365.28867	265.08447	327.3077	22.330994	349.8516	246.09578	-13.8573475	3.3502421	-4.8392687	-21.999794	13.8573475	3.3502421	21.999794	4.8392687	-0.040959675	0.011196994	-0.013960682	-0.07473739	203.25018	90.664375	483.99094	23.418522	0.6032492	0.28977853	1.5587327	0.06755949
115	115999	31201.080451726913	3514.548	0.0	3514.548	3514.548	1000.0	3555.871	0.0	3555.871	3555.871	1000.0	306.4818	67.23161	353.05142	-38.212467	5.416637	0.98529655	2.8404198	26.91868	-10.788689	-307.5752	0.06964102	0.00037508935	0.07049192	0.06888451	-0.03914763	0.9307449	0.8084816	9.318867	3.5762787e-06	353.783	23.25012	375.97818	265.4793	346.53882	22.007229	368.86606	268.5594	330.00314	23.247606	349.83295	245.78964	-16.535637	2.992043	-10.409873	-23.745308	16.535637	2.992043	23.745308	10.409873	-0.0481752	0.011002208	-0.029624531	-0.08809733	282.37964	98.500175	563.83966	108.36546	0.82742894	0.3334872	2.0918982	0.3083876
116	116999	31506.900755405426	3520.1167	0.0	3520.1167	3520.1167	1000.0	3552.916	0.0	3552.916	3552.916	1000.0	306.8804	66.64348	353.38028	-35.817135	5.5862665	1.0025977	2.8508413	29.997202	-12.34635	-307.93362	0.068542086	0.00033444774	0.06913443	0.06788725	0.0070189247	0.93307376	0.80833393	10.101713	1.1324883e-06	355.80807	23.645391	374.89716	265.85324	343.92017	22.297993	365.49017	265.9575	330.3304	22.861895	347.64636	246.9311	-13.589766	3.2634075	-4.4003367	-19.884384	13.589766	3.2634075	19.884384	4.4003367	-0.039804056	0.010681428	-0.012511609	-0.07356181	195.33154	85.44743	395.38873	19.362965	0.57380795	0.2690843	1.4456657	0.055055294
117	117999	31817.35700559616	3522.1692	0.0	3522.1692	3522.1692	1000.0	3534.5132	0.0	3534.5132	3534.5132	1000.0	307.32428	66.490204	353.53323	-82.18645	4.4216814	0.9992332	2.8464642	31.183357	-11.508139	-308.38885	0.06898033	0.0001693151	0.069358386	0.06861581	-0.002006808	0.9358641	0.8123008	8.487878	1.4305115e-06	352.6868	22.997389	374.66888	264.87836	343.70178	21.772366	364.7511	266.22018	327.94382	22.28536	348.628	246.87723	-15.757957	3.355984	-5.7982364	-23.548353	15.757957	3.355984	23.548353	5.7982364	-0.04613225	0.010753113	-0.016568562	-0.075060114	259.57584	102.95755	554.5249	33.61954	0.76073647	0.3108002	1.5478115	0.096068434
118	118999	32129.63104391098	3525.1082	0.0	3525.1082	3525.1082	1000.0	3537.5745	0.0	3537.5745	3537.5745	1000.0	307.2442	66.83183	353.39594	-74.89461	5.258795	1.0023141	2.8464658	32.39326	-10.333339	-308.32037	0.068891086	0.00025518308	0.069433995	0.068455555	0.006240608	0.9306581	0.8106818	9.401639	2.9802322e-07	353.09744	23.510967	372.42264	264.2752	342.88474	22.105005	364.454	261.6282	329.64975	23.034376	347.5699	246.04887	-13.234978	3.028427	-5.9004836	-20.722654	13.234978	3.028427	20.722654	5.9004836	-0.038955864	0.01034198	-0.016800165	-0.0773488	184.33601	78.93486	429.42838	34.81571	0.5452409	0.25695246	1.5995637	0.099129096
119	119999	32441.749357938766	3524.637	0.0	3524.637	3524.637	1000.0	3514.4841	0.0	3514.4841	3514.4841	1000.0	307.72394	66.665054	354.3142	-81.37923	4.6906996	0.9877774	2.8402286	29.983593	-13.552549	-308.7906	0.06849648	0.0007462382	0.06970716	0.067587584	-0.032689866	0.92948836	0.8086584	10.172356	3.427267e-06	350.94727	23.38188	369.8959	262.70386	343.06418	22.48508	364.30548	265.0101	329.51035	23.116686	347.4388	246.73714	-13.553804	3.2079196	-5.250451	-20.836342	13.553804	3.2079196	20.836342	5.250451	-0.03981049	0.010433931	-0.015047971	-0.069916666	193.99637	84.40985	434.15314	27.567234	0.57117134	0.26093468	1.2968031	0.07900863
120	120999	32754.635702848434	3529.4412	0.0	3529.4412	3529.4412	1000.0	3536.1387	0.0	3536.1387	3536.1387	1000.0	308.45312	65.79969	353.8188	-53.732563	3.9452286	0.9972196	2.8330786	30.072594	-10.178152	-309.4835	0.06746111	0.00028811584	0.06791823	0.06698156	-0.007423974	0.92685145	0.80562764	9.019927	1.3411045e-06	353.43988	23.457857	375.55444	265.10645	346.49084	21.981026	366.83774	266.60052	331.57523	23.454912	350.09515	246.8855	-14.91557	3.6319444	-3.7670436	-21.751362	14.91557	3.6319444	21.751362	3.7670436	-0.043516412	0.012371431	-0.010703305	-0.079634	235.66524	102.04648	473.12177	14.190617	0.6919509	0.33139393	1.7203768	0.040319815
121	121999	33071.94395112991	3525.516	0.0	3525.516	3525.516	1000.0	3539.4822	0.0	3539.4822	3539.4822	1000.0	308.6229	66.26263	354.7366	-36.520355	4.6962657	0.9902658	2.84859	32.732334	-10.6756115	-309.67297	0.0674498	0.00019211168	0.06777495	0.06672752	-0.026234245	0.928028	0.8056075	10.28863	3.8668513e-06	354.65192	24.090147	376.63998	263.50458	346.80124	22.381298	370.0483	265.85544	332.15305	23.813538	351.91522	245.90845	-14.648222	3.4763362	-5.5619187	-23.97869	14.648222	3.4763362	23.97869	5.5619187	-0.042710945	0.012131084	-0.015724422	-0.08872065	226.65533	101.938805	574.97754	30.934938	0.6658668	0.33947563	2.124082	0.087457955
122	122999	33386.84397959709	3523.0242	0.0	3523.0242	3523.0242	1000.0	3532.2383	0.0	3532.2383	3532.2383	1000.0	308.96146	66.25731	354.59195	-41.884758	4.0345182	0.99361414	2.842366	27.055595	-9.962387	-309.9778	0.06612459	0.0002902446	0.06671015	0.065405436	-0.017276192	0.92856216	0.80544376	9.422495	1.937151e-07	352.84042	22.856226	374.18417	265.7371	342.47064	21.329268	364.44925	265.56842	329.33768	22.406658	350.49316	246.73898	-13.132934	3.2862253	-3.3150787	-19.73589	13.132934	3.2862253	19.73589	3.3150787	-0.038712297	0.011064712	-0.009451598	-0.07344569	183.27322	82.34343	389.50534	10.989747	0.54310966	0.26599702	1.4482291	0.031332795
123	123999	33703.18024086952	3517.2458	0.0	3517.2458	3517.2458	1000.0	3554.1238	0.0	3554.1238	3554.1238	1000.0	309.38846	65.84125	354.60022	-62.590023	4.9556303	1.0095384	2.864153	33.123234	-11.488074	-310.43652	0.06642318	0.00029344947	0.066984534	0.06579685	0.025912307	0.93272316	0.81000847	10.124977	1.3560057e-06	356.08514	23.606806	374.59753	266.31232	344.03424	22.363369	365.2361	263.22083	331.59412	23.289333	349.3016	247.70374	-12.44015	3.4305563	-3.639963	-19.672369	12.44015	3.4305563	19.672369	3.639963	-0.036501553	0.011223374	-0.010382972	-0.07346359	166.5261	83.758316	387.00208	13.2493305	0.49090692	0.2640529	1.4452027	0.037793633
124	124999	34019.75225806236	3525.3723	0.0	3525.3723	3525.3723	1000.0	3541.8245	0.0	3541.8245	3541.8245	1000.0	309.9014	65.619026	354.3484	-61.835457	4.9383135	0.99691623	2.840681	29.964737	-12.889456	-310.92062	0.06699201	0.0004219474	0.06775495	0.06623584	-0.00829378	0.9327068	0.8061804	8.609148	7.1525574e-07	353.3529	23.104414	373.70383	264.79147	343.47144	22.795662	364.7557	264.15552	330.95462	23.154734	351.41766	248.80139	-12.516794	3.3915782	-3.3211129	-19.009787	12.516794	3.3915782	19.009787	3.3211129	-0.036674153	0.01056745	-0.009587045	-0.065291926	168.17293	83.587	361.37198	11.029791	0.49313894	0.25036207	1.1404507	0.031839658
