Epoch	TotalEnvInteracts	Time	AverageEpRet	StdEpRet	MaxEpRet	MinEpRet	EpLen	AverageTestEpRet	StdTestEpRet	MaxTestEpRet	MinTestEpRet	TestEpLen	AverageQ1Vals	StdQ1Vals	MaxQ1Vals	MinQ1Vals	LossQ1	AverageLogPi	StdLogPi	MaxLogPi	MinLogPi	LossPi	AverageAlpha	StdAlpha	MaxAlpha	MinAlpha	LossAlpha	AveragePreTanh	StdPreTanh	MaxPreTanh	MinPreTanh	AverageMCDisRet	StdMCDisRet	MaxMCDisRet	MinMCDisRet	AverageMCDisRetEnt	StdMCDisRetEnt	MaxMCDisRetEnt	MinMCDisRetEnt	AverageQPred	StdQPred	MaxQPred	MinQPred	AverageQBias	StdQBias	MaxQBias	MinQBias	AverageQBiasAbs	StdQBiasAbs	MaxQBiasAbs	MinQBiasAbs	AverageNormQBias	StdNormQBias	MaxNormQBias	MinNormQBias	AverageQBiasSqr	StdQBiasSqr	MaxQBiasSqr	MinQBiasSqr	AverageNormQBiasSqr	StdNormQBiasSqr	MaxNormQBiasSqr	MinNormQBiasSqr
0	999	11.108857870101929	22.293045	23.317293	132.62253	5.2394886	24.625	60.34344	0.0	60.34344	60.34344	53.0	0.0	0.0	0.0	0.0	0.0	0.0	0.0	0.0	0.0	0.0	0.0	0.0	0.0	0.0	0.0	0.0	0.0	0.0	0.0	7.096712	5.535892	27.360485	-2.5761926	10.059441	7.585509	36.065235	-0.9156942	-0.0747276	0.063183315	0.15353017	-0.30319443	-10.134169	7.564905	0.7768333	-36.092495	10.141967	7.554446	36.092495	0.034777768	-0.6980643	0.34731692	0.07768333	-1.0166988	159.92915	208.01137	1302.6681	0.0012094933	9.24126	8.274536	36.119774	0.00012094932
1	1999	17.083576440811157	20.814556	20.167421	124.153015	5.428253	23.5	60.34344	0.0	60.34344	60.34344	53.0	0.0	0.0	0.0	0.0	0.0	0.0	0.0	0.0	0.0	0.0	0.0	0.0	0.0	0.0	0.0	0.0	0.0	0.0	0.0	7.096712	5.535892	27.360485	-2.5761926	10.059441	7.585509	36.065235	-0.9156942	-0.0747276	0.063183315	0.15353017	-0.30319443	-10.134169	7.564905	0.7768333	-36.092495	10.141967	7.554446	36.092495	0.034777768	-0.6980643	0.34731692	0.07768333	-1.0166988	159.92915	208.01137	1302.6681	0.0012094933	9.24126	8.274536	36.119774	0.00012094932
2	2999	22.395691394805908	17.460537	16.582548	105.42657	5.3510084	20.979591	59.399616	0.0	59.399616	59.399616	53.0	0.0	0.0	0.0	0.0	0.0	0.0	0.0	0.0	0.0	0.0	0.0	0.0	0.0	0.0	0.0	0.0	0.0	0.0	0.0	8.233373	8.929823	41.937675	-3.47486	11.577597	11.154159	53.84074	-1.2010777	-0.077268735	0.06568207	0.16455407	-0.30520153	-11.654865	11.138743	1.0667568	-53.862137	11.668747	11.124201	53.862137	0.004323096	-0.6841661	0.35992175	0.106675684	-1.0190625	259.9075	482.7772	2901.13	1.8689158e-05	10.8001995	11.738397	53.88355	1.8689158e-06
3	3999	25.9484646320343	17.077888	8.235182	38.263966	5.8786683	22.044445	59.796833	0.0	59.796833	59.796833	53.0	0.0	0.0	0.0	0.0	0.0	0.0	0.0	0.0	0.0	0.0	0.0	0.0	0.0	0.0	0.0	0.0	0.0	0.0	0.0	9.046069	10.344884	58.180862	-0.5064567	12.620604	12.953299	71.834915	-0.72630024	-0.07845924	0.071593374	0.22800267	-0.30312753	-12.699063	12.935801	0.58159876	-71.88662	12.70052	12.934372	71.88662	0.0078225015	-0.70511425	0.34784612	0.058159877	-1.0261916	328.6012	735.21533	5167.6855	6.119153e-05	11.840158	13.523802	71.93836	6.1191527e-06
4	4999	31.13491129875183	22.184013	22.71988	109.465385	6.3513336	23.47619	60.312557	0.0	60.312557	60.312557	54.0	0.0	0.0	0.0	0.0	0.0	0.0	0.0	0.0	0.0	0.0	0.0	0.0	0.0	0.0	0.0	0.0	0.0	0.0	0.0	9.693829	9.1059	39.994812	-2.6318586	13.355648	11.939544	52.037384	-1.4091913	-0.07667764	0.06744161	0.09925501	-0.30516708	-13.432325	11.920088	1.3036335	-52.036907	13.452692	11.897098	52.036907	0.001794205	-0.7247905	0.34951058	0.13036335	-1.0178337	322.51587	512.2675	2707.8396	3.2191715e-06	12.671535	12.535307	52.03643	3.2191716e-07
5	5999	356.12008714675903	133.37808	72.77013	220.3777	47.009884	65.61539	44.55121	0.0	44.55121	44.55121	32.0	104.748726	63.63005	314.99902	-59.764324	26.878712	-0.19494507	2.0998304	14.665625	-10.752758	-112.557755	0.9029991	0.04854809	0.99970007	0.8217943	-0.09726581	0.9464073	0.66687465	5.53394	3.1292439e-07	40.878185	40.590305	154.18106	1.4666681	41.244453	38.18339	153.62425	1.4666681	218.28442	15.084455	273.06464	134.16374	177.03996	41.603806	236.19524	9.817698	177.03996	41.603806	236.19524	9.817698	8.305726	6.5012183	23.619524	0.07895464	33074.023	11775.756	55788.19	96.38718	1652.9572	1425.9789	5578.819	0.77515274
6	6999	687.2368719577789	222.86581	176.78094	530.1831	36.867428	141.0	1051.6002	0.0	1051.6002	1051.6002	1000.0	216.45811	62.548054	369.75983	-126.61307	57.575874	0.53217727	2.5676162	17.729797	-10.562923	-229.26524	0.7612674	0.032869656	0.8216672	0.70905155	-0.12367756	1.0537727	0.7639867	7.785563	2.9206276e-06	114.48319	31.595728	163.04326	2.4515252	129.76653	36.295807	179.65587	2.4515252	264.2028	21.58377	326.4707	117.02852	134.43628	37.579075	303.18982	73.76987	134.43628	37.579075	303.18982	73.76987	1.5920643	2.6384835	29.77974	0.47639412	19485.3	12550.306	91924.06	5441.993	277.89236	651.8942	8868.329	35.14353
7	7999	1017.8598272800446	244.27583	140.0493	423.0282	40.09418	155.83333	1067.7982	0.0	1067.7982	1067.7982	1000.0	248.93312	66.21178	383.3703	-142.0515	50.134594	0.6578399	2.6710846	21.869553	-10.076468	-261.79468	0.6578012	0.03102316	0.70895875	0.60114217	-0.14433333	1.0597771	0.7738955	8.522208	7.4505806e-07	120.270035	10.643423	141.53174	103.34011	129.60474	10.012858	157.37436	110.348076	251.81767	21.260778	298.98535	198.73074	122.21294	19.212751	160.69121	70.11534	122.21294	19.212751	160.69121	70.11534	0.9491997	0.17052558	1.3465042	0.5090571	15305.132	4660.063	25821.664	4916.1606	118.94912	37.890392	216.37138	35.69271
8	8999	1355.2890248298645	362.72366	72.83407	487.76434	305.3094	183.5	199.97917	0.0	199.97917	199.97917	138.0	230.26006	67.56578	314.4408	-191.45529	30.134834	0.55548424	2.7488875	22.845856	-11.6828985	-241.13806	0.5411872	0.040973987	0.6010014	0.4625339	-0.28513026	1.0458509	0.7843802	7.952445	5.364418e-07	94.349205	55.602	202.91322	0.6682853	91.5556	57.743187	184.46562	-2.5438604	211.75197	56.069782	300.54678	-12.392669	120.196365	80.45951	299.67993	-31.776857	121.2924	78.79755	299.67993	0.08542974	4.3909454	7.2736077	29.967993	-1.491116	20920.9	20222.713	89808.055	0.0072982414	946.2746	1764.5302	8980.806	0.0001221143
9	9999	1698.1031398773193	457.88248	283.0623	994.78973	181.13905	269.0	316.1532	0.0	316.1532	316.1532	141.0	190.92056	55.489834	290.3359	-172.53694	15.149373	0.3792586	2.7380757	23.186356	-10.064129	-198.81416	0.39946184	0.03675663	0.46234605	0.3347146	-0.5822138	1.0291758	0.78204906	7.534128	7.31647e-06	112.25031	46.84421	165.18358	1.7698953	118.11359	50.955795	179.82822	1.7698953	140.75752	61.793957	214.93146	-33.34841	22.64395	26.161037	106.64276	-48.03356	27.713049	20.715582	106.64276	0.0019939265	0.29293355	0.88797665	9.721012	-4.069578	1197.1482	1829.6616	11372.678	3.9757424e-06	19.47796	68.69699	944.9808	2.8932849e-08
10	10999	2038.9687297344208	219.89775	76.86522	304.72794	54.91143	107.77778	257.2581	0.0	257.2581	257.2581	135.0	151.98326	44.780132	211.92946	-137.11285	8.984523	0.26628608	2.6139598	19.770706	-10.003651	-157.68832	0.28552887	0.027924431	0.3345981	0.24371465	-0.922731	0.96668345	0.7522115	6.975087	1.2665987e-06	94.21822	40.142876	136.71545	1.7171134	97.08067	42.35752	145.62724	1.7171134	141.64261	46.59025	183.02788	-51.457775	44.56193	24.26531	83.34683	-56.63535	45.656075	22.138065	83.34683	0.15081994	0.5687911	0.56127405	2.5535414	-5.663535	2574.571	2008.9967	6946.695	0.022746654	34.194153	31.654593	320.7563	0.001195513
11	11999	2386.463970184326	275.5248	86.50062	475.66916	201.58244	146.57143	1036.9923	0.0	1036.9923	1036.9923	1000.0	136.05716	40.395313	188.12975	-147.16516	6.8038263	0.5267509	2.6517503	22.294968	-12.529741	-140.91234	0.21604232	0.013895606	0.24365675	0.19861244	-0.7152393	0.97560394	0.75731903	7.1096907	1.0430813e-07	104.83487	8.246953	127.73337	96.523056	102.17402	14.474655	142.1635	85.31266	164.60335	3.948317	175.89207	144.6607	62.42933	13.471807	79.36464	20.136503	62.42933	13.471807	79.36464	20.136503	0.6368421	0.18752968	0.9249405	0.15472506	4078.911	1458.1365	6298.746	405.47876	42.262352	17.47574	73.40757	3.1156218
12	12999	2725.063779592514	422.30557	224.27045	800.85114	253.93709	257.75	221.43071	0.0	221.43071	221.43071	105.0	140.24516	35.249672	196.30957	-140.11424	7.3498116	0.70685095	2.7459514	22.903658	-12.953329	-144.90384	0.18191627	0.011643187	0.19859746	0.16856661	-0.4962249	0.98779225	0.7619123	6.90545	4.157424e-06	89.322105	36.6996	133.27197	2.6305761	84.30368	32.380337	128.27657	2.6305761	147.58498	36.25451	194.18425	34.805233	63.281303	12.92377	88.11592	-18.586739	63.31829	12.741314	88.11592	9.01528	1.0553036	0.9620343	8.381598	-0.15842344	4171.5474	1536.217	7764.415	81.275276	65.732346	55.690735	702.5119	0.6695517
13	13999	3038.472789287567	328.01413	68.33488	393.96634	225.7988	151.66667	335.4763	0.0	335.4763	335.4763	167.0	155.03798	43.11772	226.28748	-108.51519	7.6955037	1.1407217	2.8525264	23.29116	-12.231999	-159.96664	0.18318719	0.00618751	0.18995498	0.1696653	0.243789	1.0782584	0.8151852	7.523762	1.1175871e-07	111.64946	43.47615	159.45407	2.1563568	111.75525	47.781834	170.67834	2.1563568	143.5502	58.313328	191.8016	9.731272	31.79495	23.577295	80.15558	-12.551479	32.675446	22.34106	80.15558	0.024235943	0.3202753	0.30634525	2.2919333	-0.24044296	1566.8079	1616.9955	6424.917	0.0005873809	14.720206	15.734441	63.32978	1.1243738e-05
14	14999	3361.331295490265	317.6664	50.260193	374.75745	241.82533	151.16667	251.50206	0.0	251.50206	251.50206	131.0	145.43036	43.629574	195.73766	-120.43429	5.7593694	0.672751	2.7836444	24.85746	-11.210625	-149.67311	0.16584216	0.012525788	0.18526408	0.14345433	-0.5938777	1.0152732	0.790557	7.5396523	9.536743e-07	174.12317	69.35158	259.57578	1.785419	175.3857	68.993805	249.85696	1.785419	163.6913	12.981093	192.63626	83.871124	-11.694397	71.83726	181.87349	-132.10194	62.91888	36.5864	181.87349	0.18821448	0.5636494	2.5340903	18.18735	-0.5627435	5297.3506	6119.1514	33077.965	0.03542469	115.65656	425.50864	3307.7964	0.00023197837
15	15999	3687.0501408576965	506.84927	144.05296	733.0062	298.9637	190.83333	403.1195	0.0	403.1195	403.1195	162.0	144.52255	42.55212	232.54805	-64.4882	5.842574	1.04229	2.9155374	26.263977	-10.3194475	-148.63397	0.13796383	0.0032918365	0.14888561	0.13508059	0.08135159	1.0702107	0.8141062	8.824006	1.9669533e-06	157.69577	60.056076	228.822	3.0727072	136.91592	53.867176	201.95824	3.0727072	169.7412	57.105667	228.26166	-47.876984	32.825287	48.343723	191.13306	-53.535583	42.00597	40.62159	191.13306	0.10988023	0.38869336	1.2617955	12.855	-5.3535585	3414.6152	5804.1587	36531.848	0.012073666	55.360996	154.4084	1789.2727	7.164728e-05
16	16999	4017.002236366272	403.03735	82.92559	517.5814	309.4245	160.66667	288.52676	0.0	288.52676	288.52676	134.0	155.88841	47.40725	240.77017	-128.41534	7.8501806	1.0782055	2.9531372	29.039669	-11.779364	-160.14268	0.15854368	0.0033243052	0.16348988	0.14895271	0.14669032	1.0630841	0.8250294	8.332259	7.390976e-06	162.151	83.88905	286.0772	2.175826	140.24358	70.5845	246.83751	1.3583245	190.8759	36.89463	242.13089	30.017456	50.632336	75.15817	233.56238	-89.38379	67.96973	59.937473	233.56238	0.21902974	1.7057438	4.4099884	23.356237	-0.49293724	8212.384	12843.54	54551.387	0.04797403	320.1628	951.38	5455.1387	0.00022801847
17	17999	4340.649174690247	476.3042	192.75348	698.03186	174.56342	185.0	411.07178	0.0	411.07178	411.07178	142.0	161.1169	45.33454	241.00674	-153.74126	9.652813	1.1370307	2.9543955	26.869438	-11.283929	-165.37135	0.17229068	0.0107095605	0.18670975	0.15792015	0.24441278	1.0843935	0.8456261	8.845121	1.9967556e-06	156.79834	60.040653	217.69035	3.5469816	150.22527	58.91081	213.5097	3.5469816	143.73024	59.711033	207.29897	4.6487355	-6.4950066	16.143486	42.377064	-55.469807	13.707781	10.718862	55.469807	0.0107193105	-0.019703818	0.22566715	2.379343	-0.5824529	302.79724	453.6258	3076.8994	0.00011490362	2.7523909	4.628024	56.61273	2.1105902e-06
18	18999	4669.742784500122	528.4891	84.149345	617.0598	382.37244	179.33333	724.134	0.0	724.134	724.134	233.0	161.43639	50.415913	250.10545	-169.41035	8.966912	0.97721493	2.8054466	26.077385	-11.154167	-165.63649	0.17723192	0.0014105577	0.17971118	0.17517129	-0.03931513	1.0509048	0.8175967	7.901815	1.0281801e-06	204.10472	66.89417	268.45093	3.7666492	185.57838	62.22269	245.5745	3.7666492	168.24974	63.31201	229.48776	-14.894789	-17.328661	16.334858	30.19814	-64.34544	19.725725	13.3418865	64.34544	0.023815937	-0.13226217	0.2075698	0.47092858	-2.1530242	567.1101	605.70966	4140.336	0.00056719885	3.96443	6.004095	67.63171	2.6702237e-06
19	19999	4999.0514941215515	548.1339	304.10867	997.7736	66.66753	185.4	362.18375	0.0	362.18375	362.18375	148.0	166.73698	50.830635	243.95053	-188.00412	8.940854	1.03851	2.8743272	27.143867	-11.119946	-170.94203	0.17878698	0.002997244	0.18427289	0.17471305	0.06625708	1.0609308	0.8207425	8.365431	3.6656857e-06	189.18456	75.13982	290.68884	2.528009	177.16545	70.32986	268.18903	2.528009	207.43248	36.14573	251.89505	-45.99538	30.267036	72.73958	207.39922	-107.20522	57.792187	53.54627	207.39922	0.0005247764	0.8692379	2.793091	20.739922	-5.022549	6207.14	9747.263	43014.434	2.7539028e-07	157.2032	506.3358	4301.4434	1.2472331e-09
20	20999	5331.8429589271545	544.6935	127.50179	732.6943	388.85492	191.8	375.7934	0.0	375.7934	375.7934	163.0	174.82843	52.072132	247.3912	-243.3861	10.170992	0.9913127	2.8315878	30.831211	-12.320838	-179.01831	0.18895616	0.003664835	0.19501127	0.18220949	-0.014560196	1.0460577	0.81088597	8.43718	8.940697e-08	242.08861	74.33671	327.4228	3.226911	231.28786	70.17467	307.50415	3.226911	207.2127	37.6027	249.84015	-23.289896	-24.075153	54.007984	189.74747	-133.58476	49.431614	32.449814	189.74747	0.031277936	0.095008954	1.3597155	18.974747	-2.713615	3496.475	5251.6616	36004.1	0.0009783093	42.873276	229.64401	3600.4102	4.772201e-06
21	21999	5661.699150800705	541.88074	224.68553	736.8618	215.89233	188.0	1098.1935	0.0	1098.1935	1098.1935	367.0	171.46236	50.972736	256.39136	-157.20538	10.777128	0.99488086	2.8429356	27.467384	-10.783758	-175.42912	0.17561813	0.0032499742	0.18215579	0.17045479	-0.008581333	1.025384	0.81740206	9.190303	5.9604645e-08	227.26083	58.472244	287.4227	3.7775195	218.16725	56.21843	273.3037	3.7775195	196.86493	47.08111	248.04938	6.9938154	-21.302328	24.160528	50.925026	-93.36521	28.649725	14.721198	93.36521	0.035590827	-0.062163863	0.2683468	2.8540947	-0.8494662	1037.5203	1022.7017	8717.0625	0.001266707	5.228262	6.841097	81.458565	9.380105e-06
22	22999	5993.653094530106	1045.7681	287.47836	1449.719	804.00024	347.66666	681.70734	0.0	681.70734	681.70734	218.0	172.28741	50.57321	263.97797	-161.6168	8.854746	0.97371274	2.7822645	30.09803	-11.63145	-176.09363	0.17973882	0.0022592093	0.1835905	0.1749234	-0.045315873	1.0199112	0.8052468	7.961606	5.4240227e-06	196.99434	75.926056	286.5077	2.7749386	193.0592	73.49113	277.6392	2.7749386	189.47955	49.24361	245.45567	-17.735754	-3.5796573	55.852848	219.60687	-66.295685	46.153732	31.657345	219.60687	0.31746605	0.27018988	1.7525684	21.960686	-2.1336126	3132.3545	5745.032	48227.176	0.1007847	59.21397	354.41187	4822.718	0.00090815936
23	23999	6331.946556329727	656.0703	193.46863	862.71155	345.03314	227.25	1170.1302	0.0	1170.1302	1170.1302	399.0	176.46622	50.96809	258.37845	-222.98033	9.269951	1.0481703	2.8391113	29.79192	-10.17039	-180.28745	0.17791933	0.004598435	0.18624568	0.17169873	0.08264848	1.0367887	0.8116528	8.497512	3.2782555e-07	283.76562	50.001034	327.30423	4.5712852	272.0713	46.765762	312.66068	4.5712852	227.14395	41.698547	261.1981	-0.14732492	-44.927338	16.277786	8.227226	-94.3596	44.994602	16.090925	94.3596	0.8454993	-0.17180254	0.08927924	0.03714002	-1.0051408	2283.4316	1333.114	8903.733	0.714869	8.43467	5.2362595	36.768356	0.0072297673
24	24999	6676.655482292175	628.75824	376.1374	1277.9196	271.3018	222.4	995.67975	0.0	995.67975	995.67975	1000.0	184.19292	49.04145	268.71057	-183.43387	11.67961	1.0748591	2.8713024	30.429932	-12.836347	-188.03056	0.19201241	0.0064912187	0.20494859	0.18588585	0.12233313	1.0503579	0.8182027	8.767342	3.7252903e-06	99.143974	2.8753312	106.915665	89.806885	108.35689	4.325481	122.597336	101.473145	200.78528	6.2999907	216.36473	177.48444	92.428406	6.4956603	108.34601	74.12957	92.428406	6.4956603	108.34601	74.12957	0.85511637	0.07651435	1.0084919	0.6128089	8585.203	1185.1067	11738.857	5495.194	79.49832	12.165751	109.2346	45.72035
25	25999	7016.75436258316	952.1762	594.9146	1547.0908	357.26163	458.5	1380.9064	0.0	1380.9064	1380.9064	446.0	184.7633	54.35199	278.04883	-210.0476	10.277754	0.93635416	2.7785466	27.97509	-9.888927	-188.5622	0.20301738	0.007887494	0.21174744	0.18926781	-0.10324344	1.0171595	0.8027588	8.005474	5.6922436e-06	218.0228	78.99622	307.75122	2.9855764	215.53873	77.931015	302.509	2.9855764	204.39474	50.69973	255.12656	-14.341782	-11.143967	53.910194	219.56618	-89.51617	44.619675	32.242546	219.56618	0.045119427	0.17899749	1.502947	21.956617	-1.8671184	3030.4968	5724.504	48209.31	0.0020357626	46.996235	310.52573	4820.9307	2.2397171e-05
26	26999	7352.805503606796	859.7047	160.32199	1056.3809	638.80237	270.75	726.3898	0.0	726.3898	726.3898	228.0	185.42378	53.6346	279.86856	-199.13835	9.486097	0.98628646	2.830769	25.348833	-10.996365	-189.10478	0.18628906	0.00094159856	0.18921909	0.18433936	-0.02291478	1.0499773	0.81649154	8.133424	7.688999e-06	218.47995	72.26063	287.52582	4.0872746	217.54968	70.960526	284.36612	4.0872746	189.70439	60.360126	244.61833	-24.127733	-27.845308	17.032814	14.691403	-57.77239	28.68246	15.581851	57.77239	0.03183843	-0.13754348	0.17760089	0.8317045	-2.826719	1065.4778	881.43066	3337.649	0.0010136855	4.800367	4.538675	79.903404	1.52952e-05
27	27999	7688.478048086166	796.69257	60.101067	885.87274	728.33	258.0	1144.188	0.0	1144.188	1144.188	350.0	189.48856	53.834393	271.15918	-156.46645	7.814307	1.0110064	2.8158627	27.510096	-11.846333	-193.05078	0.18963544	0.0021860811	0.19241242	0.1853022	0.01854403	1.0584978	0.81496114	6.9345803	4.1481107e-06	244.2601	71.30128	320.92975	4.055286	238.46838	70.000725	316.0773	4.055286	203.99037	60.359203	259.30365	-14.490318	-34.477993	18.656612	18.460999	-95.57783	35.200104	17.25555	95.57783	0.03164905	-0.1616304	0.17393897	0.5099053	-2.349169	1536.8013	1197.0946	9135.121	0.0010016622	6.4749393	5.289379	56.895218	7.369433e-06
28	28999	8021.0162098407745	802.5569	33.015766	841.6078	768.7973	253.5	937.3195	0.0	937.3195	937.3195	290.0	192.07985	55.05447	269.63528	-113.55515	8.4932165	0.95928836	2.7486348	29.792948	-12.592699	-195.58473	0.18446098	0.002895315	0.18864404	0.17734233	-0.06910842	1.0290941	0.7981383	7.6895337	2.9802322e-07	230.24008	73.362625	295.30286	4.58864	224.03967	70.8988	288.28714	4.58864	204.69365	62.44783	262.408	-3.989345	-19.346025	19.514551	26.730255	-48.39736	22.972979	15.07742	48.39736	0.035471953	-0.081216745	0.1369492	1.6596249	-0.8950524	755.0863	688.7991	2342.3047	0.0012582596	3.148039	2.673195	27.543549	7.910544e-06
29	29999	8353.998490810394	900.95605	104.07812	1080.9554	833.36005	279.25	884.5661	0.0	884.5661	884.5661	271.0	194.00406	56.373604	268.97363	-153.94635	6.991494	0.9749945	2.7254953	29.7291	-10.059172	-197.39844	0.17347077	0.0020631917	0.17741697	0.17048764	-0.043669716	1.0112745	0.79540807	7.9660325	3.0398369e-06	225.3722	72.65915	298.73727	4.318596	222.592	71.408676	294.18036	4.318596	199.11221	57.589848	258.7094	11.325507	-23.479765	20.26346	62.80711	-58.343403	27.575314	14.195394	62.80711	0.056894388	-0.04953381	0.3887894	6.280711	-0.22987674	961.9073	774.1239	3944.7332	0.0032369713	5.693745	20.161503	394.4733	5.3816777e-05
30	30999	8687.782962083817	810.04535	36.868557	843.04364	758.5852	249.66667	1456.7904	0.0	1456.7904	1456.7904	527.0	195.25966	56.96523	272.5758	-164.81956	6.5030107	0.97007895	2.707579	28.01971	-10.965576	-198.60231	0.1668903	0.0019269541	0.17058656	0.16269445	-0.053532813	1.0068527	0.78903896	7.71492	5.699694e-07	256.43796	54.953724	328.57407	4.2443123	252.90431	53.93179	319.9838	4.2443123	223.56432	47.404346	268.3631	0.025564551	-29.339989	15.525645	11.842594	-80.36709	29.46666	15.283864	80.36709	0.048392996	-0.11283269	0.078193694	1.1842594	-0.4811485	1101.8804	1088.4424	6458.8687	0.0023418819	4.127759	3.577045	20.391413	9.466345e-06
31	31999	9020.764266252518	930.4041	31.828142	965.7508	888.59564	296.33334	2035.8278	0.0	2035.8278	2035.8278	714.0	197.58095	57.77502	273.36536	-217.39943	6.4384747	0.9767059	2.704729	30.299374	-9.709935	-200.92961	0.16148263	0.0015665016	0.16329655	0.15705717	-0.042630915	1.002084	0.7894128	7.6960435	2.6226044e-06	231.1108	72.774025	298.14737	3.6685228	231.08844	72.835144	293.63144	3.6685228	202.10664	65.78282	264.261	-20.12261	-28.98178	11.348395	12.006864	-48.032593	29.125214	10.975043	48.032593	0.13468358	-0.14037769	0.16619013	1.2006863	-2.760157	968.72974	579.0886	2307.1301	0.018139664	4.346921	3.8728526	76.18467	0.00041480115
32	32999	9359.93325829506	1227.4874	706.61816	2040.1227	317.50146	400.66666	1075.604	0.0	1075.604	1075.604	344.0	198.7022	58.044033	276.43976	-184.6028	6.186015	1.0218523	2.7023652	29.47558	-10.959896	-201.9752	0.15933271	0.0020379664	0.16215323	0.15631872	0.040215842	0.99961716	0.78832537	8.473359	8.6426735e-07	267.2426	57.71646	324.93033	3.5509465	264.97678	56.646683	318.82077	3.5509465	232.07895	45.315044	265.56775	-0.3894955	-32.897846	19.560404	21.817709	-130.08809	34.718433	16.109257	130.08809	0.13599613	-0.115675874	0.0777182	0.21367365	-0.40869555	1464.8777	1291.2428	16922.91	0.018494947	5.167877	4.042849	53.166424	0.0018494946
33	33999	9698.39510178566	814.05566	116.00783	1013.16974	722.38556	256.5	730.5749	0.0	730.5749	730.5749	227.0	201.48468	56.419754	278.51367	-189.65813	6.4801993	1.0186378	2.7715085	29.684029	-11.335201	-204.74493	0.16722244	0.0025184231	0.17032164	0.16185825	0.03373355	1.02214	0.8088749	8.236995	2.0861626e-06	232.97362	72.993614	301.9018	4.325098	231.40823	73.6301	306.75427	4.325098	205.08269	60.82852	259.48743	12.377086	-26.325562	16.779112	17.770025	-66.47898	26.84858	15.928829	66.47898	0.035336196	-0.08906969	0.13310742	1.7770025	-0.22116594	974.5737	941.292	4419.4546	0.0012486468	3.691882	3.2838209	31.577377	2.3221235e-05
34	34999	10034.034295082092	746.6847	225.15315	996.6003	381.15625	239.75	911.5632	0.0	911.5632	911.5632	278.0	202.75232	55.98301	278.31342	-190.98434	7.406255	1.0084829	2.79164	29.388987	-10.091655	-205.93451	0.16726413	0.0014858473	0.17039837	0.16548494	0.015226294	1.0085224	0.81219614	7.6720643	8.940697e-08	256.90976	71.27026	329.61954	3.1563926	254.9688	71.32819	323.49756	3.1563926	218.47588	55.11187	269.09802	2.7690241	-36.492954	20.565237	45.43653	-77.53431	37.973034	17.683708	77.53431	0.24768406	-0.108979225	0.29072395	4.543653	-0.8653767	1754.6646	1391.9381	6011.569	0.061347395	6.960345	10.469956	206.44781	0.00079080433
35	35999	10372.181052684784	1047.5231	100.24544	1142.4778	908.8787	319.0	1439.2913	0.0	1439.2913	1439.2913	452.0	204.17838	56.05818	275.2026	-196.79027	6.5368004	0.9383497	2.7192373	32.62758	-10.668837	-207.22632	0.16061218	0.005391775	0.16909775	0.15373328	-0.11247045	0.98219514	0.78854734	9.403161	2.9802322e-08	292.20697	23.158083	326.66986	220.30247	291.03278	20.423653	321.84293	212.5141	249.88101	14.488222	278.46436	191.14536	-41.151745	12.680159	3.033802	-65.105995	41.173058	12.610783	65.105995	0.27131408	-0.1398354	0.038657904	0.012552976	-0.22885972	1854.2526	943.50104	4238.791	0.07361134	6.235806	2.9599133	14.216044	0.00027657495
36	36999	10709.895089149475	1019.6901	178.27507	1267.6619	856.2642	319.33334	835.27856	0.0	835.27856	835.27856	258.0	205.24295	57.421906	276.2496	-194.10628	5.583661	0.9645816	2.7115567	33.1986	-10.410786	-208.2615	0.1497345	0.0025462916	0.1537129	0.1454176	-0.06717664	0.97392464	0.7847252	9.624918	3.4347177e-06	227.26517	76.240906	306.92996	2.2545803	227.22293	77.216225	306.17413	2.2545803	200.10393	63.204906	258.1955	-40.10849	-27.119009	17.139395	32.83933	-60.99503	28.37742	14.964012	60.99503	0.06508737	-0.101852454	0.23904116	2.4188983	-4.236307	1029.1996	868.66034	3720.3936	0.004236366	4.465047	7.8058896	179.46297	5.870567e-05
37	37999	11050.203075647354	1022.6166	101.78739	1183.3096	930.19464	314.0	1135.78	0.0	1135.78	1135.78	346.0	205.50972	58.553978	278.0245	-187.72769	5.4673076	0.9983146	2.7192802	33.355442	-11.285262	-208.43503	0.14574268	0.00052891934	0.14675526	0.14484443	-0.0031999918	0.9941224	0.79395974	9.438832	1.1920929e-06	252.26167	72.07566	323.65225	4.03086	251.67116	72.75134	319.06448	4.03086	217.9362	59.468006	273.5478	-16.377151	-33.734962	16.820248	9.529619	-60.64089	34.054977	16.162508	60.64089	0.26950383	-0.1354698	0.13001594	0.16032392	-2.0545676	1420.9683	1023.2387	3677.3171	0.07263232	5.1558022	3.6314676	42.212482	0.0005795545
38	38999	11371.569191455841	966.8303	31.686937	999.5141	923.9381	300.0	1083.2141	0.0	1083.2141	1083.2141	328.0	208.79668	58.386593	280.74985	-204.15637	5.4597287	1.0084124	2.7713645	32.630062	-11.333717	-211.69745	0.14652339	0.00055825454	0.14750902	0.14506777	0.016228385	0.99951285	0.7994582	11.324424	2.2649765e-06	262.01505	67.570366	327.9454	3.958508	259.76138	68.126366	325.3139	3.958508	225.74788	55.243088	276.2774	-22.808762	-34.01349	16.35199	15.057609	-63.101116	34.361263	15.607972	63.101116	0.28587842	-0.12899242	0.11006714	0.25115198	-2.676727	1424.305	1064.7124	3981.751	0.08172648	5.0075083	3.7779214	71.648674	0.0018567179
39	39999	11700.647681951523	1050.4507	101.83093	1147.2648	909.715	321.0	949.0058	0.0	949.0058	949.0058	284.0	212.29005	58.29594	286.61722	-206.32408	5.3308935	0.996548	2.80376	32.82837	-12.093519	-215.19427	0.1466255	0.0007308727	0.14781834	0.14483897	-0.006529387	1.0058829	0.80333745	11.176633	2.0116568e-07	258.04062	72.836494	323.08896	3.4235344	253.87035	71.684715	320.59808	3.4235344	220.50806	60.379787	274.83185	-10.60122	-33.362286	15.050692	8.439772	-65.19639	33.38843	14.992593	65.19639	0.02507824	-0.13038369	0.07391433	0.8439772	-1.4024755	1339.5653	1037.5905	4250.569	0.0006289182	4.764993	3.1186416	19.669374	3.497544e-05
40	40999	12030.047464132309	1117.0944	86.44838	1207.2517	1000.50543	337.66666	1268.7953	0.0	1268.7953	1268.7953	376.0	214.5173	58.864895	287.64484	-175.12764	4.9053907	0.97241616	2.767228	33.08882	-11.518835	-217.26712	0.14345743	0.001919129	0.1462209	0.14047076	-0.053518027	1.005314	0.798079	11.461938	7.0780516e-08	250.85835	74.959854	318.23465	3.8840146	245.95107	73.98826	310.69412	3.8840146	219.28621	64.86767	276.60437	-17.782833	-26.664864	13.580174	15.937286	-50.037964	27.117205	12.652801	50.037964	0.048685588	-0.10975518	0.11297636	0.6743219	-2.3005846	895.43616	636.4401	2503.7979	0.0023702867	3.4783812	2.7819262	52.926895	4.534214e-05
41	41999	12369.19357585907	1108.4822	95.14357	1242.3684	1029.9503	334.66666	2410.3003	0.0	2410.3003	2410.3003	1000.0	215.61815	59.863144	289.34024	-162.6154	4.8855844	0.9736263	2.7710912	34.196312	-11.056219	-218.3271	0.13802817	0.0017002131	0.1405504	0.13475136	-0.052272897	1.0041018	0.8030596	10.462467	1.437962e-06	275.30673	49.43769	336.96848	4.4091263	281.06088	49.193867	334.289	4.4091263	249.74138	43.020664	277.69135	-26.577477	-31.319494	17.224323	2.595591	-67.494286	31.340849	17.185436	67.494286	0.048219528	-0.11975988	0.16042924	0.009619957	-3.0986602	1277.588	1157.7218	4555.4785	0.002325123	4.534903	5.7261806	96.01695	8.630901e-06
42	42999	12699.281816482544	1349.1754	258.1206	1607.296	1091.0548	410.0	1059.7637	0.0	1059.7637	1059.7637	318.0	214.97043	61.42674	288.65805	-79.1568	4.599133	0.9941228	2.768984	35.263405	-12.477829	-217.62994	0.13414802	0.00062635355	0.13531531	0.13311838	-0.011757465	1.0118079	0.8045425	11.3750925	7.1525574e-07	256.31097	67.27379	315.09933	4.9780073	251.47008	66.858215	311.11633	4.9780073	227.45702	61.917747	282.41217	1.448153	-24.013088	10.865705	15.138657	-42.79031	24.234621	10.36219	42.79031	0.040493388	-0.09422321	0.07598487	0.74843806	-0.7197148	694.6919	462.5281	1831.0107	0.0016397145	2.7212894	1.6737703	8.838441	6.5173895e-06
43	43999	13037.605376958847	1242.5835	218.9274	1495.1078	961.1846	382.33334	3066.0366	0.0	3066.0366	3066.0366	1000.0	214.9092	61.818924	286.76004	-172.3015	4.653621	1.0019655	2.7777474	31.595226	-11.573852	-217.48564	0.13474762	0.0004804785	0.13572054	0.1334809	0.004018226	1.0164965	0.80743146	11.623623	2.9802322e-07	272.7875	76.315125	339.6902	2.9356833	266.4135	75.19432	332.39056	2.9356833	245.95845	39.750023	280.83875	27.346478	-20.455086	59.020977	247.6109	-96.27622	48.606716	39.233574	247.6109	0.189859	0.14854038	1.6733568	24.761091	-0.40708643	3901.8865	8309.9375	61311.16	0.036046438	59.511234	397.51614	6131.116	0.00019215436
44	44999	13372.856530189514	1536.552	176.98077	1713.5327	1359.5712	465.0	3177.354	0.0	3177.354	3177.354	1000.0	217.29019	61.914864	289.7229	-174.8246	4.5034328	0.9842729	2.7421308	30.587025	-15.771488	-219.90591	0.13156101	0.00079427427	0.13394785	0.1305894	-0.031762157	0.99950343	0.8047589	11.044813	9.685755e-07	303.68225	28.356388	335.47647	181.048	302.86554	29.872587	336.60828	174.1218	255.86548	20.976685	280.84625	154.18092	-47.000034	13.122274	-9.10313	-75.26662	47.000034	13.122274	75.26662	9.10313	-0.1529986	0.034253392	-0.036546137	-0.23449922	2381.197	1167.9722	5665.0635	82.86699	7.62803	3.425524	17.649961	0.33268428
45	45999	13707.52917432785	1009.2691	507.82883	1600.1455	202.0643	311.75	2972.2341	0.0	2972.2341	2972.2341	1000.0	219.80235	62.945614	293.4508	-161.49069	4.9961357	1.0168151	2.7840512	32.23821	-11.832443	-222.43416	0.1315018	0.0009735466	0.1339631	0.1301799	0.03405543	1.0019283	0.8145246	11.599361	1.5646219e-07	304.61423	14.325908	325.4337	241.71591	309.5386	13.190454	326.60117	257.77646	271.68686	11.729659	285.57864	223.55978	-37.85175	7.589745	-8.834038	-55.085365	37.85175	7.589745	55.085365	8.834038	-0.122024566	0.023111979	-0.031342633	-0.17475715	1490.359	509.40997	3034.3972	78.04022	4.789841	1.5733159	9.626562	0.276882
46	46999	14047.88478422165	1133.1343	0.0	1133.1343	1133.1343	343.0	2821.3157	0.0	2821.3157	2821.3157	1000.0	222.09479	63.732246	297.33533	-176.06671	5.8489404	1.0286094	2.7504485	32.007988	-10.218194	-224.63351	0.13855246	0.0018773966	0.14067185	0.13398916	0.05691088	1.0011414	0.81215143	12.337405	5.275011e-06	297.98907	15.475769	320.29654	235.52963	306.96036	12.232782	320.49402	253.8551	271.5168	10.708037	286.4566	225.19348	-35.443542	5.226314	-27.899847	-70.6598	35.443542	5.226314	70.6598	27.899847	-0.11531772	0.014962957	-0.089175776	-0.22277948	1283.5591	440.515	4992.8066	778.4014	4.1628876	1.3402663	15.741552	2.5010252
47	47999	14385.716594457626	2194.0562	881.15216	3075.2083	1312.9039	697.0	3209.385	0.0	3209.385	3209.385	1000.0	223.7227	63.19289	302.57132	-203.53366	5.1066933	1.0177764	2.7330787	31.842072	-10.640311	-226.22629	0.14280829	0.0013141112	0.1449518	0.14030024	0.034738548	1.0083723	0.8158967	11.624981	3.5762787e-07	320.93362	22.298328	347.23483	241.15047	320.8628	16.489527	342.96667	256.7556	278.91144	13.648968	293.72253	224.89131	-41.951397	5.2823067	-29.25172	-59.33775	41.951397	5.2823067	59.33775	29.25172	-0.13053988	0.012815446	-0.09101594	-0.17347425	1787.8228	458.65143	3520.9685	855.66315	5.5388565	1.2430493	10.293572	2.6623728
48	48999	14721.451265573502	1659.8279	0.0	1659.8279	1659.8279	521.0	3144.7964	0.0	3144.7964	3144.7964	1000.0	225.4942	63.15844	298.9563	-147.52441	5.022638	0.97704405	2.7449632	32.10511	-10.545716	-227.96985	0.14232562	0.0012303628	0.14443375	0.1391099	-0.044778414	1.0073711	0.814191	14.288098	1.013279e-06	227.02982	79.529205	333.82114	2.9903505	223.84726	80.29702	326.20856	2.9903505	261.0993	19.96262	281.5869	94.2325	37.25205	76.38315	249.0727	-57.270844	63.16252	56.855927	249.0727	0.077022694	0.8064781	2.7299101	23.712322	-0.1770309	7222.0996	12320.672	62037.203	0.005932495	158.07474	593.2251	5622.742	2.135278e-05
49	49999	15063.645875692368	1810.0201	671.5593	2720.0264	1119.6356	560.3333	2896.1667	0.0	2896.1667	2896.1667	1000.0	227.05377	62.62258	295.97937	-168.29979	5.2525053	0.959698	2.7809982	33.40316	-11.753729	-229.5165	0.13519055	0.0028133933	0.13921785	0.13020626	-0.08063001	1.004733	0.80919284	15.564462	5.0365925e-06	305.43652	15.529471	324.76758	239.46114	310.14203	13.422589	328.2786	252.64632	275.61948	11.509938	287.86725	226.30923	-34.522545	4.5522494	-23.98104	-48.865036	34.522545	4.5522494	48.865036	23.98104	-0.11116899	0.012567795	-0.07858931	-0.1513182	1212.5289	320.77496	2387.7917	575.0902	3.891955	0.9433564	7.39417	1.8846533
50	50999	15403.284666061401	2277.0232	0.0	2277.0232	2277.0232	763.0	2982.2317	0.0	2982.2317	2982.2317	1000.0	227.68134	63.268314	298.54227	-151.53975	5.855453	1.0107176	2.7600908	31.601028	-15.013183	-230.10924	0.1308545	0.0014047696	0.13376814	0.12892249	0.021794101	0.9965763	0.8053246	12.677087	1.8179417e-06	308.01505	16.568567	327.04443	239.63437	315.57898	14.683418	332.7869	257.11343	277.2577	12.827191	290.40134	224.34998	-38.321316	3.965213	-29.683355	-48.25105	38.321316	3.965213	48.25105	29.683355	-0.12136732	0.010331316	-0.09600541	-0.14947991	1484.2465	308.3816	2328.1636	881.10156	4.687343	0.8644404	7.212562	2.8850486
51	51999	15742.586360931396	2085.3933	0.0	2085.3933	2085.3933	653.0	3016.0857	0.0	3016.0857	3016.0857	1000.0	229.27716	63.694286	300.44604	-132.66418	5.5901113	1.0015028	2.7492774	31.299887	-12.139548	-231.68857	0.13319376	0.000399244	0.13415928	0.13245216	0.0030943593	0.98358035	0.796233	11.613523	1.4528632e-06	321.96747	19.510546	343.62103	245.39977	327.265	17.193312	345.31787	260.88693	279.2465	12.727292	290.41492	225.02722	-48.01846	6.8671255	-33.24136	-67.69795	48.01846	6.8671255	67.69795	33.24136	-0.1462686	0.015841395	-0.10732455	-0.19636513	2352.9294	667.0149	4583.0127	1104.9879	7.1277995	1.7860304	13.293517	3.5676138
52	52999	16069.510642766953	2278.6838	858.52295	3137.2068	1420.1609	712.5	2347.3872	0.0	2347.3872	2347.3872	690.0	231.2039	63.711136	299.87054	-98.95803	5.2902026	1.0014598	2.7032518	31.92642	-10.653807	-233.5741	0.13244037	0.000777546	0.13382359	0.13100424	0.0030011043	0.97321117	0.79832697	12.176948	4.015863e-06	306.305	35.990047	345.8167	139.97974	296.40588	35.851147	333.99973	128.32668	261.1456	33.661907	293.74884	110.89556	-35.260326	5.5831466	-13.43593	-48.534706	35.260326	5.5831466	48.534706	13.43593	-0.11997141	0.02102733	-0.06430065	-0.21727172	1274.462	385.43112	2355.6177	180.52422	4.303193	1.3293993	9.919539	0.863939
53	53999	16398.75452542305	1367.8037	0.0	1367.8037	1367.8037	405.0	3276.083	0.0	3276.083	3276.083	1000.0	231.84937	64.23926	303.3956	-121.39948	5.315104	1.0024737	2.7078807	27.943817	-11.353494	-234.19907	0.1348448	0.00047291798	0.13562232	0.13372573	0.005031553	0.97559303	0.801865	12.964779	1.4901161e-07	308.60886	26.471273	342.87827	212.10622	306.53088	26.63281	341.47217	207.28622	272.43243	18.82228	295.81583	196.65903	-34.098446	10.362859	-5.604083	-56.75157	34.098446	10.362859	56.75157	5.604083	-0.10940812	0.02815359	-0.021050176	-0.1723588	1270.0929	661.3579	3220.7407	31.405746	4.0178676	1.9340527	9.781632	0.117966935
54	54999	16730.607760429382	2171.78	593.8821	2765.662	1577.898	647.0	3170.2935	0.0	3170.2935	3170.2935	1000.0	232.91301	64.842224	303.89508	-112.60506	5.3129444	0.986996	2.7323453	29.57784	-13.339922	-235.25269	0.13145852	0.0011163047	0.13423665	0.12991595	-0.02618615	0.98262095	0.80927664	12.910189	5.364418e-06	308.5565	41.30414	344.0693	80.904655	306.74448	42.856953	346.0308	80.78683	265.46106	35.996895	295.85013	63.128952	-41.283386	11.059914	-17.26533	-69.50558	41.283386	11.059914	69.50558	17.26533	-0.13430275	0.027377056	-0.07611991	-0.24041188	1826.6394	966.0024	4831.026	298.0916	5.7723856	2.598209	14.163024	1.4784787
55	55999	17060.73737335205	2569.0225	0.0	2569.0225	2569.0225	770.0	1120.8418	0.0	1120.8418	1120.8418	341.0	234.79543	64.81839	303.8333	-113.96069	5.4671154	1.0458348	2.7623405	31.025402	-10.937331	-237.13734	0.13504608	0.0028218667	0.14109026	0.13118036	0.09144635	0.9904168	0.8121935	11.06406	4.6491623e-06	296.24435	51.38628	344.8353	4.301278	289.383	50.57552	336.44977	4.301278	271.681	37.752758	300.28528	14.4641075	-17.702028	19.728949	34.635475	-49.315014	24.243473	10.71668	49.315014	0.047427036	-0.04586177	0.099171594	1.0162829	-0.14976801	702.5932	494.87552	2431.9707	0.0022493238	2.421353	1.6679153	10.32831	8.340489e-06
56	56999	17390.15129852295	2451.3528	487.31494	2938.6677	1964.0378	737.5	3083.4407	0.0	3083.4407	3083.4407	1000.0	236.96811	65.766655	306.60193	-133.52304	5.420175	0.98731303	2.7334313	29.100395	-10.630369	-239.32484	0.14111303	0.0016083097	0.14347628	0.1381652	-0.024905981	0.98784435	0.80653	11.729845	2.3841858e-07	300.4737	21.707882	323.15936	214.21216	303.95297	20.735899	326.21356	216.98163	277.75662	18.163614	298.40738	199.5081	-26.196373	6.942493	-8.544376	-43.555656	26.196373	6.942493	43.555656	8.544376	-0.08577716	0.020387787	-0.028074665	-0.13889414	734.4481	366.17825	1897.0953	73.00637	2.3842964	1.1254404	6.049626	0.23988052
57	57999	17720.005966424942	3066.9524	0.0	3066.9524	3066.9524	921.0	3236.6982	0.0	3236.6982	3236.6982	1000.0	238.23717	65.507454	309.34406	-121.68459	5.1671047	0.9982607	2.7362235	27.93026	-14.548718	-240.4585	0.1381361	0.00038969796	0.1392207	0.1376424	-0.0033800865	0.9825677	0.8101123	12.22685	4.172325e-07	328.36954	21.295158	352.2544	248.8522	329.04404	18.756119	352.49698	259.27606	285.54666	13.105858	301.8451	232.18365	-43.49739	8.086761	-25.82221	-57.919956	43.49739	8.086761	57.919956	25.82221	-0.13142252	0.019604044	-0.093086414	-0.17077725	1957.4188	675.1808	3354.7214	666.78656	5.872397	1.866056	9.891411	2.4680989
58	58999	18056.046555757523	3154.6587	0.0	3154.6587	3154.6587	1000.0	3185.5454	0.0	3185.5454	3185.5454	1000.0	239.09483	65.49012	308.70517	-113.69822	4.890788	0.9881322	2.7386098	27.826061	-12.036261	-241.3536	0.13690376	0.0005231567	0.13809013	0.13546747	-0.023577001	0.9806899	0.80745393	11.140368	2.9802322e-07	321.55444	20.026701	342.1852	244.29066	327.23987	18.49384	347.7607	256.03494	289.28247	14.852189	303.21692	232.10043	-37.957413	4.8557568	-23.758053	-50.81579	37.957413	4.8557568	50.81579	23.758053	-0.11566162	0.010542485	-0.08386521	-0.14655866	1464.3436	355.0443	2582.2444	564.44507	4.438224	0.9263623	7.447494	2.1386364
59	59999	18391.146141290665	2161.7617	764.54614	2926.3079	1397.2156	654.5	3091.271	0.0	3091.271	3091.271	1000.0	240.56267	65.45828	308.23392	-106.31829	4.657064	0.98202854	2.7156212	28.121626	-12.657606	-242.76022	0.13399513	0.00080254104	0.13545841	0.13181348	-0.03613873	0.9918255	0.80915934	13.74724	2.9802322e-08	302.0187	19.770046	324.74084	232.64735	309.23303	20.56383	334.23038	245.58572	283.447	14.31961	303.11475	217.3667	-25.786036	10.114111	3.9983466	-73.64584	25.861832	9.918696	73.64584	0.55716217	-0.08201469	0.030055711	0.015408734	-0.2530676	767.21484	471.75735	5423.711	0.31042966	2.4161143	1.4512335	18.637377	0.0011626099
60	60999	18729.22702550888	3239.4282	0.0	3239.4282	3239.4282	1000.0	3241.803	0.0	3241.803	3241.803	1000.0	242.6523	65.73681	312.08865	-120.610985	4.153063	0.9774069	2.7459722	28.088829	-11.140325	-244.76935	0.12811647	0.0013780616	0.131785	0.12673353	-0.04617901	0.9920293	0.8097559	11.756549	6.67572e-06	325.4642	19.269325	341.75522	250.09595	332.1819	18.089281	346.29868	263.5172	292.5182	15.770872	306.50858	232.78706	-39.663662	3.882945	-30.013704	-53.27549	39.663662	3.882945	53.27549	30.013704	-0.119328864	0.008662085	-0.104057245	-0.15497324	1588.2834	316.6528	2838.278	900.8224	4.76132	0.816398	8.256276	3.3962405
61	61999	19064.7624399662	3280.6	0.0	3280.6	3280.6	1000.0	1133.3877	0.0	1133.3877	1133.3877	336.0	245.50217	65.35611	312.40347	-102.56272	5.3157616	1.0150671	2.7927465	30.277985	-10.400745	-247.67906	0.1281394	0.0011925022	0.13049208	0.12669912	0.030995857	1.004552	0.821998	15.993806	2.3841858e-06	299.0323	68.72615	344.35275	3.418447	303.93753	71.55111	345.9679	3.418447	291.09882	16.325571	307.73315	232.38603	-12.838695	66.23436	290.61267	-50.318058	50.44623	44.799553	290.61267	23.371225	0.24038199	1.9152248	28.160936	-0.14928512	4551.8228	11561.991	84455.734	546.2142	81.22996	507.37534	7930.383	1.9722493
62	62999	19385.772347211838	1767.7487	0.0	1767.7487	1767.7487	538.0	3219.688	0.0	3219.688	3219.688	1000.0	246.4227	65.97754	314.7353	-104.17563	4.296532	0.98705155	2.7877817	27.84925	-10.652359	-248.57686	0.12962808	0.0007898757	0.13092384	0.12740234	-0.026498305	1.010462	0.82181996	12.675642	3.1292439e-07	323.74277	19.82751	341.85754	245.89203	330.5528	18.349014	347.6317	260.90875	293.3525	14.960604	307.59494	234.62857	-37.200333	4.9069014	-25.004597	-49.345646	37.200333	4.9069014	49.345646	25.004597	-0.11223786	0.011042213	-0.08233671	-0.14274122	1407.9424	354.91858	2434.993	625.22986	4.2261553	0.93672633	7.0378942	2.1191888
63	63999	19707.318437099457	1861.7136	1347.0627	3208.7764	514.65094	592.5	3224.61	0.0	3224.61	3224.61	1000.0	246.51846	66.295204	319.96936	-120.4515	4.8178105	1.0449537	2.8110683	29.915302	-11.4699955	-248.68073	0.1287063	0.003259069	0.13612847	0.12525898	0.091224745	1.0216722	0.82870173	13.688498	1.4603138e-06	325.42316	18.598516	343.16	250.2503	332.9244	17.661575	349.23495	262.67593	295.42047	15.971349	308.14307	233.49628	-37.503933	3.1741261	-27.841276	-45.501972	37.503933	3.1741261	45.501972	27.841276	-0.11267234	0.007674164	-0.08560393	-0.13241453	1416.62	235.13422	2070.4294	775.13666	4.244358	0.6056277	5.9954	2.3833227
64	64999	20041.197720766068	3177.3672	0.0	3177.3672	3177.3672	1000.0	3176.1938	0.0	3176.1938	3176.1938	1000.0	245.90454	66.49799	322.9584	-108.569626	5.0667477	0.9756016	2.7617857	27.61876	-10.185432	-248.00671	0.13342282	0.0016713506	0.13627426	0.1304169	-0.049001373	1.0080017	0.81695545	13.433037	2.0861626e-06	315.8425	19.69765	338.34274	242.8008	326.39844	18.566238	345.15073	258.49445	289.54962	15.380084	307.89716	234.25809	-36.848877	5.238346	-24.236372	-49.75443	36.848877	5.238346	49.75443	24.236372	-0.11259657	0.012460391	-0.08194894	-0.14976846	1385.2797	384.12906	2475.5032	587.40173	4.2106476	1.0476012	7.4516444	2.2399232
65	65999	20373.645270586014	3170.138	0.0	3170.138	3170.138	1000.0	3183.9033	0.0	3183.9033	3183.9033	1000.0	246.62813	65.99491	319.59482	-104.84334	4.322263	0.9467533	2.728273	27.0068	-11.422221	-248.62103	0.1259067	0.003062797	0.1311721	0.12091035	-0.11023604	0.99551	0.80664444	14.08538	1.1920929e-07	321.79404	18.538218	338.65387	247.2391	331.13138	17.363005	344.59937	263.91254	293.77405	16.601097	308.4621	232.66142	-37.35732	2.2182043	-30.720745	-46.111855	37.35732	2.2182043	46.111855	30.720745	-0.11300113	0.007009809	-0.09528629	-0.1419885	1400.4897	166.07135	2126.303	943.76416	4.2306404	0.464024	6.547353	3.0488803
66	66999	20707.577116966248	3188.7585	0.0	3188.7585	3188.7585	1000.0	3148.4993	0.0	3148.4993	3148.4993	1000.0	248.18323	66.26531	319.09592	-91.7139	4.3126025	0.9787458	2.738341	26.560452	-11.455703	-250.1519	0.117646456	0.0013508422	0.1208921	0.11568085	-0.045211133	1.0004302	0.815232	13.06938	8.34465e-07	319.51202	17.956131	336.8421	245.58641	329.1008	17.098124	343.03043	262.01257	295.9795	17.2223	310.96112	231.87457	-33.121326	1.9640806	-28.628801	-39.647076	33.121326	1.9640806	39.647076	28.628801	-0.10094399	0.008271687	-0.08508462	-0.12229956	1100.8801	131.98067	1571.8905	819.6083	3.3550107	0.4433966	4.8488197	2.4497259
67	67999	21039.61967730522	3202.2363	0.0	3202.2363	3202.2363	1000.0	3210.0273	0.0	3210.0273	3210.0273	1000.0	250.35716	65.878044	318.0489	-104.08445	4.0188594	0.99437976	2.7729206	26.760796	-10.072779	-252.31944	0.11581302	0.0006855097	0.11708375	0.11473889	-0.012033841	1.0059636	0.82026213	15.445492	3.7550926e-06	323.7847	19.491001	341.62424	247.58241	330.34164	17.371756	345.13757	262.69504	298.3165	17.62775	312.39362	232.46214	-32.025173	1.992433	-27.355543	-41.675385	32.025173	1.992433	41.675385	27.355543	-0.09727187	0.008623468	-0.0815011	-0.12882118	1029.5815	128.58961	1736.8376	748.32574	3.1279175	0.4425137	5.368672	2.2342763
68	68999	21376.6774122715	1237.1853	0.0	1237.1853	1237.1853	362.0	3229.8286	0.0	3229.8286	3229.8286	1000.0	252.60414	65.406876	317.68286	-114.96338	3.7543707	0.9826243	2.749789	28.045048	-11.44717	-254.58357	0.11543901	0.0014688645	0.11710051	0.112465754	-0.03762488	0.996315	0.8113537	12.896349	8.046627e-07	325.09982	18.965458	341.5746	250.34145	331.07922	18.483734	346.4814	261.52536	299.74197	17.796497	314.31256	233.8621	-31.33724	2.2113588	-25.193848	-40.6784	31.33724	2.2113588	40.6784	25.193848	-0.09483718	0.0070885215	-0.07650407	-0.12674436	986.91266	138.89578	1654.7322	634.7299	2.9821284	0.3911687	5.155758	1.9700843
69	69999	21713.848832130432	3171.6165	56.105225	3227.7217	3115.5112	970.0	3242.246	0.0	3242.246	3242.246	1000.0	254.9373	65.387726	319.4614	-121.29549	3.6474814	1.0060002	2.7937922	29.75404	-12.172377	-256.86368	0.11298417	0.000489959	0.11391291	0.11201842	0.013135754	0.99955225	0.8167365	13.862812	1.1026859e-06	325.04797	19.275793	342.21576	250.11697	332.2716	17.897835	348.00482	262.69403	299.14487	17.033438	312.5244	236.17181	-33.126724	2.7826333	-24.98209	-42.402283	33.126724	2.7826333	42.402283	24.98209	-0.09983205	0.008057459	-0.07411802	-0.1278509	1105.1226	183.70894	1797.9535	624.1048	3.3241653	0.50530267	5.3378906	1.8516228
70	70999	22050.544862508774	3246.2295	0.0	3246.2295	3246.2295	1000.0	3293.2156	0.0	3293.2156	3293.2156	1000.0	254.85748	65.8318	320.66968	-93.37246	3.871081	0.9715047	2.7888613	28.856884	-12.121801	-256.7629	0.110649936	0.0014084794	0.113728	0.10892493	-0.06250376	0.9910102	0.814041	12.239376	1.1026859e-06	331.62125	19.22433	348.37482	253.44855	333.86548	17.49322	349.35974	264.72083	299.81552	16.596596	313.30682	236.01941	-34.049957	2.937074	-28.171621	-46.22867	34.049957	2.937074	46.22867	28.171621	-0.10210324	0.008296434	-0.08422634	-0.13587292	1168.0261	209.3863	2137.0896	793.64026	3.4958277	0.57787925	6.2812243	2.3969684
71	71999	22390.14287996292	3253.3835	0.0	3253.3835	3253.3835	1000.0	3284.4612	0.0	3284.4612	3284.4612	1000.0	255.05731	65.96215	321.26437	-95.38034	3.920789	1.01208	2.826907	28.101673	-10.221578	-256.9729	0.1095896	0.0009618415	0.11126192	0.108032346	0.026746761	0.9920122	0.820013	12.50077	2.682209e-07	331.1833	20.39978	351.67407	251.04619	333.2165	18.200554	348.25406	263.09912	299.36685	16.25052	313.53983	236.1803	-33.84966	3.6847847	-26.838522	-46.650974	33.84966	3.6847847	46.650974	26.838522	-0.101523526	0.008765111	-0.08283011	-0.13874345	1159.3772	259.7473	2176.3135	720.3063	3.4645834	0.6874686	6.472517	2.342333
72	72999	22726.279945373535	3237.7947	0.0	3237.7947	3237.7947	1000.0	3217.5898	0.0	3217.5898	3217.5898	1000.0	256.44476	65.7424	325.6092	-108.428665	3.9181602	0.99670446	2.7976239	29.441328	-10.720795	-258.39944	0.1108188	0.00044589312	0.11164451	0.10981348	-0.0072055175	0.98865354	0.8187701	13.570134	1.4901161e-06	322.5963	19.455036	341.80542	246.79518	329.12512	18.524376	344.08087	258.852	301.64432	17.196753	316.72784	237.501	-27.48079	2.5652323	-20.347567	-39.627796	27.48079	2.5652323	39.627796	20.347567	-0.08351249	0.006444454	-0.06595624	-0.11648248	761.7742	140.97995	1570.3622	414.02344	2.308142	0.37902653	4.615944	1.4707154
73	73999	23061.526475906372	3239.8508	0.0	3239.8508	3239.8508	1000.0	3269.994	0.0	3269.994	3269.994	1000.0	259.38446	63.994648	328.20963	-89.225204	3.8032305	0.990864	2.7885802	26.890408	-12.01668	-261.32034	0.10853287	0.0010326427	0.11051682	0.10690858	-0.020133127	0.9846227	0.816796	12.402123	9.983778e-07	325.53305	20.064564	342.80334	249.11731	333.28268	18.76754	348.50244	263.037	300.715	16.509872	315.6871	237.82166	-32.56766	4.1651926	-21.656567	-47.635216	32.56766	4.1651926	47.635216	21.656567	-0.09758013	0.010026787	-0.066712275	-0.13959734	1078.0013	281.69327	2269.114	469.00687	3.2160268	0.7621255	6.6497498	1.4447588
74	74999	23401.793308019638	3274.8052	0.0	3274.8052	3274.8052	1000.0	3268.6099	0.0	3268.6099	3268.6099	1000.0	261.267	63.986507	323.6266	-119.08759	3.8983035	0.98928654	2.8163252	32.4329	-12.875651	-263.1929	0.10566542	0.0012331032	0.108697005	0.10398526	-0.023790257	0.9809842	0.8117876	13.287704	3.5762787e-07	326.55875	20.559185	346.1064	246.52473	332.23886	18.893242	347.3785	260.1636	303.3077	17.242119	317.22833	237.35397	-28.93116	2.7349446	-20.514742	-33.69066	28.93116	2.7349446	33.69066	20.514742	-0.08706257	0.0064930134	-0.064647906	-0.10454834	844.49194	149.72609	1135.0605	420.85464	2.5328052	0.38442323	3.4823005	1.326235
75	75999	23739.75239610672	3241.6191	0.0	3241.6191	3241.6191	1000.0	3295.1113	0.0	3295.1113	3295.1113	1000.0	262.3959	63.687027	324.77982	-91.24811	3.9311297	1.0021228	2.8377898	31.259142	-11.378311	-264.32593	0.10765152	0.00061720225	0.109000064	0.10665959	0.0048043993	0.9852841	0.8160944	11.658564	2.1234155e-06	331.17612	20.896017	350.15558	252.18555	335.07428	18.370712	350.18552	265.35098	303.32666	17.57067	317.83212	236.78256	-31.747604	3.0847552	-24.48539	-41.518368	31.747604	3.0847552	41.518368	24.48539	-0.09488291	0.008978534	-0.07349767	-0.11993551	1017.4262	203.16249	1723.775	599.53436	3.0347757	0.5678166	4.960734	1.7996192
76	76999	24076.107506752014	3251.3535	0.0	3251.3535	3251.3535	1000.0	3190.29	0.0	3190.29	3190.29	1000.0	264.20547	63.267406	323.53394	-91.57571	3.8758652	0.9922685	2.839023	32.120083	-12.9848385	-266.04544	0.10801631	0.0007866866	0.10925408	0.10609806	-0.017222347	0.98464227	0.8140811	13.06739	4.351139e-06	307.03738	46.7144	341.9982	59.60266	310.0412	49.31702	348.15817	57.38693	287.3856	39.296833	318.64133	28.971178	-22.655573	15.909855	26.358618	-80.66839	25.107763	11.661847	80.66839	0.013681241	-0.06627565	0.071158424	0.40704376	-0.7357598	766.3984	652.07544	6507.3887	0.00018717637	2.5046167	2.962985	59.35256	6.919999e-07
77	77999	24413.675161361694	3280.7407	0.0	3280.7407	3280.7407	1000.0	3298.5967	0.0	3298.5967	3298.5967	1000.0	265.38312	63.91165	324.78186	-110.001724	3.7141933	0.9770826	2.8338041	29.851326	-10.750835	-267.21698	0.10357289	0.0010217743	0.10608187	0.1016394	-0.051774155	0.98204166	0.814572	13.331569	2.6775524e-07	330.4599	18.255075	347.11148	254.64401	335.5676	16.941545	349.7545	263.53763	305.51648	17.114372	320.3833	237.44228	-30.051117	2.562792	-24.147644	-39.216534	30.051117	2.562792	39.216534	24.147644	-0.08980466	0.00910259	-0.07138578	-0.11895823	909.6375	157.68701	1537.9365	583.1087	2.7181344	0.4925344	4.453964	1.7303709
78	78999	24750.937888383865	3274.6145	0.0	3274.6145	3274.6145	1000.0	3292.1592	0.0	3292.1592	3292.1592	1000.0	265.1284	65.31183	325.37573	-92.30539	3.6390429	1.0120598	2.8505912	31.564589	-11.627973	-266.95312	0.102773815	0.0007821286	0.104346104	0.1018878	0.027451389	0.99152863	0.82061064	13.457161	4.7683716e-07	329.88763	19.934927	352.8916	251.23447	334.35083	18.127914	353.80008	263.85236	306.87088	17.755758	322.61584	238.13055	-27.479921	2.6195498	-20.958817	-35.841537	27.479921	2.6195498	35.841537	20.958817	-0.082365215	0.008238391	-0.06322386	-0.10403516	762.00824	148.39159	1284.6158	439.27194	2.2809327	0.42740867	3.6988587	1.3250973
79	79999	25089.708599328995	3269.5146	0.0	3269.5146	3269.5146	1000.0	3282.4004	0.0	3282.4004	3282.4004	1000.0	265.5946	64.82677	324.80026	-131.0847	3.7083983	1.0092146	2.7920318	29.317993	-11.829725	-267.3859	0.10671847	0.0011787281	0.10838202	0.1040876	0.020868046	0.9893077	0.8115511	14.15244	1.8030405e-06	329.30936	19.419073	346.80374	251.1828	332.5056	17.655838	348.68585	263.38162	306.56476	18.277485	321.42328	237.45728	-25.940847	2.2147975	-19.757746	-32.37149	25.940847	2.2147975	32.37149	19.757746	-0.07835579	0.009073867	-0.05855382	-0.106013656	677.8329	113.84748	1047.9133	390.36853	2.049647	0.3914049	3.2133942	1.1652081
80	80999	25424.93914461136	2481.2578	0.0	2481.2578	2481.2578	731.0	3294.5645	0.0	3294.5645	3294.5645	1000.0	266.66382	64.65056	325.74118	-74.49305	3.5420692	1.0142028	2.800563	31.164345	-11.510601	-268.4647	0.106167026	0.0007372297	0.107883185	0.10484485	0.031840026	0.9902605	0.81251156	15.669458	2.9802322e-08	306.50745	55.912464	345.2954	4.8668013	310.68332	57.43195	349.0978	4.8668013	290.53137	46.175816	323.23706	32.086155	-20.15196	15.179826	35.013294	-36.453487	23.052862	10.251539	36.453487	0.03153791	-0.04183109	0.1912821	3.5013294	-0.106618084	636.52856	379.0061	1328.8567	0.0009946397	2.4675765	5.7182865	122.59309	3.4794118e-06
81	81999	25763.208931684494	3283.734	0.0	3283.734	3283.734	1000.0	3297.5305	0.0	3297.5305	3297.5305	1000.0	267.56735	64.90632	325.64633	-127.48997	3.22186	0.9696816	2.7493849	29.58748	-11.0945	-269.30005	0.10558431	0.0015813414	0.10815834	0.102940425	-0.06812876	0.98118603	0.8075579	18.590788	2.4735928e-06	329.4346	18.54074	346.44672	253.55208	333.598	17.409199	347.28738	264.4776	305.53287	16.807398	321.7237	240.7143	-28.065136	2.580344	-22.564926	-40.503643	28.065136	2.580344	40.503643	22.564926	-0.08424584	0.0076329624	-0.066733606	-0.12340356	794.30994	148.97694	1640.5452	509.17587	2.3805413	0.42477968	4.9982934	1.5058388
82	82999	26099.396280288696	3267.4282	0.0	3267.4282	3267.4282	1000.0	3300.5115	0.0	3300.5115	3300.5115	1000.0	268.5325	64.702415	327.16653	-135.09615	3.2314425	0.98255014	2.7642252	27.97569	-10.668881	-270.2568	0.10198931	0.00080549024	0.10340489	0.100408524	-0.03977816	0.98115164	0.80926186	15.189214	1.0281801e-06	330.75488	18.71825	347.66333	254.17813	333.80518	17.647148	348.00876	262.58713	308.0831	17.812416	324.14093	240.13466	-25.722086	2.3853111	-19.004517	-36.331768	25.722086	2.3853111	36.331768	19.004517	-0.07730042	0.008462823	-0.05552062	-0.11054236	667.31537	123.662674	1319.9972	361.1717	2.0052733	0.38789088	4.016199	1.0551425
83	83999	26438.232845783234	3276.973	0.0	3276.973	3276.973	1000.0	3296.5771	0.0	3296.5771	3296.5771	1000.0	269.56018	64.733864	329.32425	-106.379074	3.3060005	0.98651785	2.841847	31.922295	-12.46157	-271.29172	0.09877178	0.0010145251	0.10051691	0.09748469	-0.031059343	0.98228884	0.8177732	15.271457	2.3543835e-06	331.0792	18.791758	347.44455	253.94609	333.91183	18.480808	348.95096	258.97894	309.5263	18.517935	324.979	239.23468	-24.385542	2.5936038	-16.308737	-31.119213	24.385542	2.5936038	31.119213	16.308737	-0.07325647	0.008853165	-0.047785882	-0.0975439	601.3814	124.339966	968.4054	265.97488	1.8060994	0.38845846	3.0108447	0.77932733
84	84999	26775.74803709984	3281.0308	0.0	3281.0308	3281.0308	1000.0	3293.2126	0.0	3293.2126	3293.2126	1000.0	270.7929	65.3047	330.2875	-128.9795	3.3639987	0.99762183	2.8296413	27.693052	-11.298643	-272.5109	0.09905983	0.0007976755	0.10021476	0.097544864	-0.005446779	0.9844214	0.81683975	14.083426	6.7800283e-06	331.96735	19.142773	348.87637	254.65399	333.47864	18.58639	349.6305	260.4578	309.53125	17.664364	324.60416	241.25197	-23.947393	2.6510983	-18.804089	-33.47435	23.947393	2.6510983	33.47435	18.804089	-0.07186321	0.0071867695	-0.056603655	-0.09750061	580.506	134.87207	1120.5321	353.59378	1.737129	0.3697813	3.2426386	1.0831598
85	85999	27111.679272651672	3275.8828	0.0	3275.8828	3275.8828	1000.0	3298.275	0.0	3298.275	3298.275	1000.0	272.38367	64.99289	330.92822	-140.68091	3.3968222	1.0280491	2.8537724	29.26528	-12.093295	-274.07986	0.10171982	0.0013827214	0.103134595	0.09791658	0.064687364	0.98471564	0.8213964	14.979779	5.9604645e-07	323.23267	26.351425	347.26764	214.10367	324.42694	28.178125	351.1753	210.39316	302.77676	24.098639	325.341	190.01666	-21.650152	8.319922	0.24299124	-37.33529	21.651543	8.316301	37.33529	0.043884717	-0.06581601	0.024204005	0.0009111379	-0.10750899	537.9502	306.0736	1393.9238	0.0019258682	1.6216074	0.8940476	4.001614	7.0670503e-06
86	86999	27451.03626179695	3276.7375	0.0	3276.7375	3276.7375	1000.0	3255.8767	0.0	3255.8767	3255.8767	1000.0	273.39713	65.27854	331.37823	-159.56517	3.1386657	0.9711208	2.8618054	33.46199	-11.662956	-275.11603	0.099191345	0.001536953	0.10215677	0.096664324	-0.06642894	0.97409487	0.820906	15.682125	1.0281801e-06	326.97058	18.454748	343.22787	251.15239	330.38797	17.131668	344.97238	261.00772	313.19965	18.417568	328.54855	241.96082	-17.188343	2.8835332	-9.255837	-23.185362	17.188343	2.8835332	23.185362	9.255837	-0.052376054	0.010450485	-0.027432587	-0.07457881	303.75394	97.61689	537.56104	85.67052	0.9288752	0.32523793	1.6802678	0.25391155
87	87999	27762.47206544876	3253.6765	0.0	3253.6765	3253.6765	1000.0	3296.2393	0.0	3296.2393	3296.2393	1000.0	274.5141	65.00145	335.93365	-118.797165	3.217348	1.0064772	2.8410032	30.552185	-11.027321	-276.18854	0.09823935	0.0003907113	0.0989016	0.09742142	0.015088167	0.9835454	0.82520425	15.034678	3.5762787e-07	330.00656	18.370422	346.96786	253.42137	334.2422	17.885893	349.30188	260.04633	312.98846	17.6623	326.85364	244.17654	-21.253735	1.637249	-15.13999	-29.052917	21.253735	1.637249	29.052917	15.13999	-0.063740626	0.0056602117	-0.04646712	-0.083766684	454.40186	69.28672	844.07196	229.2193	1.3617339	0.21104412	2.4336665	0.7035118
88	88999	28087.089858531952	3263.9404	0.0	3263.9404	3263.9404	1000.0	3263.808	0.0	3263.808	3263.808	1000.0	275.01474	65.12572	335.9449	-126.1497	3.0603294	0.9519178	2.866953	30.239775	-10.157508	-276.64294	0.09576883	0.0021720931	0.09885393	0.09206922	-0.11294733	0.9761662	0.8241484	19.467707	2.413988e-06	294.5437	56.394577	341.33777	4.1041694	292.28098	59.519558	348.96408	4.1041694	279.33115	58.785145	322.9748	-7.3309746	-12.949828	14.808	21.447742	-102.78738	16.397556	10.867156	102.78738	0.033744324	-0.05212366	0.09037392	0.09384626	-1.186553	386.97488	658.9334	10565.245	0.0011386793	1.4901196	3.1821415	51.81919	3.6603628e-06
89	89999	28417.234718084335	3264.1487	0.0	3264.1487	3264.1487	1000.0	3293.5376	0.0	3293.5376	3293.5376	1000.0	275.78366	64.68821	334.27588	-129.34093	3.1346846	0.9948838	2.8667285	27.851429	-10.662396	-277.4115	0.09216249	0.00055870035	0.093085505	0.09096184	-0.012170216	0.9758464	0.8248276	20.260479	1.6093254e-06	330.92072	18.661495	347.87595	254.2383	333.82935	17.493237	348.3013	261.01303	313.10083	18.2617	326.8875	241.49986	-20.728542	2.1633368	-13.674173	-26.10744	20.728542	2.1633368	26.10744	13.674173	-0.06240108	0.008545689	-0.040363066	-0.08840135	434.35257	89.30359	681.5985	186.98302	1.3100909	0.30838555	2.307933	0.55193156
90	90999	28743.80928993225	3283.591	0.0	3283.591	3283.591	1000.0	3283.5696	0.0	3283.5696	3283.5696	1000.0	276.02475	65.10222	339.10043	-132.0375	2.9459493	0.9781037	2.862803	26.924828	-11.328905	-277.6315	0.08997685	0.0010087545	0.09147686	0.08801951	-0.052736066	0.9713229	0.82408994	15.047321	1.8179417e-06	330.2875	18.655542	346.79297	253.56705	333.00696	15.576221	346.5264	266.80682	306.68845	16.298325	322.93945	240.94145	-26.318542	3.5872455	-17.209467	-36.34144	26.318542	3.5872455	36.34144	17.209467	-0.07928241	0.011876077	-0.051115595	-0.1064763	705.53394	190.20554	1320.7001	296.16574	2.1262245	0.5856406	3.8695018	0.8796721
91	91999	29073.13431453705	1167.1461	0.0	1167.1461	1167.1461	347.0	3300.708	0.0	3300.708	3300.708	1000.0	276.14212	65.15461	334.64197	-79.04839	3.0301533	1.0170021	2.8995602	34.39709	-9.989922	-277.7346	0.08931862	0.0006535348	0.0906318	0.08809633	0.04112988	0.9810187	0.83194685	20.909342	1.1771917e-06	323.28162	27.679552	348.9793	204.59822	321.66498	29.819792	347.3299	193.16606	302.25177	26.030449	324.029	173.5708	-19.41321	8.713089	11.768215	-33.573307	19.894133	7.5507717	33.573307	0.07768294	-0.059418727	0.026797783	0.045617796	-0.10144253	452.79062	249.7511	1127.1669	0.006034639	1.3812188	0.7406072	3.276054	2.1264077e-05
92	92999	29403.662232398987	3281.7654	0.0	3281.7654	3281.7654	1000.0	3309.5747	0.0	3309.5747	3309.5747	1000.0	276.93408	64.918816	334.8178	-125.95827	2.933222	1.0183971	2.92101	29.343975	-11.0118475	-278.50412	0.091974914	0.00060050894	0.09307849	0.09046761	0.043991853	0.9840896	0.8340116	16.913164	2.8014183e-06	323.21588	25.205236	348.40637	218.77075	324.2431	27.666185	348.42825	208.89912	305.5052	23.216696	326.56607	200.42584	-18.737915	8.868011	13.545225	-29.490267	19.423594	7.243969	29.490267	0.070785984	-0.05658482	0.02761594	0.052090038	-0.09843559	429.75107	222.42354	869.6758	0.0050106556	1.3018547	0.67293507	2.6123602	1.7661398e-05
93	93999	29729.814955949783	2912.6636	368.3036	3280.967	2544.3599	874.5	3309.3289	0.0	3309.3289	3309.3289	1000.0	278.05945	64.32148	334.49664	-111.76176	2.8413053	0.9709838	2.9071739	33.39511	-11.832545	-279.6173	0.0906021	0.0014177744	0.093079224	0.08874131	-0.069458075	0.9777985	0.8294363	17.274633	2.0191073e-06	327.4928	21.991535	350.88882	253.7779	324.8799	23.831312	349.0245	237.22801	305.7775	20.088507	326.12585	237.51898	-19.10243	8.943864	16.137712	-39.16052	19.68348	7.5799904	39.16052	0.02725725	-0.05785969	0.027614687	0.05833319	-0.11520162	444.89557	260.26343	1533.5461	0.00074295775	1.3491935	0.7760558	4.5113554	2.7886026e-06
94	94999	30058.160800933838	1696.7063	0.0	1696.7063	1696.7063	509.0	3296.901	0.0	3296.901	3296.901	1000.0	278.0484	64.36733	335.4934	-120.75569	2.835123	0.9959182	2.8935335	31.38232	-13.154802	-279.58905	0.088756286	0.00045936572	0.08954238	0.08787691	-0.009823227	0.9762475	0.8296412	17.705763	3.2186508e-06	331.59314	19.268007	348.6125	254.24303	333.10492	17.232944	351.1178	267.3117	310.74203	18.270771	325.61908	239.9682	-22.362906	6.1529784	-1.4495367	-32.74811	22.362906	6.1529784	32.74811	1.4495367	-0.067365855	0.019726386	-0.0045145983	-0.10736865	537.9586	224.8373	1072.439	2.1011565	1.6245099	0.7193162	3.1913555	0.006544076
95	95999	30389.904472112656	3280.3552	0.0	3280.3552	3280.3552	1000.0	3290.3035	0.0	3290.3035	3290.3035	1000.0	278.23935	64.78242	336.544	-122.05341	2.8632035	1.0258436	2.896767	31.000095	-11.690696	-279.76395	0.09032408	0.0011520847	0.09211852	0.088459924	0.06223619	0.98146135	0.83712316	15.738966	5.9604645e-08	331.6944	19.78522	348.48465	253.2239	335.58044	18.853413	351.94626	264.82135	313.20016	18.92362	329.08356	241.39197	-22.380253	2.3173957	-16.956808	-55.524506	22.380253	2.3173957	55.524506	16.956808	-0.06692274	0.00809024	-0.052488476	-0.16195515	506.246	122.98609	3082.9707	287.53336	1.5135344	0.37495196	8.992479	0.8920052
96	96999	30722.38200044632	3296.4307	0.0	3296.4307	3296.4307	1000.0	3301.9749	0.0	3301.9749	3301.9749	1000.0	278.98276	64.34014	336.408	-118.63309	2.7645574	0.9775045	2.8809302	31.502384	-12.775241	-280.5015	0.09108831	0.001087118	0.09237514	0.088982835	-0.05398494	0.9727139	0.8317621	20.482117	2.3841858e-07	330.90234	18.927055	348.8532	253.98732	334.976	17.692951	350.15594	263.6597	310.08853	17.548735	325.00055	241.5132	-24.88748	2.6693335	-18.32487	-55.623787	24.88748	2.6693335	55.623787	18.32487	-0.07447535	0.008656397	-0.05396336	-0.16473891	626.5119	146.79643	3094.0056	335.80084	1.8733786	0.4395324	9.163402	0.9888715
97	97999	31050.462916851044	3300.0576	0.0	3300.0576	3300.0576	1000.0	3294.9385	0.0	3294.9385	3294.9385	1000.0	279.2236	63.70979	333.85602	-117.172424	2.7966027	0.97009045	2.8623152	31.885038	-11.706391	-280.69543	0.08715537	0.0009725867	0.08898059	0.08529604	-0.072952166	0.9639297	0.8284533	20.413181	1.1920929e-06	329.16107	21.248646	351.59607	249.4673	327.31693	18.650404	353.55435	261.9497	307.63885	17.5754	331.52145	242.56567	-19.678062	6.8845115	4.897653	-45.552994	19.769072	6.618643	45.552994	0.09108938	-0.05993539	0.020617735	0.015816377	-0.1473433	434.62265	227.96143	2075.0752	0.008297276	1.3187698	0.67643565	6.711928	2.775053e-05
98	98999	31381.442430973053	2161.6028	789.4537	2951.0564	1372.149	630.0	3289.4875	0.0	3289.4875	3289.4875	1000.0	279.37967	63.98758	333.85107	-120.094925	2.7542603	1.0081342	2.8763518	30.941162	-10.507227	-280.8864	0.08489569	0.00043721602	0.086080186	0.08413028	0.020058172	0.97065383	0.8361693	20.60637	4.8726797e-06	330.9316	18.708067	352.17523	254.93626	332.265	16.63286	347.33258	263.54233	311.48547	17.055948	325.75714	243.58325	-20.779526	2.5029979	-13.722516	-28.130262	20.779526	2.5029979	28.130262	13.722516	-0.0627622	0.008668511	-0.04061736	-0.087770015	438.05368	104.60249	791.3117	188.30743	1.3237363	0.3281045	2.29429	0.5573724
99	99999	31712.021978378296	3275.1416	0.0	3275.1416	3275.1416	1000.0	3268.9272	0.0	3268.9272	3268.9272	1000.0	279.54272	63.97416	332.77423	-118.2784	2.6478975	0.99054897	2.8820126	28.255451	-13.45229	-281.04257	0.08502879	0.00072563044	0.086476125	0.08382059	-0.02317995	0.9779447	0.841114	21.125866	3.7103891e-06	326.61334	22.478956	348.1521	245.0645	332.59186	20.822403	352.4104	260.1957	311.2565	19.038149	331.649	243.21594	-21.335321	3.4686246	-9.581323	-31.78488	21.335321	3.4686246	31.78488	9.581323	-0.06401451	0.009081192	-0.031438887	-0.100480616	467.22733	140.88089	1010.2786	91.801735	1.3950398	0.3960422	3.1937642	0.3012261
100	100999	32041.591993808746	3298.3125	0.0	3298.3125	3298.3125	1000.0	3301.5764	0.0	3301.5764	3301.5764	1000.0	280.1737	63.561382	332.85712	-85.46645	2.7370634	0.9950426	2.890183	30.486423	-11.2077675	-281.63358	0.08390465	0.00051653665	0.08497063	0.0827877	-0.012187083	0.97977954	0.8397641	27.088163	1.5795231e-06	330.47598	19.552588	348.52045	252.29367	335.4625	18.188337	351.4782	262.90884	312.62656	17.698757	328.2213	242.61363	-22.835989	2.3743372	-15.512049	-29.98827	22.835989	2.3743372	29.98827	15.512049	-0.06818919	0.0072458964	-0.049016926	-0.08771243	527.11993	109.431496	899.29626	240.62366	1.5715989	0.31666833	2.599286	0.76035297
101	101999	32371.359225988388	3286.8335	0.0	3286.8335	3286.8335	1000.0	3313.7402	0.0	3313.7402	3313.7402	1000.0	281.17627	62.771515	334.10663	-106.47369	2.6340835	1.0103202	2.882441	30.152943	-12.156076	-282.60205	0.08473657	0.0005390248	0.08593271	0.08392415	0.025525253	0.9770907	0.8353868	16.672798	5.364418e-07	332.4324	18.702473	351.97098	254.96951	333.33505	17.938667	350.1165	261.13327	313.4862	17.968071	330.9074	243.25124	-19.84882	2.3942738	-13.66742	-28.642351	19.84882	2.3942738	28.642351	13.66742	-0.05972489	0.007937429	-0.04019605	-0.08888697	399.70822	94.13422	820.38434	186.79837	1.2022431	0.28774214	2.5459318	0.5493763
102	102999	32699.980885982513	2012.9021	0.0	2012.9021	2012.9021	591.0	3283.9058	0.0	3283.9058	3283.9058	1000.0	281.1734	62.887383	333.5957	-77.17296	2.6309097	0.99370384	2.8940003	30.591106	-11.13389	-282.60257	0.084770195	0.0004960672	0.0857809	0.08380099	-0.01543873	0.97913563	0.83810073	18.308472	3.1143427e-06	330.48193	20.171364	347.62125	251.27245	332.27853	19.443283	349.75223	261.37363	312.49066	19.205193	327.54962	242.11192	-19.7879	2.1023889	-14.472731	-25.362303	19.7879	2.1023889	25.362303	14.472731	-0.05972278	0.0069049895	-0.042550582	-0.079426154	395.98114	82.78048	643.2464	209.45993	1.1937155	0.24597101	1.8469666	0.61582315
103	103999	33030.888714551926	3298.557	0.0	3298.557	3298.557	1000.0	3294.47	0.0	3294.47	3294.47	1000.0	281.70764	62.581085	334.87524	-95.14294	2.7077055	0.98373663	2.9006953	30.029207	-12.621708	-283.17313	0.08391221	0.0005786777	0.0847181	0.082695216	-0.040287312	0.9794574	0.8363374	16.321102	3.2782555e-07	327.93427	22.905025	351.14	245.43208	331.78214	21.217636	353.89636	256.19492	311.7738	20.341545	331.5502	241.82263	-20.008314	3.449294	-8.282903	-28.713839	20.008314	3.449294	28.713839	8.282903	-0.060335077	0.0101708975	-0.02739887	-0.08922953	412.23022	133.6443	824.48456	68.606476	1.2396711	0.39557406	2.554908	0.22694217
104	104999	33361.79699897766	3278.139	0.0	3278.139	3278.139	1000.0	3295.6833	0.0	3295.6833	3295.6833	1000.0	282.16373	62.560055	335.16934	-78.23737	2.7516308	0.99883765	2.918322	32.298088	-9.225618	-283.58487	0.081948616	0.000340459	0.082695924	0.081294656	-0.002842555	0.98969173	0.83599323	12.826891	6.556511e-07	330.76382	19.530706	350.30582	252.71013	332.21072	17.919058	347.82214	262.0236	311.86465	18.327377	330.52405	241.90948	-20.346087	2.7969162	-11.074663	-26.93627	20.346087	2.7969162	26.93627	11.074663	-0.06148718	0.00953026	-0.03294146	-0.08761366	421.78592	110.407295	725.5626	122.64816	1.2753057	0.34732118	2.2305768	0.3648156
105	105999	33691.66243863106	3294.1929	0.0	3294.1929	3294.1929	1000.0	3280.0332	0.0	3280.0332	3280.0332	1000.0	282.62323	61.78253	335.38736	-60.04974	2.7587304	1.0174868	2.9439464	29.830986	-11.129011	-284.04358	0.08364165	0.00057604216	0.08490113	0.08246999	0.043453384	1.0063418	0.84027207	12.648302	3.2782555e-07	325.62003	16.549854	344.9598	253.80711	330.98624	16.153141	347.2934	261.5977	312.7042	17.399813	331.386	241.51859	-18.282036	5.057242	-0.84872854	-31.077341	18.282036	5.057242	31.077341	0.84872854	-0.055480313	0.016258013	-0.0026475633	-0.09447766	359.80847	160.47707	965.80115	0.72034013	1.0945833	0.5074113	2.9361145	0.0022470625
106	106999	34022.928661346436	3301.541	0.0	3301.541	3301.541	1000.0	3309.5496	0.0	3309.5496	3309.5496	1000.0	283.49683	61.246655	335.01898	-63.74452	2.686206	0.96971697	2.8919315	33.158154	-11.120637	-284.84088	0.082952216	0.0015211713	0.08530938	0.08090763	-0.07533444	0.9996434	0.8342454	15.120647	1.66893e-06	332.61987	17.605658	350.4749	257.5634	332.8202	17.81994	349.60278	261.35117	314.95322	18.631235	332.58972	241.41809	-17.866938	2.861732	-9.671041	-25.425701	17.866938	2.861732	25.425701	9.671041	-0.053974226	0.009973631	-0.028970404	-0.081622176	327.41705	101.439	646.4663	93.52902	0.9909897	0.32540753	2.0006325	0.28017393
107	107999	34355.24781489372	3286.5461	0.0	3286.5461	3286.5461	1000.0	3299.813	0.0	3299.813	3299.813	1000.0	283.6452	61.40045	335.6757	-70.76481	2.5425835	0.9861155	2.9354508	30.337893	-10.841771	-285.05374	0.07977017	0.0010373422	0.08146827	0.078265	-0.03494907	0.9905993	0.8358877	15.230156	4.5895576e-06	332.07178	18.728521	349.91235	255.92088	333.46512	17.892197	350.88544	263.15265	311.34595	18.292942	327.79977	241.49484	-22.119188	3.0746543	-10.188415	-30.022448	22.119188	3.0746543	30.022448	10.188415	-0.06658421	0.010413989	-0.030799218	-0.09288391	498.71207	123.50582	901.34735	103.80379	1.5019512	0.3894935	2.7478118	0.31419414
108	108999	34684.87444758415	3299.3323	0.0	3299.3323	3299.3323	1000.0	3295.6301	0.0	3295.6301	3295.6301	1000.0	284.38635	60.654808	335.65927	-85.93088	2.6414025	0.98762345	2.925956	32.182507	-12.168362	-285.76175	0.079289965	0.0005629362	0.08023452	0.078022696	-0.0313844	0.9869703	0.83791405	21.800745	3.5762787e-07	331.53125	20.240528	350.21722	252.48476	333.86838	18.19449	348.5925	264.79364	312.02713	18.75916	329.81775	241.44229	-21.841269	2.4526184	-14.710249	-34.084717	21.841269	2.4526184	34.084717	14.710249	-0.06571722	0.009083882	-0.04275854	-0.10568728	483.05634	108.01007	1161.768	216.39143	1.4550632	0.3527368	3.6023211	0.62898874
109	109999	35016.53753685951	3311.1895	0.0	3311.1895	3311.1895	1000.0	3310.041	0.0	3310.041	3310.041	1000.0	285.23364	60.21866	337.48938	-89.2967	2.5739741	1.0017462	2.9208004	28.899555	-12.278592	-286.5749	0.0779999	0.00023458031	0.07852747	0.07751559	0.004509447	0.99063504	0.8351569	15.302002	1.0803342e-07	332.06537	20.510794	350.44907	252.88232	334.77963	19.20524	352.41595	261.7409	314.27292	19.238407	331.93915	241.76324	-20.506754	2.253082	-14.063474	-26.471493	20.506754	2.253082	26.471493	14.063474	-0.06146709	0.0076454296	-0.040749	-0.0839962	425.60327	92.911865	700.7399	197.7813	1.2751448	0.28290877	2.0703926	0.57459265
110	110999	35332.58676838875	3297.0923	0.0	3297.0923	3297.0923	1000.0	3323.722	0.0	3323.722	3323.722	1000.0	285.6055	60.87807	338.27112	-71.10986	2.5668252	0.9873647	2.9252887	31.731749	-11.534773	-286.95624	0.078234814	0.00042304618	0.07898393	0.07677486	-0.03224618	0.9869289	0.83359176	14.343433	3.5762787e-06	333.67758	18.824734	350.6006	255.94167	337.6554	18.339558	353.542	264.03745	315.75958	18.320055	330.5249	242.00525	-21.8958	2.154723	-15.746494	-27.029287	21.8958	2.154723	27.029287	15.746494	-0.06504483	0.007337253	-0.045660596	-0.087767765	484.06888	94.11055	730.5824	247.9521	1.4373317	0.2840951	2.0787623	0.7189943
111	111999	35666.50093483925	3306.9197	0.0	3306.9197	3306.9197	1000.0	3324.0828	0.0	3324.0828	3324.0828	1000.0	286.60025	60.60749	338.58997	-84.30358	2.6614707	0.98202085	2.937884	32.653206	-11.63552	-287.93884	0.076013625	0.0007577639	0.07700575	0.07450571	-0.046364926	0.98289347	0.82972914	15.71207	2.8014183e-06	334.71335	18.565763	351.7735	257.01944	337.02084	17.75828	353.55258	264.86365	314.88208	17.956694	328.75232	242.50937	-22.138756	2.7740045	-15.237837	-30.298735	22.138756	2.7740045	30.298735	15.237837	-0.06590569	0.009196864	-0.045035265	-0.09377234	497.81964	124.36076	918.0133	232.19167	1.481802	0.37674522	2.6218014	0.68624
112	112999	35993.463393211365	2502.7485	805.1222	3307.8708	1697.6265	760.5	3351.1863	0.0	3351.1863	3351.1863	1000.0	287.4064	59.824574	337.5572	-78.11267	2.6505375	0.98851204	2.9238732	33.70826	-10.811824	-288.74026	0.07363606	0.0008144261	0.074784875	0.0723667	-0.029828815	0.98125434	0.83039486	12.279613	3.1366944e-06	323.73322	21.933073	348.8787	252.78142	315.04752	22.51836	340.11646	230.68008	308.90997	17.80473	328.81592	242.02931	-6.1375723	13.566359	45.528595	-22.56466	12.787399	7.628781	45.528595	0.030138653	-0.017426012	0.04808842	0.19457377	-0.07101918	221.71587	281.10352	2072.8528	0.0009083384	0.75571346	1.1245081	8.85867	2.8286993e-06
113	113999	36327.233048677444	3325.566	0.0	3325.566	3325.566	1000.0	3283.5737	0.0	3283.5737	3283.5737	1000.0	286.81042	60.818073	338.84445	-119.29015	2.742523	0.9906602	2.9247644	32.292385	-12.303282	-288.18332	0.07233855	0.00039970496	0.07338766	0.07175292	-0.024403824	0.9799049	0.83155775	12.489538	1.3709068e-06	313.23682	39.129715	343.4357	125.789246	312.85046	48.45514	350.2978	98.27786	306.8559	24.807552	329.25977	198.85541	-5.994578	29.309849	100.577545	-31.00459	24.687464	16.897673	100.577545	0.13906372	0.0027437883	0.1550992	1.0233998	-0.09391451	895.00226	1570.4235	10115.843	0.019338718	4.292253	11.38266	102.931046	6.0883278e-05
114	114999	36663.04621195793	3299.2197	0.0	3299.2197	3299.2197	1000.0	3297.5105	0.0	3297.5105	3297.5105	1000.0	287.7344	59.534885	337.82022	-84.119446	2.5874596	1.0258826	2.9330153	30.233892	-12.041916	-289.08307	0.07352402	0.0007631038	0.07519991	0.07220339	0.06753757	0.9801379	0.8354643	12.912876	3.5762787e-07	331.03882	17.88499	346.4157	253.59332	335.87115	17.931013	350.28168	261.85556	314.99048	17.56081	328.9082	244.47292	-20.88064	2.1078594	-15.7218275	-27.375093	20.88064	2.1078594	27.375093	15.7218275	-0.06228618	0.0065059573	-0.046077862	-0.08571553	440.44415	89.25944	749.3957	247.17586	1.3120197	0.2582069	2.1746447	0.7244282
115	115999	37000.2515296936	3298.1465	0.0	3298.1465	3298.1465	1000.0	3298.856	0.0	3298.856	3298.856	1000.0	288.3539	59.52084	339.00323	-60.679443	2.4803867	1.0017723	2.9223645	35.477406	-13.621119	-289.68826	0.07486853	0.00030204505	0.0755411	0.074483454	0.004634432	0.9805147	0.8324073	13.29303	2.7418137e-06	320.27335	34.18259	350.27463	150.2577	314.72287	43.827225	349.48947	107.54615	304.27847	29.92759	328.28958	162.94559	-10.444356	18.154764	55.39944	-29.781893	19.309275	8.113685	55.39944	0.13158207	-0.022890924	0.08370441	0.51512253	-0.09141625	438.67996	399.43436	3069.098	0.017313842	1.6849207	2.8123882	28.537498	5.4356402e-05
116	116999	37340.98676323891	3305.289	0.0	3305.289	3305.289	1000.0	3284.4766	0.0	3284.4766	3284.4766	1000.0	288.94836	59.37054	337.79697	-112.06619	2.577067	0.98435205	2.8890827	32.642765	-9.851581	-290.27893	0.07407019	0.0007934374	0.075499795	0.07319764	-0.040574014	0.9679642	0.8292083	11.814284	0.0	329.1007	17.266552	344.24594	255.30475	333.38223	17.34903	348.6196	262.46112	313.6237	17.758793	330.13837	244.3088	-19.758545	2.9700859	-11.541525	-33.962795	19.758545	2.9700859	33.962795	11.541525	-0.05947833	0.009746637	-0.033800114	-0.10250213	399.2215	121.204216	1153.4716	133.2068	1.2021043	0.37322474	3.481259	0.39010483
117	117999	37680.89192891121	1377.9414	0.0	1377.9414	1377.9414	402.0	3285.1423	0.0	3285.1423	3285.1423	1000.0	289.00204	60.38712	340.69012	-86.210724	2.4048378	1.019522	2.9041886	33.79331	-9.985156	-290.30063	0.07475561	0.0007437776	0.075926945	0.07361154	0.05070942	0.9748116	0.830732	14.170911	8.046627e-07	331.09756	18.875443	346.38153	252.62274	332.83255	18.591846	348.121	261.0957	317.57077	18.746471	331.66827	244.2785	-15.26181	2.9501896	-5.257752	-26.02682	15.26181	2.9501896	26.02682	5.257752	-0.046017826	0.009361851	-0.016203366	-0.07574962	241.6265	92.68679	677.3953	27.643953	0.7282765	0.27968517	1.9715217	0.08519328
118	118999	38020.661383628845	3169.4338	0.0	3169.4338	3169.4338	938.0	3285.6536	0.0	3285.6536	3285.6536	1000.0	288.83307	61.225227	340.6436	-90.632355	2.5056844	1.0110939	2.8855295	31.630787	-10.834276	-290.156	0.0770712	0.00063021266	0.07812109	0.07587293	0.028588682	0.97038674	0.828889	11.06232	2.4437904e-06	330.3641	21.905994	349.86353	246.9086	330.28384	19.164408	345.30652	257.4653	316.22156	18.149868	332.2132	245.27084	-14.062265	4.2591944	1.7314498	-29.626945	14.069541	4.2351007	29.626945	0.037826188	-0.042465746	0.012295406	0.005348959	-0.08859761	215.88805	133.27756	877.7559	0.0014308206	0.6485137	0.39147347	2.6248767	4.3698037e-06
119	119999	38359.38858270645	3294.8137	0.0	3294.8137	3294.8137	1000.0	3310.1501	0.0	3310.1501	3310.1501	1000.0	289.09857	60.3346	339.56747	-74.77383	2.5064366	0.9974851	2.9040725	32.98667	-11.896151	-290.4102	0.07708471	0.0002333306	0.07758222	0.07648854	-0.006373886	0.9690778	0.8290971	12.708774	7.1525574e-07	332.07828	20.75274	349.40167	250.79488	334.23013	18.884035	349.03253	261.6943	316.77975	19.460773	333.9098	243.22647	-17.450354	2.919473	-6.1024647	-26.547823	17.450354	2.919473	26.547823	6.1024647	-0.052481867	0.009977409	-0.018480731	-0.07837319	313.03812	102.09812	704.7869	37.240074	0.94285977	0.3229973	2.0806375	0.11277801
120	120999	38701.139243125916	3287.5098	0.0	3287.5098	3287.5098	1000.0	3296.7842	0.0	3296.7842	3296.7842	1000.0	289.67218	60.256123	340.34515	-107.711105	2.7116163	0.9855545	2.8478725	30.292164	-11.394064	-290.96082	0.07597156	0.00031086756	0.07691463	0.07525869	-0.037177205	0.9651204	0.81812185	12.805926	1.1255033e-06	330.3058	20.000805	349.94986	251.7814	330.01065	18.309425	344.46094	258.50275	314.32556	17.924545	330.43018	243.04857	-15.6850815	3.376513	-4.708992	-26.203342	15.6850815	3.376513	26.203342	4.708992	-0.04758266	0.010239333	-0.014923477	-0.076936916	257.4226	105.123344	686.6151	22.174604	0.77930516	0.31387097	2.0160043	0.07027453
121	121999	39041.52007436752	3287.5144	0.0	3287.5144	3287.5144	1000.0	3293.1558	0.0	3293.1558	3293.1558	1000.0	290.67828	60.196754	342.38095	-105.84214	2.6019776	0.99815255	2.8521397	32.553528	-9.914033	-291.95236	0.07571943	0.0005621698	0.07683023	0.074801885	-0.004704167	0.96020937	0.820178	12.305165	1.6093254e-06	329.4292	22.161116	352.3214	246.756	332.21387	21.14927	349.86465	256.33707	316.03714	17.95367	330.83795	244.63187	-16.176716	6.3070164	4.236337	-26.223148	16.29008	6.0081434	26.223148	0.06783132	-0.048111353	0.017862434	0.013123938	-0.07839656	301.4645	153.48161	687.65356	0.0046010884	0.88996285	0.44021955	2.0486205	1.4872004e-05
122	122999	39380.942096710205	3282.7046	0.0	3282.7046	3282.7046	1000.0	3317.7144	0.0	3317.7144	3317.7144	1000.0	291.15744	58.97256	339.85638	-62.05268	2.5763917	0.9755178	2.88218	30.758724	-10.106281	-292.45325	0.073798105	0.0006617594	0.075022906	0.07231756	-0.06377736	0.96101993	0.8277973	14.24961	5.364418e-07	314.25357	44.761787	350.66257	93.76342	312.08243	50.70521	352.0325	73.37854	306.2422	29.937193	332.38678	171.44312	-5.8402243	24.208601	98.064575	-31.964298	20.082043	14.726717	98.064575	0.14481705	0.003466608	0.15500776	1.3364204	-0.096210085	620.1647	1230.3981	9616.661	0.020971982	3.3830767	11.823644	131.05551	6.539162e-05
123	123999	39720.17738699913	3293.66	0.0	3293.66	3293.66	1000.0	3303.6562	0.0	3303.6562	3303.6562	1000.0	291.67532	58.347065	338.562	-115.31695	2.7012665	0.98298746	2.9017084	33.501	-10.390457	-292.9415	0.07178031	0.0004135231	0.07243561	0.070585646	-0.044857908	0.9610153	0.8322518	16.775564	1.5497208e-06	330.24805	21.46261	350.34985	248.67175	333.53558	19.423752	350.89874	260.2564	315.35114	18.947582	332.537	243.12122	-18.18449	2.9982297	-10.791286	-26.293179	18.18449	2.9982297	26.293179	10.791286	-0.054608982	0.009045658	-0.03380402	-0.081272386	339.66504	109.135376	691.3313	116.45187	1.0179023	0.32085523	1.9894773	0.36722782
124	124999	40059.14952254295	3293.202	0.0	3293.202	3293.202	1000.0	3307.8096	0.0	3307.8096	3307.8096	1000.0	292.176	58.07221	339.12805	-74.12472	2.4908574	0.95691794	2.9003696	27.745321	-10.536345	-293.43607	0.06804434	0.0010531836	0.07057047	0.06611106	-0.115601026	0.9602418	0.83138	12.410815	3.9041042e-06	331.85532	20.19049	350.41455	252.70308	335.63358	18.320366	351.54648	264.1225	315.7975	19.104626	332.15076	242.78284	-19.83605	2.1002092	-14.273194	-25.894348	19.83605	2.1002092	25.894348	14.273194	-0.059425972	0.008326661	-0.04155639	-0.085199185	397.8797	81.97512	670.5173	203.72408	1.1943504	0.27934843	1.9701793	0.5931424
