Epoch	TotalEnvInteracts	Time	AverageEpRet	StdEpRet	MaxEpRet	MinEpRet	EpLen	AverageTestEpRet	StdTestEpRet	MaxTestEpRet	MinTestEpRet	TestEpLen	AverageQ1Vals	StdQ1Vals	MaxQ1Vals	MinQ1Vals	LossQ1	AverageLogPi	StdLogPi	MaxLogPi	MinLogPi	LossPi	AverageAlpha	StdAlpha	MaxAlpha	MinAlpha	LossAlpha	AveragePreTanh	StdPreTanh	MaxPreTanh	MinPreTanh	AverageMCDisRet	StdMCDisRet	MaxMCDisRet	MinMCDisRet	AverageMCDisRetEnt	StdMCDisRetEnt	MaxMCDisRetEnt	MinMCDisRetEnt	AverageQPred	StdQPred	MaxQPred	MinQPred	AverageQBias	StdQBias	MaxQBias	MinQBias	AverageQBiasAbs	StdQBiasAbs	MaxQBiasAbs	MinQBiasAbs	AverageNormQBias	StdNormQBias	MaxNormQBias	MinNormQBias	AverageQBiasSqr	StdQBiasSqr	MaxQBiasSqr	MinQBiasSqr	AverageNormQBiasSqr	StdNormQBiasSqr	MaxNormQBiasSqr	MinNormQBiasSqr
0	999	3.140329599380493	120.9081	32.29719	216.34543	83.19537	24.170732	107.70396	0.0	107.70396	107.70396	22.0	0.0	0.0	0.0	0.0	0.0	0.0	0.0	0.0	0.0	0.0	0.0	0.0	0.0	0.0	0.0	0.0	0.0	0.0	0.0	75.58841	42.927334	211.46869	3.7759414	-461.67886	290.13565	6.1919827	-1306.7687	-1.5797222	1.6242046	3.5832772	-5.752171	460.09915	290.18365	1306.6925	-10.114447	460.56555	289.44278	1306.6925	2.9010997	0.93764114	0.3058276	1.0823976	-1.0114447	295897.78	309763.2	1707445.2	8.41638	459.0163	289.46735	1306.6163	0.84163797
1	1999	4.490204334259033	119.15225	31.674957	216.05151	78.76896	24.02381	107.70396	0.0	107.70396	107.70396	22.0	0.0	0.0	0.0	0.0	0.0	0.0	0.0	0.0	0.0	0.0	0.0	0.0	0.0	0.0	0.0	0.0	0.0	0.0	0.0	75.58841	42.927334	211.46869	3.7759414	-461.67886	290.13565	6.1919827	-1306.7687	-1.5797222	1.6242046	3.5832772	-5.752171	460.09915	290.18365	1306.6925	-10.114447	460.56555	289.44278	1306.6925	2.9010997	0.93764114	0.3058276	1.0823976	-1.0114447	295897.78	309763.2	1707445.2	8.41638	459.0163	289.46735	1306.6163	0.84163797
2	2999	5.8011157512664795	118.352844	30.781944	223.01996	83.474915	23.619047	112.74596	0.0	112.74596	112.74596	23.0	0.0	0.0	0.0	0.0	0.0	0.0	0.0	0.0	0.0	0.0	0.0	0.0	0.0	0.0	0.0	0.0	0.0	0.0	0.0	74.96669	43.413193	197.28943	4.0184894	-468.3496	298.59723	5.8794103	-1339.8535	-1.418297	1.6812032	3.8167686	-5.655672	466.93127	298.67682	1339.7749	-10.19657	467.34637	298.0269	1339.7749	2.5632422	0.94019073	0.29222226	1.074989	-1.019657	307232.66	326635.94	1794996.9	6.57021	465.92926	298.12903	1339.6964	0.657021
3	3999	7.122352600097656	112.997536	29.20088	210.18936	83.286	22.522728	102.28285	0.0	102.28285	102.28285	21.0	0.0	0.0	0.0	0.0	0.0	0.0	0.0	0.0	0.0	0.0	0.0	0.0	0.0	0.0	0.0	0.0	0.0	0.0	0.0	77.04491	43.788708	192.95418	3.8221638	-481.0904	308.20996	6.1213126	-1281.7	-1.4976255	1.6847203	3.9831314	-5.6223197	479.5928	308.30185	1281.6134	-9.330943	479.99933	307.66858	1281.6134	2.8364856	0.94156307	0.28815788	1.0434572	-0.9330943	325059.3	342683.72	1642532.8	8.0456505	478.50818	307.7748	1281.5269	0.804565
4	4999	8.450013399124146	119.03293	33.708797	232.08597	83.30822	23.651163	112.48796	0.0	112.48796	112.48796	23.0	0.0	0.0	0.0	0.0	0.0	0.0	0.0	0.0	0.0	0.0	0.0	0.0	0.0	0.0	0.0	0.0	0.0	0.0	0.0	79.36693	45.43891	213.22894	4.1014323	-493.37683	306.42114	6.170279	-1268.0436	-1.4308708	1.722575	4.149353	-5.3327913	491.94598	306.4801	1267.9634	-10.946143	492.34787	305.83405	1267.9634	3.0821362	0.944034	0.28592202	1.0706835	-1.0946143	335940.88	340388.03	1607731.0	9.499563	490.92145	305.91077	1267.8832	0.94995636
5	5999	237.46741032600403	201.37097	153.059	582.101	77.65479	38.68	325.97986	0.0	325.97986	325.97986	61.0	238.33087	243.69696	817.058	-205.3303	129.64366	-1.5067378	14.382243	206.59135	-20.639194	-257.70007	0.96692234	0.034837976	1.0139363	0.91067207	-0.20038846	0.99467856	1.1107112	35.186153	2.9802322e-07	163.04329	81.70454	361.1777	5.2998033	196.68988	100.293526	438.7449	5.2998033	529.67975	200.8401	826.89844	-128.73091	332.98984	124.32716	555.1094	-135.1076	335.16412	118.34056	555.1094	4.1086636	2.0978725	2.169634	27.097857	-13.51076	126339.49	68732.81	308146.44	16.881117	727.4911	590.3199	7342.9385	0.41534513
6	6999	464.09397625923157	393.98044	82.80661	593.5138	247.8289	75.76923	367.84592	0.0	367.84592	367.84592	73.0	473.90182	260.56866	948.6859	-159.04025	184.87196	-1.496506	5.704761	27.263012	-23.331238	-508.52264	0.8618972	0.032606803	0.9105947	0.79770637	-0.53933793	0.96565235	0.7110664	6.3961973	4.172325e-07	136.0702	71.15033	280.10797	3.6716416	165.58908	88.07989	349.27374	3.6716416	495.68674	168.95341	770.63916	-178.32385	330.0977	111.2942	593.14624	-190.75668	331.65503	106.56358	593.14624	1.7826818	3.082727	3.5102837	32.167694	-15.952145	121350.87	64413.156	351822.47	3.1779542	1014.3983	1020.49133	12906.282	0.05599891
7	7999	691.5207116603851	368.42728	55.86789	444.171	254.80704	72.0	519.03656	0.0	519.03656	519.03656	95.0	330.7068	191.3588	820.7158	-111.65682	148.45032	-3.083527	4.9198575	19.0383	-20.971848	-353.40213	0.7094472	0.05340588	0.7975457	0.61552256	-1.7946235	0.9160722	0.67521435	6.2866554	2.30968e-07	172.96146	88.290375	383.36932	3.607303	215.85916	111.93078	478.70697	3.607303	263.0904	131.60391	509.62082	-92.121925	47.231216	71.430084	189.47917	-251.98349	72.64589	45.338943	251.98349	0.021616036	0.21307348	0.758952	2.8766782	-9.806896	7333.045	7968.463	63495.676	0.00046725303	37.606472	54.210567	961.7522	1.7467121e-06
8	8999	918.8259801864624	431.9696	97.27441	655.40125	302.42252	81.666664	448.30362	0.0	448.30362	448.30362	95.0	238.8777	129.41978	567.25085	-38.486313	80.90735	-3.927208	4.9713955	20.358854	-25.482117	-253.87025	0.52990574	0.047140528	0.61533797	0.45247847	-3.792092	0.87950057	0.6517526	5.2463145	1.3709068e-06	168.75359	83.47518	309.34973	3.3558657	213.04129	108.05518	397.62863	3.3558657	219.09335	99.87913	391.1365	-97.57277	6.052059	46.305595	190.37895	-128.3283	36.112846	29.609081	190.37895	0.024215901	0.07074066	0.8181695	5.489711	-10.1195345	2180.8354	3777.4517	36244.145	0.0005864099	22.565582	65.743286	1024.0499	3.1122975e-06
9	9999	1145.9108319282532	389.9498	74.95731	533.5406	205.7496	74.78571	490.82037	0.0	490.82037	490.82037	91.0	209.97713	107.52135	444.54297	-49.03116	52.562374	-3.3725429	5.385162	21.26873	-20.39376	-221.63109	0.39362195	0.031916283	0.45234054	0.34133506	-5.0093555	0.8828324	0.6536923	5.5027947	7.1525574e-07	172.93738	86.19129	346.9398	4.0884495	215.17383	109.24903	434.76697	4.0884495	206.22427	91.88915	360.1581	-34.39175	-8.949537	45.468464	117.151344	-143.75403	36.651215	28.357784	143.75403	0.025803505	0.03841492	0.59015095	5.4708886	-3.5555274	2147.4758	2917.645	20665.223	0.00066582084	14.511243	27.804049	299.3062	3.7992015e-06
10	10999	1374.1769151687622	410.71326	62.975037	535.14606	304.9874	78.083336	410.41925	0.0	410.41925	410.41925	76.0	192.69505	96.18654	397.16595	-36.227043	38.59883	-2.887021	5.9147124	23.08493	-22.159418	-202.04306	0.29832894	0.023795567	0.34124368	0.25920475	-5.916584	0.88794833	0.66041446	5.4100575	6.556511e-07	170.59294	81.74134	321.1949	4.87724	209.06026	102.0306	397.26855	4.87724	185.94714	83.93226	321.41672	-43.023445	-23.113111	33.81637	59.39287	-124.36216	31.639675	26.013334	124.36216	0.0005109587	-0.09306905	0.44044468	4.2611375	-4.967652	1677.7626	2499.2908	15465.946	2.610788e-07	8.598149	16.363548	246.77563	3.4032472e-09
11	11999	1602.9144146442413	468.23538	117.4078	773.2473	269.69626	92.63636	401.27316	0.0	401.27316	401.27316	74.0	179.51292	88.332184	353.08282	-62.231293	30.308107	-2.0841467	6.153574	27.462936	-20.638412	-187.33647	0.22838914	0.016758544	0.25913325	0.20084356	-6.022534	0.9015066	0.6755469	5.61477	1.1175871e-07	169.04626	84.070366	341.6536	3.768387	198.9462	102.2454	412.37982	3.768387	183.33203	75.74287	302.68237	-31.637106	-15.614174	43.22068	99.31818	-139.43074	37.08525	27.13879	139.43074	0.11327856	0.011848339	0.46165383	2.832097	-3.798871	2111.83	3016.1667	19440.932	0.0128320325	12.081258	18.167463	158.70937	5.8305322e-05
12	12999	1833.307285785675	416.7138	61.3923	546.13556	341.48367	78.76923	351.55756	0.0	351.55756	351.55756	64.0	170.42738	83.28402	326.5098	-27.48562	25.782831	-1.1632911	6.6700597	32.233723	-20.67099	-177.15834	0.1788251	0.012025896	0.20079549	0.15918553	-5.433469	0.9245576	0.68913156	5.9968348	1.1920929e-07	175.60043	85.031654	322.49658	3.9458811	201.95052	101.13843	383.75766	3.9458811	169.76767	72.3261	293.69977	-45.976322	-32.182835	42.0095	92.63279	-134.0289	43.073307	30.744484	134.0289	0.06116752	-0.08534152	0.4798915	4.973368	-3.9445822	2800.5325	3337.1794	17963.744	0.0037414655	13.770073	19.593933	247.3439	2.2285656e-05
13	13999	2063.751377105713	504.15448	157.94527	826.9422	349.6712	98.2	396.02518	0.0	396.02518	396.02518	73.0	164.5924	79.433624	301.93225	-18.819624	22.314041	-0.23289214	6.9421706	31.24934	-22.931362	-170.53189	0.14330448	0.008526537	0.15914698	0.12975907	-4.3220205	0.94856614	0.70759976	6.8669977	3.5762787e-07	166.1545	81.3947	306.87527	3.8974254	180.64587	89.33047	353.62402	3.8974254	160.49066	72.931	278.49066	-18.336172	-20.155201	31.028124	95.56245	-115.79822	29.624964	22.166145	115.79822	0.031645462	-0.037095834	0.39030746	2.6987839	-2.5784671	1368.9766	1923.0867	13409.228	0.0010014352	8.680464	14.850911	145.0648	6.261515e-06
14	14999	2293.007259607315	479.54846	62.082424	628.5307	389.3576	89.90909	441.046	0.0	441.046	441.046	83.0	162.99034	77.79604	295.99487	-16.762693	20.278421	0.7851759	7.35343	33.979637	-21.702343	-168.445	0.119797744	0.005329258	0.12973346	0.111687	-2.5669124	0.97960514	0.7253336	6.8600693	9.0897083e-07	185.58499	91.48198	378.27032	4.187	198.16933	101.060936	415.02155	4.187	174.5463	66.894684	280.45575	-6.7276664	-23.623035	47.229088	94.12624	-169.78716	39.394062	35.16735	169.78716	0.0018981703	0.043797813	0.5083199	4.171511	-1.328837	2788.6345	4826.8374	28827.678	3.6030506e-06	13.843451	22.31825	178.84048	2.95827e-08
15	15999	2520.570625066757	416.5008	108.168755	737.5207	319.83987	81.61539	442.1063	0.0	442.1063	442.1063	86.0	162.39581	77.7848	296.10953	-111.90697	19.182755	1.419747	7.4245696	38.546223	-24.98729	-167.45872	0.1057043	0.0030694415	0.111669876	0.10056826	-1.3003	0.9911147	0.7360037	7.311823	5.662441e-07	162.32722	81.36798	316.3962	3.852257	163.42903	86.113	329.57785	3.852257	173.88574	66.57445	280.22015	-40.11322	10.456707	38.06368	144.63934	-86.97959	31.768084	23.43022	144.63934	0.040796474	0.28280818	0.7327306	5.519662	-4.455505	1558.1863	2151.957	20920.541	0.0016643523	20.018433	37.490383	304.6667	7.633819e-06
16	16999	2748.549163341522	454.74432	83.49613	631.1582	344.71317	88.90909	442.07034	0.0	442.07034	442.07034	84.0	157.55095	75.90357	287.90323	-46.407433	18.296555	1.6701131	7.28487	37.071167	-21.855947	-162.18622	0.09649628	0.002612053	0.100560196	0.09204029	-0.7715142	0.99833906	0.74104625	7.2583833	1.5497208e-06	185.3579	93.973854	389.10596	3.6716957	186.73715	93.22402	389.07376	3.6716957	154.18993	67.25573	274.4587	-26.42245	-32.547215	49.495518	82.41535	-220.11499	45.01951	38.50157	220.11499	0.03320957	-0.097307146	0.38904393	3.8388357	-3.0094144	3509.1272	6145.393	48450.61	0.0011028756	15.558121	20.648577	158.86258	5.6145295e-06
17	17999	2978.550636768341	474.51328	85.117775	616.5021	376.3776	92.0	368.075	0.0	368.075	368.075	69.0	154.42264	74.59949	287.03287	-26.885847	17.300055	1.8506662	7.388164	36.0474	-19.136063	-158.69904	0.0889974	0.0013094383	0.092028186	0.08729877	-0.3599811	1.0021194	0.744634	6.3433437	2.3841858e-07	160.19424	78.69026	311.14578	4.589753	162.7245	78.72207	310.2647	4.589753	155.7489	66.43196	262.85422	5.7479367	-6.9755836	25.480064	65.420784	-78.5974	20.479177	16.68819	78.5974	0.005712667	0.06391689	0.3986935	4.195824	-0.5417014	697.89246	1031.0208	6177.551	3.263456e-05	5.8767223	11.707882	176.04941	2.546913e-07
18	18999	3207.8808438777924	499.79517	163.95866	822.1665	335.30923	96.3	441.0649	0.0	441.0649	441.0649	95.0	154.69919	73.96735	285.91595	-21.587204	16.418512	1.9407022	7.387151	38.849037	-23.297894	-158.84348	0.08526949	0.0008839006	0.08738513	0.08394414	-0.14520045	1.0064013	0.74733204	7.0058985	7.1525574e-07	188.15353	87.981445	343.07126	5.834366	196.72678	92.684906	356.00217	5.834366	159.1325	73.98157	273.45486	-17.350086	-37.594276	28.0279	23.164581	-115.8508	38.31943	27.028023	115.8508	0.07129029	-0.2030186	0.2165678	1.193577	-2.3569627	2198.8926	2559.9224	13421.407	0.0050823055	9.398703	8.762198	58.641426	5.2049578e-05
19	19999	3436.899088859558	498.2	74.23014	583.0633	337.96582	94.1	355.29727	0.0	355.29727	355.29727	77.0	155.89232	74.3322	284.02036	-14.689512	16.156109	1.9766812	7.5023456	43.638195	-22.733421	-159.81784	0.08431177	0.0006521242	0.08528299	0.08306364	-0.057489112	1.0092499	0.7490975	6.4130735	2.3841858e-07	168.8187	85.75868	339.584	3.5901308	162.90047	87.522545	333.7534	3.5901308	157.75298	75.864624	259.9812	-67.80674	-5.1474853	38.33993	113.73504	-91.131966	30.620184	23.640032	113.73504	0.0010355624	-0.034156222	0.7059635	2.664914	-7.139687	1496.4469	1947.4164	12935.659	1.0723895e-06	14.179859	32.896656	509.7513	4.7178443e-09
20	20999	3666.3254132270813	484.07483	124.33852	834.62604	362.42087	93.90909	506.47195	0.0	506.47195	506.47195	92.0	158.40454	75.25645	288.50888	-24.4773	15.756143	1.9765191	7.3899384	40.892685	-19.474274	-162.28854	0.08377278	0.00063476164	0.084548324	0.08240181	-0.058198135	1.0108389	0.74912626	6.0961504	2.682209e-07	181.55066	88.41428	350.61682	3.624845	184.49403	92.56648	356.86975	3.624845	159.75613	72.894554	274.46368	-44.283215	-24.737915	35.712883	116.25616	-124.5691	35.018047	25.712076	124.5691	0.1521157	-0.09793137	0.45476657	2.755346	-5.176198	1887.3743	2451.298	15517.46	0.023139184	10.739702	18.202766	267.93027	0.00019666912
21	21999	3893.3805820941925	475.4886	72.69173	647.3648	380.6501	91.181816	413.18692	0.0	413.18692	413.18692	85.0	157.60219	74.84642	283.66415	-29.831198	15.643705	1.9389488	7.3618565	42.48114	-20.680141	-161.29968	0.08191197	0.0010565126	0.083234444	0.07993921	-0.15298	1.010249	0.74907833	7.504588	0.0	186.36017	93.363785	383.2499	3.6399202	185.50078	96.98451	382.30945	3.6399202	163.22025	74.342865	269.2592	-34.96104	-22.280556	45.027233	109.15781	-139.31961	37.075104	33.901497	139.31961	0.005998286	-0.069900654	0.46204805	4.1469965	-4.325169	2523.875	3982.9138	19409.955	3.5979436e-05	12.761611	19.629778	190.47473	2.3602215e-07
22	22999	4122.222011089325	454.95535	65.156944	560.2732	360.83185	88.90909	479.4637	0.0	479.4637	479.4637	89.0	157.63075	74.51561	281.3568	-39.7672	14.994266	1.9441836	7.5022454	46.360855	-20.619394	-161.15494	0.07884802	0.0007852308	0.08009164	0.077468455	-0.14178179	1.0088731	0.7478712	6.5830297	3.2782555e-07	178.8232	87.6494	341.47025	3.8872335	186.21852	93.354866	358.81647	3.8872335	157.47649	73.59393	263.94724	-23.099792	-28.742012	33.138824	58.70214	-127.873634	35.424652	25.872366	127.873634	0.038250957	-0.1398602	0.2738217	1.5477389	-3.1028616	1924.2849	2583.5386	16351.666	0.0014631357	8.641851	9.27588	96.857315	3.3760585e-05
23	23999	4351.333711385727	498.36755	80.0515	592.00336	359.89542	93.818184	342.29657	0.0	342.29657	342.29657	64.0	156.2984	74.07683	280.7327	-17.742731	14.612527	1.9909849	7.58971	45.116875	-20.918377	-159.70616	0.07703778	0.00032133335	0.07781504	0.07655307	-0.022966709	1.0089475	0.74622345	7.4079676	1.1920929e-07	180.62512	89.858345	367.476	4.1044073	184.67421	94.602356	374.47	4.1044073	156.09856	74.02201	267.78424	-16.798933	-28.575659	37.526405	62.843075	-143.63577	36.96142	29.302776	143.63577	0.21660492	-0.12247884	0.27138582	2.1160839	-1.8731949	2224.799	3415.331	20631.236	0.04691769	9.501997	10.643164	67.50508	0.00040515623
24	24999	4579.995182752609	456.42325	89.41921	626.681	323.00467	88.181816	392.29663	0.0	392.29663	392.29663	84.0	155.99356	73.988464	279.339	-8.318318	14.451504	1.9746957	7.4824934	47.011246	-20.958168	-159.26082	0.07657045	0.0006396453	0.07779315	0.075682186	-0.06490329	1.011538	0.74757046	6.5456266	0.0	176.97897	94.73245	392.87354	3.4971635	174.77887	99.50749	408.73456	3.419169	153.16814	74.99349	260.49225	-28.195906	-21.610739	51.35635	100.71187	-184.05325	38.098705	40.656948	184.05325	0.00076704886	-0.061765227	0.4001193	4.6629543	-3.169307	3104.499	6137.6323	33875.598	5.8836395e-07	13.538567	20.313112	217.43144	2.0315161e-08
25	25999	4807.3561182022095	470.57812	89.07099	645.024	293.26804	89.666664	510.05417	0.0	510.05417	510.05417	94.0	156.02548	73.70483	275.16306	-26.57247	14.1697445	1.9652534	7.371884	46.384987	-19.840866	-159.14429	0.07494817	0.00049785816	0.075940475	0.074063085	-0.089811936	1.0141838	0.74595064	8.651548	7.059425e-07	184.07066	93.42638	369.70163	3.8209352	177.98941	91.83225	343.8256	3.8209352	156.02818	73.01601	262.73825	-26.506514	-21.961205	36.6193	67.55779	-117.4439	34.380444	25.322968	117.4439	0.13764775	-0.07124144	0.38950714	2.475631	-3.166497	1823.2678	2281.6226	13793.069	0.018946901	9.689965	10.601507	100.26704	0.0001059852
26	26999	5036.2134029865265	463.687	92.49274	617.63745	341.93713	90.181816	562.23706	0.0	562.23706	562.23706	119.0	155.08542	73.37575	274.10046	-32.69302	14.359877	1.973768	7.358957	43.309235	-21.574497	-158.11629	0.07399196	0.00034933115	0.074633256	0.07323748	-0.06825611	1.0110693	0.7455193	7.1431246	3.2037497e-07	183.2976	93.559456	366.00778	3.4961185	183.60767	95.66087	371.2656	3.4961185	161.35019	71.34603	258.51028	-13.767923	-22.257484	39.457813	75.70339	-134.10147	35.285633	28.41195	134.10147	0.06104013	-0.034219336	0.39067212	3.4068694	-2.1031578	2052.3145	3240.311	17983.205	0.0037258975	10.001961	12.3677845	116.0676	0.0001993816
27	27999	5264.452803373337	545.8995	145.75346	752.1893	292.89426	105.888885	422.3031	0.0	422.3031	422.3031	77.0	154.71259	73.07499	272.6179	-49.24099	14.144346	1.9865011	7.378998	46.01231	-21.688799	-157.67554	0.07280353	0.00025433998	0.0732776	0.07228047	-0.035206	1.011133	0.74626875	7.0120893	5.9604645e-08	174.79202	87.49355	340.70883	3.5986335	180.30504	90.4319	335.85556	3.5986335	155.21863	71.56884	261.31378	-18.335602	-25.086409	33.41108	82.14055	-99.08291	32.955032	25.682564	99.08291	0.01780059	-0.109427094	0.24486527	1.3355447	-2.2738514	1745.628	2199.5486	9817.423	0.00031686103	7.751793	8.297906	56.26188	1.4073565e-05
28	28999	5495.268348932266	455.4702	61.586647	576.04846	359.51102	88.166664	373.57227	0.0	373.57227	373.57227	76.0	155.82155	73.13855	275.0606	-28.937244	14.033217	1.9939741	7.406508	43.542957	-20.32883	-158.71968	0.07243384	0.00021599102	0.07290961	0.0720717	-0.015703944	1.0155474	0.7451763	7.357032	3.874302e-07	189.9112	92.88835	374.71622	3.9281664	193.4513	93.738335	375.91766	3.9281664	155.37056	71.63032	263.0488	-27.324986	-38.08073	35.670937	32.178234	-130.66725	39.662006	33.904026	130.66725	0.018128602	-0.17904633	0.22254285	0.8500294	-3.0809162	2722.5579	3930.4338	17073.93	0.00032864622	10.817871	12.923107	124.642204	1.5694582e-06
29	29999	5725.442927598953	519.53845	97.710884	689.2387	363.41544	100.1	380.2223	0.0	380.2223	380.2223	78.0	155.1449	72.98724	271.4325	-16.400476	13.737055	1.9864104	7.40739	44.00061	-23.541418	-157.96336	0.07175321	0.00031779724	0.07236629	0.07127473	-0.035615265	1.0137686	0.7446635	7.2636347	1.937151e-07	199.61067	96.173164	371.2112	4.2702894	201.96838	98.141975	376.09302	4.2702894	161.63712	68.99845	260.71558	-5.439257	-40.33126	38.248737	34.40847	-143.92142	42.697895	35.58744	143.92142	0.045540616	-0.15576355	0.18705927	0.9382158	-1.3434926	3089.5764	4212.8853	20713.375	0.0020739478	11.066954	12.399088	57.62995	1.1306812e-05
30	30999	5954.421349525452	459.80032	85.33553	683.3286	366.61893	86.63636	723.54144	0.0	723.54144	723.54144	136.0	156.09052	73.14562	272.2888	-55.586792	13.426726	1.9824196	7.3331943	49.840614	-20.951015	-158.82425	0.0716514	0.00037898592	0.07242784	0.07110924	-0.046265572	1.0123984	0.74459785	7.843073	2.9802322e-07	214.03342	104.950195	405.45728	4.201138	217.45496	104.5616	394.2474	4.201138	164.22351	66.16237	260.05914	-3.9000604	-53.231434	49.036674	49.954987	-184.02353	56.38052	45.380806	184.02353	0.008184108	-0.17457965	0.22589272	2.576257	-0.9895794	5238.1807	6907.2715	33864.66	6.697963e-05	17.3696	18.923243	96.77315	1.1092409e-06
31	31999	6180.579560041428	462.89294	114.97383	642.35785	290.9565	90.454544	407.3123	0.0	407.3123	407.3123	85.0	155.23065	73.13986	272.15515	-16.601843	13.707322	1.9838015	7.252918	45.9946	-20.34732	-157.89261	0.07075151	0.00040817467	0.07143141	0.06998067	-0.04281203	1.0126358	0.74431163	7.018976	2.9802322e-08	208.14691	100.42937	386.89847	4.0477157	207.05612	98.37745	383.0253	4.0477157	157.81232	70.12703	256.78296	-6.0561547	-49.2438	36.592274	19.42218	-142.30664	50.11195	35.394054	142.30664	0.016227463	-0.21040209	0.19127688	1.942218	-1.3547443	3763.9463	4367.4463	20251.178	0.00026333056	14.068371	12.710387	57.037315	1.3683012e-06
32	32999	6412.489761829376	467.08517	90.500916	650.82385	317.1546	88.333336	465.64758	0.0	465.64758	465.64758	90.0	155.10094	72.54775	269.85977	-9.833373	13.648063	1.9925181	7.2872214	47.49872	-20.743513	-157.71404	0.07050175	0.00025996738	0.07094494	0.0700104	-0.019766044	1.0145484	0.7436517	7.2686596	2.9802322e-07	207.61835	103.86152	394.87766	3.7857008	204.27199	101.96515	395.92715	3.7857008	153.74332	68.52469	254.6046	-10.57489	-50.528683	50.411076	34.428345	-185.3187	52.762386	48.06823	185.3187	0.00069969054	-0.21405932	0.21282998	0.81341773	-1.9084749	5094.4243	7178.127	34343.016	4.895669e-07	17.706526	20.972876	101.51758	2.6713354e-09
33	33999	6640.533905029297	466.01874	91.856766	656.39264	354.66672	88.27273	378.2248	0.0	378.2248	378.2248	71.0	154.8624	72.57525	268.71188	-12.880068	13.651177	1.9994252	7.3078313	46.96956	-22.388	-157.42935	0.07022759	0.00028880552	0.07075987	0.069750376	-0.0014222774	1.015751	0.74299526	5.9656157	2.0861626e-07	203.59818	104.27003	423.91806	3.7533686	198.94795	99.403206	397.7905	3.7533686	156.49454	67.56714	255.8846	-13.949948	-42.453403	47.361195	31.931234	-183.68323	45.239815	44.70719	183.68323	0.0004980259	-0.15605053	0.21433456	1.4951938	-1.7703317	4045.3738	6762.1016	33739.53	2.480298e-07	13.765738	19.177074	93.564064	9.85433e-10
34	34999	6869.561799526215	472.3577	112.53705	751.1331	348.31018	90.72727	322.8629	0.0	322.8629	322.8629	60.0	154.48473	72.24722	271.84216	-11.852076	13.664569	1.9710141	7.1781344	45.422882	-19.08874	-156.95027	0.069260195	0.0004970869	0.07005852	0.06845836	-0.0772461	1.0156308	0.7415838	6.6726217	5.9604645e-08	182.083	96.6386	417.39053	5.8031588	179.44135	93.95937	415.01318	5.8031588	159.75334	68.888336	255.77086	1.7520294	-19.688002	47.886147	76.01177	-181.44182	33.769535	39.246895	181.44182	0.0037046843	-0.012468008	0.3474736	3.2468903	-0.6233092	2680.7002	5899.2754	32921.137	1.3724685e-05	10.520586	17.114271	105.42296	7.4700694e-08
35	35999	7099.736281633377	445.30176	96.60365	670.8822	349.0435	84.25	458.46948	0.0	458.46948	458.46948	86.0	153.42953	71.88833	274.23962	-22.213629	13.665834	1.9993259	7.2769322	45.291214	-18.877728	-155.86453	0.06819872	0.00034890094	0.06877723	0.06762187	-0.0017124405	1.0168427	0.7426498	7.734909	8.940697e-08	217.54704	109.61508	425.977	3.5679743	213.5882	106.91843	436.6813	3.5679743	162.08745	67.66447	258.35654	2.0969417	-51.50074	58.21197	33.35664	-210.98904	53.58833	56.2961	210.98904	0.07648323	-0.16951267	0.26186958	2.9614503	-0.62079555	6040.96	10373.232	44516.38	0.0058496837	18.830275	27.463745	110.846825	2.9375291e-05
36	36999	7333.023368835449	466.5701	91.839966	633.3097	339.4742	91.36364	498.537	0.0	498.537	498.537	90.0	153.16254	71.63946	271.51855	-18.387606	13.656733	1.9668984	7.2057652	49.686035	-18.278215	-155.51086	0.06760243	0.0005588155	0.06878917	0.06692323	-0.0888519	1.015322	0.7422573	8.469465	4.8428774e-08	195.48479	94.42289	362.42926	4.1216826	195.2041	94.154884	354.9804	4.1216826	161.81691	67.81714	252.24854	-1.9116954	-33.387177	35.611935	43.287163	-132.78624	37.50131	31.25005	132.78624	0.006973397	-0.11023257	0.21313266	1.6568522	-0.8303105	2382.9136	3180.0845	17632.188	4.862827e-05	8.991384	9.820749	51.676117	4.8628267e-06
37	37999	7562.153176546097	467.6749	54.52985	584.2389	367.4297	90.181816	774.6786	0.0	774.6786	774.6786	147.0	152.59544	71.21646	271.1149	-16.713097	13.580259	1.9594812	7.1376433	47.335384	-20.309174	-154.86015	0.06656322	0.0005998183	0.06740148	0.065542884	-0.10973625	1.0144997	0.7416529	7.8879604	2.3841858e-07	190.09167	89.88783	354.90405	3.87398	189.6899	88.09601	348.3737	3.87398	158.91371	67.63041	251.38008	-0.92176384	-30.776178	28.767544	43.476715	-111.42015	32.85296	26.370972	111.42015	0.031385418	-0.1241726	0.16945253	1.6358926	-0.75118345	1774.7449	2562.6726	12414.45	0.0009850444	7.0744777	8.046574	37.452045	1.2059553e-05
38	38999	7793.713104486465	450.13342	90.71101	695.05835	371.03223	84.083336	384.85712	0.0	384.85712	384.85712	70.0	151.92131	70.801056	268.08023	-7.0827947	13.315445	2.0180948	7.125752	48.446365	-20.704464	-154.14166	0.06573576	0.00023875598	0.06631327	0.06535865	0.049304437	1.0190066	0.7434459	7.580094	1.1920929e-07	190.1916	93.68358	369.17322	4.0083694	190.87076	92.30247	357.4423	4.0083694	150.10588	70.57807	251.02505	-6.0175586	-40.76488	30.683998	35.660625	-133.58943	42.294487	28.538742	133.58943	0.011931731	-0.18585148	0.21661632	2.7219763	-1.432291	2603.2832	3153.4897	17846.137	0.00014236622	10.957141	10.22229	82.43893	3.619181e-06
39	39999	8024.72629570961	455.39807	120.261894	657.36597	275.3793	87.181816	681.4636	0.0	681.4636	681.4636	129.0	151.83441	70.94419	270.39655	-13.247744	13.432244	1.9611745	7.1142826	48.785477	-19.996431	-154.04193	0.0652324	0.000407266	0.06643624	0.064798295	-0.10558977	1.0147759	0.74203384	7.319044	8.940697e-08	188.40553	96.31557	375.2285	3.6143756	186.99182	95.22384	360.8175	3.6143756	147.9294	69.318825	249.44707	-6.454451	-39.062405	36.821705	23.725845	-147.56882	41.06946	34.5689	147.56882	0.0012364786	-0.14604671	0.294892	2.212969	-1.6408484	2881.7097	4053.183	21776.557	1.5288792e-06	11.792981	13.053255	66.65341	1.9976962e-08
40	40999	8253.81546163559	494.69962	69.06301	598.7391	350.24387	91.90909	646.0436	0.0	646.0436	646.0436	120.0	151.93498	70.54147	267.5366	-3.9768453	13.333299	1.9709475	7.143303	48.783203	-20.760132	-154.08116	0.06439174	0.00039755413	0.06490091	0.06368685	-0.079653665	1.0185899	0.7401365	6.3204823	5.9604645e-08	191.43965	96.36362	383.66788	3.5070746	187.4718	93.46579	384.74982	3.5070746	150.3026	70.49867	248.45647	-16.14274	-37.169197	38.29276	63.14404	-152.39351	40.698486	34.51837	152.39351	0.09002902	-0.17406492	0.22577797	2.2755404	-2.5348363	2847.8845	4706.923	23223.783	0.008105225	11.318966	14.291992	65.877464	0.0003128494
41	41999	8483.800243139267	510.12592	120.588425	757.94006	281.38412	100.1	703.16614	0.0	703.16614	703.16614	132.0	151.6728	70.36562	266.44937	-9.929218	13.274495	2.007456	7.0951405	49.161602	-22.672688	-153.77022	0.0638412	0.00015282232	0.06414772	0.06358113	0.020607082	1.0164369	0.74014354	6.3136797	7.1525574e-07	178.51395	86.95217	341.82452	3.7530138	182.39995	88.64445	338.12158	3.7530138	148.39586	69.12749	249.72827	-8.36634	-34.00408	27.669346	47.709618	-109.267426	35.820473	25.273779	109.267426	0.018688532	-0.15338114	0.21495096	2.5168076	-1.2546679	1921.87	2350.3242	11939.37	0.0003492612	8.422433	8.177621	63.34321	7.180159e-06
42	42999	8711.413340091705	546.08203	142.67816	905.4585	324.58853	102.9	412.45392	0.0	412.45392	412.45392	77.0	151.78334	70.38306	263.29614	-1.4565933	13.201883	1.9830385	7.18072	47.387684	-21.808006	-153.85057	0.06343823	0.0002980272	0.06409265	0.06293514	-0.04660717	1.0160029	0.73998	6.8614936	2.9802322e-08	209.96562	99.8659	392.68704	3.6238527	208.41084	98.20094	384.94675	3.6238527	157.56282	64.30475	248.64197	2.9636922	-50.848022	41.028217	15.389732	-166.05658	51.57379	40.1121	166.05658	0.059359655	-0.18771891	0.17715834	1.4973046	-0.4973637	4268.8364	5696.9893	27574.785	0.0035235686	14.732435	16.223434	75.73006	8.6473854e-05
43	43999	8938.503529787064	485.83145	90.27527	614.7099	361.7789	94.1	335.21735	0.0	335.21735	335.21735	69.0	152.20961	70.40162	261.30707	-13.669591	13.15628	1.9742696	7.1135325	50.11164	-21.7346	-154.23915	0.06241766	0.0004842527	0.06337607	0.061543558	-0.07110187	1.016797	0.7405497	6.9796486	1.937151e-07	213.73909	99.69199	384.07056	4.139929	209.35661	96.91363	373.11697	4.139929	160.38371	67.924385	246.26822	-7.5040483	-48.972904	38.024246	11.912724	-145.23618	49.31161	37.58395	145.23618	0.09641374	-0.21520218	0.14822277	0.8778332	-1.369663	3844.1882	4779.3125	21093.549	0.009295609	13.743422	13.925858	57.23474	0.00011103161
44	44999	9171.79226565361	504.02118	47.849987	613.21075	416.75656	97.27273	494.89896	0.0	494.89896	494.89896	101.0	151.54187	70.4146	260.73978	-19.881367	13.261738	1.9927204	7.089472	50.289703	-21.749207	-153.58093	0.06208472	0.00023589814	0.062464606	0.061537337	-0.020123744	1.0158008	0.7403285	6.820483	0.0	189.08336	93.69425	361.94836	3.646218	183.18729	90.78135	347.67276	3.646218	150.8805	71.65606	252.04808	-15.403107	-32.306778	35.067646	42.14519	-120.45975	36.382183	30.8189	120.45975	0.074106865	-0.16733131	0.21034901	1.4244215	-2.1556566	2273.4678	3285.3289	14510.551	0.0054918276	9.491181	10.810844	46.468555	5.146379e-05
45	45999	9402.977688789368	511.86664	69.91093	626.91406	419.39804	99.3	480.71936	0.0	480.71936	480.71936	101.0	151.5401	70.298195	262.88986	-27.181915	13.262965	1.9784046	7.134727	46.718426	-20.033865	-153.53615	0.061788116	0.0005749694	0.06253227	0.060703263	-0.060026105	1.0152925	0.74009097	6.8359985	3.5762787e-07	206.49452	102.12694	394.89108	3.833362	201.9746	97.7258	384.713	3.833362	159.12057	68.282166	249.58865	-9.320825	-42.853992	38.403145	56.720123	-148.86893	44.583355	36.38118	148.86893	0.06885846	-0.18165244	0.17313237	1.2084392	-1.6689756	3311.266	4603.3755	22161.959	0.004741487	11.793864	13.230946	60.057827	8.978155e-05
46	46999	9634.312185049057	480.39926	97.41418	679.83466	361.49353	94.2	403.7513	0.0	403.7513	403.7513	82.0	151.51466	70.288246	260.94543	-18.933733	13.205652	1.9753869	7.065996	47.344875	-19.092337	-153.46805	0.06123947	0.0004242958	0.0619737	0.060296457	-0.06879837	1.0159867	0.7396999	7.9317365	2.9802322e-07	194.43367	94.26688	364.8252	3.4811056	190.71014	91.59901	349.31454	3.4811056	157.04588	68.157196	248.76562	-7.915747	-33.66426	33.292263	48.348373	-122.77988	37.687645	28.65831	122.77988	0.068655625	-0.13513607	0.27800632	4.834837	-1.7035216	2241.657	2956.5754	15074.899	0.004713595	9.4817915	12.646025	233.7565	2.1042655e-05
47	47999	9863.860227108002	462.84012	80.044586	671.402	342.0901	86.5	501.02386	0.0	501.02386	501.02386	92.0	151.07726	70.09623	260.76883	-8.315666	13.155955	1.994685	6.9983444	49.076042	-20.310215	-152.98578	0.060357537	0.00020691942	0.060703624	0.059951108	-0.014831201	1.0132967	0.739665	7.0875416	1.7881393e-07	200.77133	99.043274	392.55237	3.7822983	195.85187	91.83651	365.23547	3.7822983	159.36804	68.88591	252.23088	-4.7077723	-36.48382	33.82272	16.279348	-147.4837	37.034264	33.219105	147.4837	0.15485613	-0.16187562	0.15240997	1.133656	-1.11419	2475.0454	4090.7717	21751.443	0.023980422	9.071496	11.800077	60.86764	0.00023469349
48	48999	10090.813605070114	446.30783	75.13882	590.0321	323.37988	85.75	494.4484	0.0	494.4484	494.4484	102.0	151.05392	70.04676	263.4581	-27.858572	13.204256	2.0112314	6.966183	47.28216	-19.697113	-152.97775	0.060468398	0.00016589572	0.06072528	0.060051173	0.031655107	1.0149965	0.74041325	7.5384865	1.1622906e-06	189.82312	94.68454	352.95468	3.587173	191.01357	91.32593	350.31757	3.587173	151.45029	71.588974	249.70523	-5.7636104	-39.563267	35.126915	62.27068	-130.69118	42.778587	31.131088	130.69118	0.054734487	-0.19367805	0.17951135	1.2076455	-1.1701618	2799.1526	3416.573	17080.186	0.0029958643	11.779505	11.3572035	51.52472	0.0001395066
49	49999	10320.103373289108	585.91846	79.687355	699.0912	462.18533	111.75	518.3678	0.0	518.3678	518.3678	94.0	150.43047	69.691605	259.8253	-14.747693	13.229453	1.9669504	6.863037	45.65479	-20.419504	-152.29057	0.06007682	0.0006475178	0.060960323	0.05905953	-0.09291893	1.0140202	0.7394168	6.0913935	8.940697e-08	205.00049	110.95504	436.35178	3.3925395	193.2565	103.42972	412.4828	3.3925395	145.15442	71.979256	248.7104	-15.878255	-48.102085	48.08663	44.339577	-189.42604	50.03596	46.071	189.42604	0.0379523	-0.23865278	0.23601073	1.7735454	-2.1105874	4626.135	7632.8184	35882.223	0.0014403771	16.527147	20.150337	90.169945	4.2619915e-05
50	50999	10547.56138253212	495.98	155.45123	854.93066	320.60437	97.09091	438.18707	0.0	438.18707	438.18707	85.0	150.8173	69.78332	260.03735	-28.315033	13.224562	2.040176	6.9335394	50.315742	-21.578781	-152.69081	0.059934396	0.00068265497	0.06118634	0.05891489	0.113224424	1.0167438	0.74181086	7.1086235	3.501773e-07	184.29518	89.172	355.31558	4.1019626	179.54247	85.933044	334.74484	4.1019626	150.05164	71.684166	248.33194	-33.471592	-29.490826	23.33905	20.296352	-104.3068	30.564915	21.91361	104.3068	0.0016789573	-0.17042744	0.25479078	1.9638803	-3.918695	1414.4202	1838.3344	10879.909	2.8188974e-06	6.993357	8.646733	153.5617	2.2952957e-08
51	51999	10777.570810317993	534.0327	70.19482	671.57306	469.82693	102.77778	374.41275	0.0	374.41275	374.41275	81.0	150.50635	69.73274	258.63605	-5.3403683	13.38528	1.9636526	6.8702536	47.879524	-20.075796	-152.31805	0.059913106	0.0006677532	0.061076008	0.05912613	-0.10212619	1.0142684	0.7383345	6.1806407	1.013279e-06	194.31577	92.75075	360.8271	3.5456924	188.15015	85.57393	327.15567	3.5456924	155.54054	67.41447	245.57816	-2.6843429	-32.609608	25.167307	23.257502	-97.697235	33.217327	24.359581	97.697235	0.059096415	-0.15195923	0.1597201	2.32575	-0.94669425	1696.7797	2084.43	9544.75	0.003492386	7.0909195	7.2245984	54.091137	0.00017988053
52	52999	11005.709487915039	571.5737	58.53767	666.64935	480.87576	107.9	353.32205	0.0	353.32205	353.32205	74.0	151.00328	69.77319	257.8351	-8.527875	13.239284	2.015349	6.8327703	47.62108	-20.32302	-152.82666	0.0594422	0.0002699959	0.06003384	0.05903294	0.04336949	1.014739	0.73929435	6.9240503	2.644956e-07	213.19992	102.41084	392.6977	3.7973378	209.8485	99.54208	384.81793	3.7973378	157.11444	66.38066	253.38628	-1.4807689	-52.734047	38.773434	18.664839	-150.91307	53.616028	37.544376	150.91307	0.004667234	-0.19949886	0.18403701	1.7256446	-0.886396	4284.2583	4661.277	22774.754	2.1783075e-05	15.3156395	13.418844	65.62373	2.3070903e-07
