Epoch	TotalEnvInteracts	Time	AverageEpRet	StdEpRet	MaxEpRet	MinEpRet	EpLen	AverageTestEpRet	StdTestEpRet	MaxTestEpRet	MinTestEpRet	TestEpLen	AverageQ1Vals	StdQ1Vals	MaxQ1Vals	MinQ1Vals	LossQ1	AverageLogPi	StdLogPi	MaxLogPi	MinLogPi	LossPi	AverageAlpha	StdAlpha	MaxAlpha	MinAlpha	LossAlpha	AveragePreTanh	StdPreTanh	MaxPreTanh	MinPreTanh	AverageMCDisRet	StdMCDisRet	MaxMCDisRet	MinMCDisRet	AverageMCDisRetEnt	StdMCDisRetEnt	MaxMCDisRetEnt	MinMCDisRetEnt	AverageQPred	StdQPred	MaxQPred	MinQPred	AverageQBias	StdQBias	MaxQBias	MinQBias	AverageQBiasAbs	StdQBiasAbs	MaxQBiasAbs	MinQBiasAbs	AverageNormQBias	StdNormQBias	MaxNormQBias	MinNormQBias	AverageQBiasSqr	StdQBiasSqr	MaxQBiasSqr	MinQBiasSqr	AverageNormQBiasSqr	StdNormQBiasSqr	MaxNormQBiasSqr	MinNormQBiasSqr
0	999	15.912737131118774	22.293045	23.317293	132.62253	5.2394886	24.625	60.34344	0.0	60.34344	60.34344	53.0	0.0	0.0	0.0	0.0	0.0	0.0	0.0	0.0	0.0	0.0	0.0	0.0	0.0	0.0	0.0	0.0	0.0	0.0	0.0	7.096712	5.535892	27.360485	-2.5761926	10.059441	7.585509	36.065235	-0.9156942	0.15907991	0.38499218	1.3698759	-1.1005878	-9.900362	7.5808315	1.9015806	-36.18764	9.927935	7.5446844	36.18764	0.008557048	-0.6782487	0.35328463	0.19015805	-1.0832915	155.48616	204.64282	1309.5454	7.322307e-05	8.940866	8.161252	36.310463	7.3223073e-06
1	1999	22.672669887542725	20.814556	20.167421	124.153015	5.428253	23.5	60.34344	0.0	60.34344	60.34344	53.0	0.0	0.0	0.0	0.0	0.0	0.0	0.0	0.0	0.0	0.0	0.0	0.0	0.0	0.0	0.0	0.0	0.0	0.0	0.0	7.096712	5.535892	27.360485	-2.5761926	10.059441	7.585509	36.065235	-0.9156942	0.15907992	0.38499215	1.3698759	-1.100588	-9.900362	7.5808315	1.9015807	-36.18764	9.927935	7.544684	36.18764	0.008556832	-0.6782487	0.35328463	0.19015807	-1.0832915	155.48615	204.64282	1309.5454	7.321937e-05	8.940866	8.161252	36.310463	7.3219376e-06
2	2999	29.27776288986206	17.460537	16.582548	105.42657	5.3510084	20.979591	59.399616	0.0	59.399616	59.399616	53.0	0.0	0.0	0.0	0.0	0.0	0.0	0.0	0.0	0.0	0.0	0.0	0.0	0.0	0.0	0.0	0.0	0.0	0.0	0.0	8.233373	8.929823	41.937675	-3.47486	11.577597	11.154159	53.84074	-1.2010777	0.12833716	0.38053435	1.4837831	-1.0528812	-11.449261	11.193318	1.5516647	-54.38618	11.490232	11.151255	54.38618	0.008501472	-0.6661673	0.37001637	0.15516646	-1.0799518	256.37592	479.93237	2957.8567	7.227503e-05	10.581183	11.701974	54.93715	7.2275025e-06
3	3999	35.60661268234253	17.077888	8.235182	38.263966	5.8786683	22.044445	59.796833	0.0	59.796833	59.796833	53.0	0.0	0.0	0.0	0.0	0.0	0.0	0.0	0.0	0.0	0.0	0.0	0.0	0.0	0.0	0.0	0.0	0.0	0.0	0.0	9.046069	10.344884	58.180862	-0.5064567	12.620604	12.953299	71.834915	-0.72630024	0.13005972	0.36825278	1.3784957	-1.1443552	-12.490545	12.992613	0.7053641	-72.13993	12.505378	12.978337	72.13993	0.012936612	-0.6869642	0.35654575	0.07053641	-1.0825877	324.8217	733.97473	5204.1694	0.00016735593	11.596118	13.513538	72.738594	1.6735592e-05
4	4999	42.31675696372986	22.184013	22.71988	109.465385	6.3513336	23.47619	60.312557	0.0	60.312557	60.312557	54.0	0.0	0.0	0.0	0.0	0.0	0.0	0.0	0.0	0.0	0.0	0.0	0.0	0.0	0.0	0.0	0.0	0.0	0.0	0.0	9.693829	9.1059	39.994812	-2.6318586	13.355648	11.939544	52.037384	-1.4091913	0.13058504	0.3694818	1.3881572	-1.1313962	-13.225063	11.94022	2.1333888	-50.96112	13.26434	11.896571	50.96112	0.0023383123	-0.7082143	0.35614255	0.21333887	-1.0925264	317.47113	507.6655	2597.036	5.4677053e-06	12.399534	12.461619	50.132843	5.467705e-07
5	5999	498.69223070144653	166.94582	79.45648	263.12125	48.85886	83.5	249.0992	0.0	249.0992	249.0992	107.0	90.725716	51.90781	180.00117	-23.029016	10.392769	-0.7523809	1.894428	14.409197	-9.0288	-96.8545	0.88232213	0.06292157	0.99970007	0.7786344	-0.19983521	0.84359056	0.61827046	5.4821362	3.5762787e-07	101.42555	42.298775	158.44286	2.508575	112.33108	48.026184	179.65984	2.508575	130.7714	49.13569	180.22911	25.504826	18.440308	15.817788	74.70545	-52.380398	20.40412	13.187846	74.70545	0.017318457	0.3222827	0.6092714	4.320332	-0.34603465	590.2474	754.3267	5580.9043	0.000299929	9.885817	20.66815	186.6527	3.463501e-06
6	6999	964.3421339988708	277.5169	74.6653	414.4918	174.9371	131.28572	319.04953	0.0	319.04953	319.04953	140.0	169.11285	52.433327	211.68175	-39.64795	15.973348	-0.37396404	2.3806772	18.110283	-9.764504	-177.88728	0.68697774	0.052564833	0.7784474	0.5971359	-0.52207714	0.88626146	0.668763	6.2681074	4.7683716e-07	116.85792	41.133156	162.42506	2.3170106	128.51714	46.65661	178.91145	2.3170106	140.94057	73.62593	209.34914	-11.805079	12.4234295	34.937332	66.77281	-90.4772	33.094994	16.72364	90.4772	0.07223026	0.010574192	0.33612087	0.7391923	-1.412209	1374.9587	1290.63	8186.1245	0.0052172095	11.262653	12.226288	80.34573	0.00045290933
7	7999	1432.2272386550903	366.25488	46.35035	461.62747	324.6089	177.83333	365.05847	0.0	365.05847	365.05847	175.0	177.87798	54.19448	217.9812	-47.41271	11.302957	-0.2747767	2.47418	19.597324	-9.386191	-185.66843	0.5226772	0.04071403	0.596966	0.45587832	-0.8262975	0.8899672	0.6817218	5.757896	1.7285347e-06	107.87307	44.248642	165.55215	1.8997613	121.98036	50.637604	186.76495	1.8997613	162.72324	53.89773	215.25961	2.1922002	40.742855	35.477985	130.96962	-6.380172	40.995373	35.18589	130.96962	0.016972069	0.62114936	1.5358803	12.977825	-0.16655146	2918.6677	4114.889	17153.04	0.00028805112	60.02474	193.22664	1684.2394	2.6930256e-06
8	8999	1900.734816789627	349.9242	66.91843	443.30954	254.23131	214.5	1028.7516	0.0	1028.7516	1028.7516	1000.0	166.69469	51.779137	215.30093	-28.370243	7.3111854	-0.31667915	2.4978342	18.038406	-11.189113	-173.1675	0.39672282	0.034168553	0.45576712	0.3384918	-1.2304285	0.87710285	0.6839092	6.102496	1.5497208e-06	124.454865	29.336605	160.7543	2.6202455	144.21469	36.40243	183.25754	2.6202455	143.46036	41.681503	186.78864	3.5415301	-0.7543225	10.753719	19.071678	-25.696215	9.187326	5.6395497	25.696215	0.003622798	-0.016664142	0.08871583	0.46892914	-0.3434105	116.21148	116.17665	660.2955	1.3124666e-05	0.8772608	0.94358945	5.8991585	8.777344e-08
9	9999	2370.3490631580353	348.15918	50.549927	420.4544	289.73035	155.0	295.9811	0.0	295.9811	295.9811	114.0	149.29189	44.174446	189.87628	-23.912376	4.614942	-0.21890098	2.5091307	19.813904	-10.928661	-154.62111	0.29293588	0.023458134	0.3383839	0.25826064	-1.4835032	0.8948564	0.6872168	6.0351305	3.002584e-06	119.52982	45.90894	166.13335	3.360092	125.82611	49.95015	179.2683	3.360092	142.0128	49.792816	186.94252	20.175085	16.186686	7.751434	33.581257	-3.570164	16.206207	7.710536	33.581257	0.020691946	0.21211338	0.32906294	2.4689822	-0.07138139	322.09348	268.7555	1127.7008	0.00042815667	4.0721536	6.8030252	60.958733	2.4321043e-06
10	10999	2835.7846233844757	315.2951	26.344383	355.75372	274.21475	124.375	363.65625	0.0	363.65625	363.65625	132.0	150.83818	47.51277	193.17395	-18.632973	3.8570518	-0.066172056	2.5566158	21.178467	-9.630439	-155.75705	0.22791162	0.017943067	0.2582036	0.19693094	-1.5861311	0.9019811	0.6935012	6.0654306	3.8444996e-06	139.61658	51.93079	190.60043	3.4999998	147.23473	57.12751	202.97899	3.4999998	121.7874	50.857838	177.04091	8.802965	-25.44733	11.018935	13.24073	-45.051357	25.857992	10.017367	45.051357	0.0009838416	-0.15901999	0.15014294	1.324073	-0.36405486	768.9834	459.6253	2029.6249	9.679443e-07	5.1526628	3.0240464	17.531693	2.5585496e-08
11	11999	3297.012504339218	362.51913	12.03366	379.85425	337.0916	135.125	390.66696	0.0	390.66696	390.66696	138.0	138.68826	42.091824	178.53337	-23.332996	2.7422445	-0.013316876	2.5960293	23.375227	-11.043125	-142.79639	0.17148753	0.013242134	0.19687347	0.15069835	-1.7797748	0.90204924	0.6988219	6.2556753	7.1525574e-07	143.03194	54.33622	193.3536	3.5282888	148.95152	58.51362	204.52347	3.5282888	125.46094	47.713852	169.34317	5.8900175	-23.490583	11.371624	7.621482	-38.095505	23.720789	10.883266	38.095505	0.034208763	-0.13693216	0.09183661	0.7408394	-0.23244435	681.12134	433.70804	1451.2676	0.0011702394	3.8970664	2.0264497	7.2707825	2.440963e-05
12	12999	3767.499343395233	375.29938	14.76285	398.60577	356.30438	133.71428	344.63684	0.0	344.63684	344.63684	124.0	142.08322	42.92901	181.30865	-21.908329	2.5244257	0.291425	2.6929574	26.066195	-10.860431	-146.00247	0.13480063	0.008566155	0.15066424	0.120910205	-1.416061	0.9381544	0.72591025	7.003685	1.3411045e-06	136.49814	51.634933	189.42868	3.931739	140.39037	55.055695	200.76303	3.931739	140.88943	43.19558	177.78952	14.781891	0.49906933	20.785282	79.96888	-27.180458	15.215759	14.1689005	79.96888	0.022376899	0.14798425	0.6208094	7.9968877	-0.13891383	432.27704	974.5014	6395.0215	0.00050072564	8.571205	40.239452	639.50214	2.8640193e-06
13	13999	4237.416301250458	365.3968	30.459995	402.97607	314.92734	131.375	414.46625	0.0	414.46625	414.46625	143.0	146.05424	44.762543	185.76576	-20.12645	2.9006207	0.506421	2.8003862	26.99862	-11.155122	-149.69969	0.10969134	0.0061822617	0.12088562	0.09945276	-1.0888808	0.9619871	0.748095	6.864752	9.0897083e-07	154.37482	58.35619	206.87486	3.9595897	155.812	60.57075	214.8859	3.9595897	133.03856	48.692997	180.95917	2.9875293	-22.773443	12.597917	6.8611507	-40.4474	23.067833	12.050403	40.4474	0.027690679	-0.12005563	0.08738567	0.6861151	-0.24881679	677.3371	448.66037	1635.9921	0.00076677365	3.627465	2.189487	8.965076	1.831033e-05
14	14999	4703.710365533829	414.64532	7.6152005	428.23608	402.39127	146.71428	274.52005	0.0	274.52005	274.52005	109.0	146.53581	45.291637	187.78076	-23.046791	2.6548598	0.7469425	2.9045556	27.847933	-12.152208	-150.01672	0.092415586	0.0037283737	0.09943561	0.08716446	-0.59987986	0.96903116	0.76639795	7.606156	5.8887526e-06	126.17755	52.37424	213.3917	3.8789904	126.22581	53.565983	215.29707	3.8789904	158.49095	33.34575	183.53793	6.519043	32.26513	40.818325	110.0632	-33.87744	44.083866	27.636705	110.0632	0.031025227	0.69953483	1.6380428	11.00632	-0.21296102	2707.1746	3005.826	12113.909	0.0009625648	63.982094	169.05975	1211.3909	7.881434e-05
15	15999	5172.599452257156	419.81555	9.406828	429.0157	403.85226	145.83333	423.65332	0.0	423.65332	423.65332	146.0	150.5464	47.50533	193.41525	-24.210897	2.4497306	0.9558987	3.011889	31.076937	-10.4008045	-153.9466	0.08542962	0.00085543544	0.08715467	0.08417628	-0.10827195	0.9915025	0.7916809	7.4547644	2.6784837e-06	159.49852	58.233833	211.71396	3.9228084	160.94109	59.383457	216.47844	3.9228084	144.26833	52.49586	190.15137	2.940702	-16.67277	8.566801	5.9911003	-30.2914	16.905733	8.097379	30.2914	0.00853352	-0.09648891	0.054323222	0.4374865	-0.23896927	351.37134	254.2301	917.569	7.282096e-05	1.9185649	1.1599458	4.4502835	7.2820962e-06
16	16999	5637.4207282066345	407.71048	56.059742	446.69977	273.09467	141.57143	441.36887	0.0	441.36887	441.36887	148.0	153.88686	48.984646	196.25587	-19.46684	2.5793984	0.9654512	3.0418866	32.035313	-10.799532	-157.11456	0.08244618	0.0012328955	0.08435881	0.08061858	-0.08596094	0.9865422	0.79943144	8.426654	4.172325e-07	162.63702	57.928425	213.66003	4.1941056	164.16168	58.936672	220.19235	4.1941056	146.20761	52.352325	196.02051	8.197905	-17.954077	7.4442854	6.3151894	-28.594748	18.166653	6.909333	28.594748	0.033404388	-0.09693568	0.07705648	0.6315189	-0.23500617	377.7662	203.89601	817.65955	0.0011158532	2.101838	0.9476662	5.33611	1.6451688e-05
17	17999	6105.791013717651	438.3838	6.296156	444.5055	427.313	148.85715	424.05856	0.0	424.05856	424.05856	146.0	154.71313	49.245586	196.85823	-18.891628	2.4973884	0.9972182	3.0582767	31.26263	-12.376232	-157.8213	0.08165074	0.00041891684	0.082295045	0.08071538	-0.006928253	0.9877738	0.80647475	8.518304	5.9604645e-07	157.57375	57.07416	210.05507	4.363128	158.88086	58.901165	214.38213	4.363128	150.74101	50.944695	194.94028	8.84535	-8.139826	9.376801	13.653527	-24.11492	10.444054	6.7158675	24.11492	0.011538913	-0.013483115	0.13121304	1.152847	-0.12001908	154.18114	163.61006	581.52936	0.00013314649	0.9827059	1.1339759	13.290564	1.2140305e-06
18	18999	6574.831659555435	438.1122	11.524706	451.89328	413.02945	148.42857	437.89716	0.0	437.89716	437.89716	149.0	156.8095	50.2995	200.92732	-19.591387	2.3490546	0.997332	3.0744429	31.603436	-17.283314	-159.8523	0.08149235	0.00041127103	0.08217517	0.0806665	-0.006662275	0.9757482	0.80724883	8.475046	4.172325e-07	163.81856	59.953537	224.00438	3.7387545	163.07957	60.77252	228.48909	3.7387545	151.50021	53.58446	198.83676	5.5399036	-11.579367	10.185071	9.338193	-31.914371	12.608159	8.8798485	31.914371	0.008316549	-0.054742802	0.071071185	0.41535226	-0.20576009	237.81738	261.13272	1018.52716	6.9164984e-05	1.2316623	1.219331	4.7847342	5.055019e-07
19	19999	7042.6668338775635	431.0645	13.296495	452.05533	409.95972	147.0	448.6045	0.0	448.6045	448.6045	150.0	158.20297	50.78359	205.39116	-20.692244	2.3927588	0.97326154	3.066148	31.187555	-11.44202	-161.18138	0.078666426	0.0011543176	0.08084636	0.077462696	-0.06772005	0.9673889	0.8109132	8.670769	4.5001507e-06	166.2404	59.899475	223.66492	4.063937	164.97246	60.549377	225.5463	4.063937	150.21834	53.702724	200.18588	5.321399	-14.754136	10.040243	9.302712	-32.65637	15.678356	8.525267	32.65637	0.006908012	-0.074956246	0.084871255	0.82877225	-0.16572398	318.49103	257.4351	1066.4385	4.772063e-05	1.6998333	1.203843	6.868634	9.1697433e-07
20	20999	7513.603849649429	446.29797	5.4966063	453.9645	435.98624	150.33333	450.7588	0.0	450.7588	450.7588	151.0	158.46873	50.970573	203.5967	-16.767313	2.177221	0.95285255	3.02471	34.10611	-9.590637	-161.23978	0.07423231	0.0017564805	0.07769795	0.07227116	-0.12195599	0.94856733	0.80164593	9.045754	3.5762787e-07	165.68301	59.492207	221.6606	4.3798404	164.44678	60.076077	223.83289	4.3798404	153.09544	53.465096	201.27798	5.774461	-11.351346	8.165815	5.067793	-27.051838	11.737725	7.5999618	27.051838	0.0080673555	-0.0529403	0.05969342	0.46075046	-0.12906682	195.53362	188.73215	731.80194	6.5082226e-05	0.9869709	0.8565717	3.4914947	1.2380137e-06
21	21999	7982.224989414215	452.36874	11.757544	463.6902	427.712	150.85715	469.1098	0.0	469.1098	469.1098	155.0	159.21237	51.565807	204.03133	-20.908918	2.1284795	0.98709273	3.0391898	35.177002	-11.103691	-161.89926	0.07174815	0.000563244	0.07271251	0.070874274	-0.03390488	0.9469832	0.80576074	8.792459	1.2665987e-06	165.056	61.421722	224.91457	3.6193187	162.53745	62.064438	225.60289	3.6193187	157.84306	50.568047	201.41676	8.585578	-4.6943855	29.063063	136.50919	-29.860487	20.733227	20.900528	136.50919	0.20872517	0.10043834	0.91441333	13.650919	-0.14137651	866.69885	2344.616	18634.76	0.043566193	16.927353	117.63069	1863.476	0.00044248902
22	22999	8451.628276586533	468.77524	24.121113	516.4989	437.50253	156.16667	483.08743	0.0	483.08743	483.08743	157.0	161.14339	51.83089	207.18846	-23.485357	2.4840484	1.0508399	3.025372	32.976776	-11.237413	-163.83456	0.07149685	0.0015646258	0.07606354	0.07027514	0.13276193	0.946861	0.804845	9.775627	1.4901161e-06	164.8816	65.3708	239.90143	3.4467022	153.55719	62.727463	227.11012	3.4467022	166.77534	40.05317	198.79953	8.738355	13.218156	42.667713	179.87343	-62.19904	33.05618	30.042341	179.87343	0.19475415	0.4038026	1.5965663	17.987343	-0.2867084	1995.2533	4484.2188	32354.45	0.037929177	49.4025	267.6976	3235.445	0.00020828805
23	23999	8921.349269390106	411.5624	161.77318	533.74414	21.878798	137.71428	579.59174	0.0	579.59174	579.59174	184.0	170.26894	55.994125	231.35481	-25.432755	3.1756954	1.1898279	2.9617982	32.839428	-12.381894	-173.05383	0.08548147	0.0060962248	0.09596027	0.07607959	0.46684292	0.9715492	0.81212854	9.174592	3.3974648e-06	187.96777	67.16499	255.5267	4.267411	182.35573	67.14603	252.33492	4.267411	164.5138	57.388973	225.0073	-4.1127515	-17.841925	26.211218	66.82788	-56.55326	28.022718	14.835414	66.82788	0.021256568	-0.04581363	0.42227688	6.682788	-0.90437526	1005.3623	844.05133	4465.9653	0.00045184168	7.315368	22.81991	446.59653	4.283904e-06
24	24999	9390.02022266388	446.97772	107.94201	585.1983	279.4712	147.14285	587.0398	0.0	587.0398	587.0398	179.0	170.4515	56.015583	226.54297	-38.937325	3.0515485	0.9771061	2.9361916	32.898678	-12.22904	-173.185	0.09469759	0.0014767611	0.09666776	0.09267002	-0.053950973	0.97407144	0.80999607	10.281006	1.2516975e-06	199.94525	68.958694	263.50955	4.350459	189.57584	66.83788	253.3133	4.350459	162.74211	56.66686	216.33926	-4.0288234	-26.833748	11.89756	8.280873	-46.888454	26.92169	11.697205	46.888454	0.051610157	-0.14371026	0.073056705	0.1720028	-0.88740087	861.602	528.6066	2198.5273	0.0026636084	4.0665083	2.055531	9.09908	2.6723246e-05
25	25999	9861.030803203583	561.8958	26.22353	585.4565	509.66876	175.83333	557.46716	0.0	557.46716	557.46716	175.0	171.5136	55.484863	222.21968	-37.969486	2.9793007	1.0101333	2.9050035	32.759155	-11.494983	-174.20163	0.09480792	0.00062617386	0.09555929	0.093003936	0.024050923	0.95326304	0.80829906	8.143161	2.4437904e-06	190.5389	65.39507	253.43724	4.530674	183.31618	64.10243	243.59117	4.530674	171.61307	57.22092	221.16452	6.1548767	-11.703136	9.757226	10.679638	-31.21271	12.367978	8.899438	31.21271	0.014400226	-0.043832894	0.10215771	1.0679638	-0.16699472	232.16689	261.75543	974.2332	0.00020736651	1.1325773	1.2706798	11.405467	1.267545e-06
26	26999	10331.831101894379	531.00555	52.091835	580.1143	423.00214	171.5	426.91516	0.0	426.91516	426.91516	159.0	176.96974	57.904053	228.59041	-27.374256	3.0144756	0.98753244	2.8673594	32.620934	-11.631615	-179.64423	0.09270042	0.0008779203	0.09444171	0.091015175	-0.02947181	0.939624	0.805097	9.472914	8.1956387e-07	158.27893	63.660213	250.23477	2.8476722	148.72124	62.682743	241.23546	2.8476722	172.20657	55.794342	223.06378	-1.6487396	23.485336	42.507076	184.57503	-150.30083	33.43113	35.2246	184.57503	0.0011524997	0.3856804	1.3571328	18.457502	-0.7871864	2358.413	5030.262	34067.94	1.3282556e-06	44.595165	234.5654	3406.7942	2.890885e-08
27	27999	10799.231914043427	561.75275	12.81196	580.5482	549.88104	174.16667	608.3448	0.0	608.3448	608.3448	185.0	176.78142	58.593483	228.05722	-37.874985	2.9589775	0.978871	2.8751512	32.718266	-11.806607	-179.34108	0.09162953	0.0012783131	0.09359224	0.08959818	-0.05050312	0.95300543	0.804147	8.258921	5.9604645e-07	202.79408	69.83213	267.43967	4.262157	193.85406	68.02954	254.18694	4.262157	171.20667	60.504917	223.10455	-0.60693383	-22.64739	8.8407	4.3910747	-36.093338	22.688435	8.734827	36.093338	0.086925276	-0.12821688	0.06940921	0.16206183	-0.8789733	591.0623	354.83377	1302.729	0.007556004	2.8243575	1.2325565	8.789147	6.918106e-05
28	28999	11269.358478069305	577.0683	20.027088	600.7002	551.49445	178.6	645.50336	0.0	645.50336	645.50336	196.0	178.27307	59.42497	232.10167	-34.412685	2.8157773	1.0293617	2.8913655	33.02631	-10.436064	-180.85706	0.0917955	0.0010581941	0.09395479	0.089778036	0.07017694	0.93856025	0.8043609	8.959244	4.8577785e-06	206.60132	70.48262	271.23108	4.217315	195.29337	67.85745	258.073	4.217315	175.37538	62.787754	229.82367	0.60896444	-19.91798	7.3521767	5.5906563	-33.58737	19.978834	7.185164	33.58737	0.011420776	-0.11207833	0.061242655	0.41728273	-0.637636	450.78036	264.99432	1128.1116	0.00013043413	2.2360058	1.0263562	7.3106837	5.083485e-06
29	29999	11741.804346084595	560.8422	97.327736	624.51874	345.8828	175.16667	609.5357	0.0	609.5357	609.5357	190.0	180.9841	60.140385	233.79878	-29.2466	2.974756	1.0122637	2.877651	34.194294	-10.235697	-183.4689	0.094557784	0.00038206263	0.09559693	0.0938407	0.028943012	0.9327241	0.80032617	7.9852066	1.1324883e-06	193.69759	68.552124	264.61624	4.187053	183.55031	67.16991	253.98676	4.187053	180.88799	59.754677	230.37903	2.467915	-2.662318	19.809578	65.40706	-29.304205	15.918582	12.087433	65.40706	0.04366184	0.022234479	0.24872573	2.820408	-0.4577087	399.50732	611.282	4278.0835	0.0019063563	3.2682607	7.6304264	79.54702	1.4640114e-05
30	30999	12210.584985733032	576.8005	34.558384	596.9462	507.7765	178.8	649.06805	0.0	649.06805	649.06805	197.0	180.69548	60.41389	232.4453	-34.594414	2.9184887	1.0296959	2.8140643	34.424896	-9.709258	-183.103	0.09851905	0.001779672	0.10085228	0.095556304	0.06911258	0.9292663	0.7947959	7.7907114	5.2154064e-08	211.15683	73.89621	277.16528	4.1376734	200.55495	72.44529	264.85626	4.1376734	178.13857	60.044285	229.6565	-5.742472	-22.416372	19.880882	41.766224	-44.23946	28.306746	9.821984	44.23946	0.08653332	-0.103592426	0.17064552	0.68070847	-1.4812437	897.7432	468.48398	1957.1299	0.0074880156	4.549834	2.7424421	26.181038	5.302117e-05
31	31999	12679.184882164001	588.2846	19.155704	626.4019	569.937	182.66667	603.8966	0.0	603.8966	603.8966	181.0	181.56401	60.406754	234.12843	-21.505318	2.7712934	0.9740238	2.8163347	35.318108	-11.431485	-183.94601	0.098719716	0.001133868	0.100120015	0.09618054	-0.06022757	0.92498964	0.7930901	8.6629	5.543232e-06	206.44852	70.8368	271.5043	4.20777	195.80333	69.585144	255.29655	4.20777	178.20328	60.96782	230.47676	1.0217525	-17.600048	13.074493	39.56512	-33.277073	20.609524	7.4800806	39.56512	0.25125727	-0.073733404	0.16234519	1.3883882	-0.9174244	480.70407	278.91412	1565.3988	0.063130215	2.61285	2.0718546	23.618233	0.0018486636
32	32999	13150.88383436203	575.387	14.179515	594.14954	548.1955	178.16667	624.93884	0.0	624.93884	624.93884	189.0	182.33739	60.632874	234.3075	-32.37195	2.6152744	0.978423	2.8255825	36.23115	-10.425073	-184.65016	0.09424844	0.0007489171	0.09637428	0.093191825	-0.050802253	0.9223707	0.7928795	9.136304	2.3245811e-06	205.47379	70.95995	267.46942	4.2896905	194.87141	68.82195	254.74606	4.2896905	178.64664	62.461777	232.56628	3.3661633	-16.224785	7.4123654	1.96388	-29.51323	16.234367	7.391349	29.51323	0.014428273	-0.08145194	0.025572794	0.19638799	-0.24936435	318.18677	226.44316	871.0307	0.00020817506	1.4216062	0.8468701	3.6273744	2.0817506e-05
33	33999	13618.464565038681	586.6283	28.547703	615.05255	535.1388	182.0	596.77747	0.0	596.77747	596.77747	185.0	183.0448	60.54493	235.18144	-42.553013	2.5771358	0.9826907	2.8199003	33.242332	-10.391298	-185.32768	0.09219902	0.0007181299	0.09322647	0.090710096	-0.041271076	0.92277825	0.7960627	8.888539	1.7285347e-06	202.81673	69.74611	269.7953	4.2631707	192.80849	68.51171	257.38937	4.2631707	180.0796	61.671223	232.81873	4.987155	-12.728882	9.412971	7.997359	-30.794191	13.156635	8.805193	30.794191	0.020545654	-0.053895492	0.057640854	0.40996143	-0.32122025	250.62845	252.53384	948.2822	0.0004221239	1.1057692	1.025437	3.98805	6.308495e-06
34	34999	14087.049402236938	601.2171	11.2512	615.099	587.39856	186.0	590.2546	0.0	590.2546	590.2546	185.0	183.15167	60.542732	235.00539	-32.49026	2.589118	1.0124164	2.8495262	36.78357	-10.640155	-185.33656	0.09237783	0.00073751213	0.093415834	0.09066925	0.029732022	0.929923	0.8012813	9.094506	7.748604e-07	192.09053	66.31694	258.78806	3.7216444	184.34262	66.14838	250.43915	3.7216444	186.13359	55.755318	233.34929	9.539591	1.7909694	20.237175	58.98135	-27.823181	15.760435	12.820277	58.98135	0.026036803	0.093985744	0.4048729	5.043198	-0.12209784	412.75076	641.4159	3478.7998	0.00067791506	4.8759465	18.030312	254.33849	3.8162448e-06
35	35999	14558.23497390747	543.2034	32.926937	597.03204	501.42444	173.33333	268.8873	0.0	268.8873	268.8873	109.0	183.73798	60.922493	236.2727	-26.24527	2.6061964	0.98932654	2.8265266	36.352215	-9.712815	-185.86203	0.09117099	0.0005271782	0.09252036	0.09042147	-0.025454268	0.9250031	0.79687357	10.219187	4.708767e-06	145.7004	70.3718	268.05054	3.4923022	142.51018	67.808464	255.23259	3.4923022	206.88399	44.251575	235.98022	4.9820547	64.37381	69.51507	197.76282	-27.848368	74.7509	58.211983	197.76282	0.33178988	1.2811735	3.009932	19.776281	-0.20985478	8976.333	10573.002	39110.133	0.11008453	211.06274	573.7447	3911.0134	0.0010099794
36	36999	15029.337217092514	553.22186	136.42062	659.5936	259.5165	176.16667	655.36096	0.0	655.36096	655.36096	202.0	182.59142	61.33794	236.04669	-34.206654	2.7724545	1.0314274	2.808141	36.155724	-11.8977375	-184.67302	0.09339226	0.0016436881	0.096104786	0.090828344	0.07465559	0.9284996	0.7990396	10.505018	8.5681677e-07	208.7267	72.67729	273.88565	4.162175	199.44118	71.054565	259.92172	4.162175	180.38995	63.077084	233.05435	2.5449522	-19.051199	10.278541	30.947765	-32.305973	20.15214	7.9049273	32.305973	0.79834586	-0.09745697	0.06752263	0.3461298	-0.5679311	468.5966	290.79474	1043.676	0.6373561	2.1517482	1.0052578	7.7752233	0.012641013
37	37999	15500.266279459	642.5128	10.56349	655.32697	626.8995	198.6	656.9673	0.0	656.9673	656.9673	201.0	182.67412	60.97184	235.56831	-28.31671	2.5835092	1.006799	2.7700534	35.405777	-11.365192	-184.7194	0.09555685	0.00039671565	0.09640914	0.0947382	0.015985817	0.9194089	0.7938798	9.565447	3.874302e-07	210.69788	73.54349	275.91498	4.0093756	203.49033	71.250725	265.2947	4.0093756	180.93013	64.51152	235.03632	1.0276062	-22.560177	7.7405415	0.31700265	-35.18255	22.560713	7.7389784	35.18255	0.18900795	-0.12314208	0.054628044	0.031700265	-0.48381144	568.87756	325.04376	1237.8116	0.035724007	2.6267147	0.99009854	5.156533	0.0035724004
38	38999	15973.179636955261	640.232	13.295565	660.1852	618.2497	198.4	654.84265	0.0	654.84265	654.84265	199.0	183.19092	61.36481	237.32025	-31.296696	2.554454	0.99215	2.7559073	36.860367	-11.830382	-185.1676	0.09627102	0.00030071815	0.09678532	0.095332205	-0.018361641	0.9133034	0.79162765	9.6986685	7.8231096e-08	212.93338	74.72257	280.80212	3.8565009	202.03906	71.04179	261.82263	3.8565009	181.7389	63.59788	235.31789	4.6117516	-20.300158	8.421758	9.741847	-33.03604	20.404068	8.166784	33.03604	0.04667587	-0.09880536	0.040289283	0.2881168	-0.3976941	483.02237	288.50027	1091.38	0.0021786366	2.1316657	1.001157	4.465783	0.00017250102
39	39999	16438.59893512726	648.40625	13.878783	661.70605	625.731	201.2	664.9347	0.0	664.9347	664.9347	206.0	183.9891	61.521786	238.513	-22.762589	2.4249647	0.98825085	2.760971	35.34054	-11.09889	-185.96635	0.09405648	0.00049156544	0.09541193	0.09339689	-0.0276785	0.90834284	0.79045457	9.02459	4.172325e-07	207.81186	72.971054	274.50073	3.9452991	200.78491	70.79833	262.33966	3.9452991	185.05324	63.036186	236.96933	0.76490784	-15.73168	9.800559	13.206421	-30.615704	16.674593	8.092877	30.615704	0.028608156	-0.063728794	0.09267204	0.8790206	-0.40900907	343.5367	257.6995	937.32135	0.0008184266	1.5640866	0.99534833	7.7267714	1.4597471e-05
40	40999	16908.64692592621	646.35175	7.9208302	652.8335	631.08344	201.8	661.26996	0.0	661.26996	661.26996	201.0	185.12238	61.425236	240.4885	-34.87091	2.3782628	0.9953812	2.7367835	35.06712	-11.439618	-186.96979	0.092576586	0.00044393336	0.09358843	0.091854416	-0.010908223	0.9047999	0.78897476	10.051258	2.9206276e-06	210.63817	74.049484	276.35138	3.8821902	201.88054	71.58116	263.13925	3.8821902	183.8648	63.90534	238.53708	4.775052	-18.01572	8.604245	3.7358136	-32.65181	18.117193	8.3884735	32.65181	0.007843054	-0.0792646	0.045982733	0.37358135	-0.13869345	398.5992	277.54575	1066.1407	6.15135e-05	1.706318	1.0337526	4.513252	4.022681e-06
41	41999	17377.877351522446	651.8346	50.545727	747.0608	613.3099	200.8	670.06305	0.0	670.06305	670.06305	208.0	185.56744	61.852623	242.72696	-42.68947	2.2969506	0.9947495	2.736727	36.52148	-10.756709	-187.41751	0.09272989	0.00054171414	0.09359987	0.09169172	-0.012454353	0.9007209	0.7893336	9.139497	3.516674e-06	211.40794	73.89932	277.02298	3.9629078	198.93932	72.117516	263.8155	3.9629078	186.5681	62.02799	239.50412	5.1540666	-12.371234	12.402286	17.69723	-31.590208	15.481019	8.197692	31.590208	0.06605555	-0.03492136	0.096728966	0.776545	-0.17320898	306.86414	253.24184	997.9413	0.004363336	1.4133842	1.0423598	6.0302215	0.00013928465
42	42999	17844.97371339798	655.0047	21.51984	688.9312	624.6163	204.8	665.37585	0.0	665.37585	665.37585	207.0	185.81766	62.08835	244.26549	-21.560753	2.3217385	1.0013727	2.730484	35.07433	-11.452794	-187.68118	0.09162363	0.00044438077	0.09236597	0.0908339	0.0033202877	0.90089005	0.7905376	9.401024	1.0323711e-06	211.24313	73.66997	281.02954	3.9387095	202.41106	71.86418	268.39636	3.9387095	187.61423	61.619236	241.71558	2.8258123	-14.796824	12.377663	24.477644	-34.23461	16.380358	10.190013	34.23461	0.011043705	-0.042444587	0.13343166	2.4477644	-0.1442372	372.1525	330.97018	1172.0087	0.00012196342	1.6820438	2.3527489	59.91551	1.9043297e-06
43	43999	18316.86780810356	653.52515	8.998028	666.119	641.16077	205.5	691.70557	0.0	691.70557	691.70557	215.0	186.52542	62.035854	246.70267	-26.827988	2.2670624	0.98927075	2.7070026	35.97946	-12.013418	-188.29881	0.09091944	0.00075823034	0.0923314	0.089838184	-0.025595684	0.8989122	0.79004836	10.028031	4.4703484e-07	223.31488	74.53779	307.44125	3.9823282	209.25877	71.411125	287.67267	3.9823282	191.03079	58.79626	241.9997	6.10137	-18.227964	18.235102	31.422625	-73.985435	20.857899	15.156706	73.985435	0.055971466	-0.04434608	0.22665668	3.1422625	-0.27114782	664.77765	966.7319	5473.844	0.003132805	3.1732054	5.9242945	98.73814	2.6399022e-05
44	44999	18787.98222231865	666.342	36.024498	709.72925	626.17523	208.2	664.61237	0.0	664.61237	664.61237	208.0	186.92987	62.555912	247.11893	-27.42742	2.3055441	0.99692863	2.6972096	35.90706	-11.93284	-188.71497	0.09111496	0.00052421715	0.091987275	0.09041047	-0.0073204995	0.8965993	0.79137	9.673108	1.0430813e-07	206.62788	71.21171	274.21347	4.2547574	195.51736	69.96692	259.94287	4.2547574	190.39578	60.85441	244.26877	8.732966	-5.1215754	12.878531	29.268625	-28.167904	11.664017	7.4858413	29.268625	0.0022510914	0.030788008	0.266527	2.6373808	-0.12034004	192.0871	198.41386	856.65247	5.0674125e-06	1.8363323	6.0006013	69.55778	2.5177204e-08
45	45999	19257.130274772644	706.7936	75.084465	815.69403	619.1604	215.6	663.714	0.0	663.714	663.714	208.0	187.11246	62.808163	247.31424	-32.04379	2.3239307	0.99148345	2.7236052	34.788845	-10.924899	-188.90895	0.08993571	0.0003964769	0.090513565	0.08899077	-0.02048465	0.89866555	0.7955686	10.063982	1.4901161e-07	210.25552	72.530685	285.35037	4.1047716	194.52708	70.65324	264.0741	4.1047716	191.91748	58.101837	242.65582	6.688839	-2.6096008	15.268671	32.298943	-28.946709	13.658065	7.307501	32.298943	0.019320011	0.06668867	0.279629	2.626932	-0.12025002	239.9423	210.40894	1043.2217	0.00037326282	2.5559545	5.9061775	69.00771	1.7318334e-06
46	46999	19727.972074747086	739.8113	86.51434	861.73334	617.62476	224.5	899.77277	0.0	899.77277	899.77277	271.0	188.21886	62.408386	249.4338	-30.005024	2.3770816	1.0141186	2.7088478	34.899075	-10.091709	-189.93015	0.09069206	0.0006495697	0.091562524	0.08903387	0.0340386	0.89986604	0.7944708	10.04476	4.61936e-07	239.53285	76.06617	309.0601	4.3358808	219.14595	69.94342	274.28214	4.3358808	202.7739	56.737846	247.76917	4.887761	-16.37204	19.00991	29.097445	-46.499847	21.384453	13.119665	46.499847	0.023273516	-0.035979737	0.16076563	1.6759492	-0.17381595	629.4205	551.593	2162.2356	0.00054165657	2.7461643	2.4641328	28.088058	2.3293394e-06
47	47999	20198.71240067482	746.94037	77.38474	864.8422	644.48956	226.8	900.5081	0.0	900.5081	900.5081	269.0	188.63075	62.819775	251.93793	-51.670727	2.2882555	0.99756	2.7058618	36.8198	-10.842009	-190.31078	0.0903704	0.0005007654	0.09123674	0.08929218	-0.005798187	0.8953594	0.792243	10.138319	1.0430813e-06	229.8351	73.21956	306.85873	5.038535	216.40067	69.68742	286.5493	5.038535	197.54903	58.599316	248.18771	4.538142	-18.85162	16.101578	27.58327	-48.744667	20.856085	13.404031	48.744667	0.014467949	-0.060930565	0.16882455	2.7583268	-0.26055303	614.64435	601.42505	2376.0425	0.00020932156	2.766439	3.8541274	76.08367	1.0743447e-06
48	48999	20667.52582550049	966.75854	36.590862	1012.6865	923.14746	295.33334	882.4038	0.0	882.4038	882.4038	262.0	189.11528	63.32207	254.04605	-35.593925	2.4676054	1.0250758	2.6803017	34.816673	-11.554675	-190.79921	0.0926517	0.0011685299	0.094642416	0.090595864	0.059730057	0.9005349	0.795583	9.533915	3.33786e-06	242.84738	74.70402	306.0832	4.4698944	229.36633	69.21661	283.23416	4.4698944	202.76953	59.509014	248.61636	2.444304	-26.596815	11.983649	3.154497	-47.50628	26.6135	11.946543	47.50628	0.39068195	-0.112926036	0.041295417	0.31544968	-0.35132924	850.99835	565.4247	2256.8467	0.15263239	3.3017004	1.9400972	8.674756	0.008154806
49	49999	21138.991942167282	790.7267	121.526184	908.977	605.26764	238.5	930.676	0.0	930.676	930.676	271.0	189.846	63.501305	256.9181	-55.33332	2.3703806	1.0041052	2.6450408	35.590317	-13.65424	-191.50702	0.09483731	0.0003167891	0.09548773	0.094309404	0.009716877	0.89766693	0.7888752	10.632926	3.874302e-07	242.75781	76.365295	308.4108	4.123246	227.10797	70.368164	284.01428	4.123246	204.38289	60.98302	253.022	3.8651125	-22.725061	12.088507	18.934381	-43.053844	23.175915	11.19988	43.053844	0.039565016	-0.09448651	0.05105786	0.5145431	-0.2732644	662.5603	472.33557	1853.6337	0.0015653904	2.5773363	1.6089487	6.600588	0.00015653904
50	50999	21611.043875694275	882.23663	40.121586	919.8886	814.80457	260.25	933.3119	0.0	933.3119	933.3119	269.0	190.83224	63.88849	262.7555	-35.000614	2.428998	1.0018843	2.6186543	35.221497	-12.024518	-192.48912	0.09581505	0.00029913968	0.09633945	0.09507338	0.004475408	0.90105116	0.7920545	9.8478365	4.4703484e-08	250.75279	76.62451	315.39743	4.3763733	235.92136	70.69374	288.2025	4.3763733	204.71558	63.346684	258.5697	3.6591098	-31.205765	8.95079	3.2904627	-47.732433	31.230097	8.865509	47.732433	0.34309548	-0.13563384	0.041713864	0.32904628	-0.2937224	1053.9163	453.60583	2278.385	0.1177145	4.2783074	1.4855384	9.02821	0.011771451
51	51999	22084.412135601044	841.8133	91.343285	945.696	738.03107	252.75	956.68365	0.0	956.68365	956.68365	288.0	191.94937	64.22945	266.8033	-43.40905	2.665039	1.017176	2.6239707	31.273949	-10.023397	-193.57857	0.09605971	0.0009301794	0.098113954	0.09491265	0.04015585	0.8987542	0.7924079	10.5373335	2.592802e-06	265.10016	66.640114	323.21573	3.6829324	236.57133	56.56734	289.8702	3.6829324	224.45001	51.071243	266.75983	-0.021819055	-12.121332	11.574829	12.311068	-65.773445	13.772853	9.550491	65.773445	0.026148668	-0.045828335	0.058537815	0.38930136	-0.37047514	280.90335	360.56906	4326.146	0.00068375276	1.1060766	1.2983887	14.942046	2.7881047e-06
52	52999	22556.983330011368	843.77234	82.15255	952.5354	763.0277	252.0	955.7277	0.0	955.7277	955.7277	276.0	193.18239	64.594696	266.98062	-30.807003	2.5695353	0.99668217	2.5817485	35.041924	-10.670661	-194.79514	0.09852377	0.00031698245	0.099134535	0.097640865	-0.00766052	0.8995881	0.7873553	9.623695	1.9520521e-06	252.13193	78.054146	316.1655	4.259932	235.78014	71.04307	289.27075	4.259932	208.35623	65.14812	265.09763	1.1961834	-27.423923	7.0282583	1.5229658	-38.758778	27.426739	7.017265	38.758778	0.555364	-0.12539686	0.0418172	0.15229657	-0.5195423	801.4681	313.58105	1502.2429	0.30842915	3.29893	0.90238976	5.4528956	0.030842915
53	53999	23028.23259973526	887.76605	32.606873	923.67645	837.8298	258.25	961.4043	0.0	961.4043	961.4043	282.0	194.08199	64.93336	267.9698	-38.220043	2.5642412	1.0211637	2.603084	35.480133	-12.534386	-195.6838	0.09978281	0.0010661159	0.1017709	0.09764755	0.048909616	0.89946145	0.78778636	9.33614	3.0063093e-06	251.65895	76.73741	315.0732	4.3767405	238.45525	71.100266	293.62634	4.3767405	211.07147	64.044266	263.55627	0.28819484	-27.383791	8.232233	2.6939468	-39.74605	27.402058	8.171221	39.74605	0.5748242	-0.1170348	0.03342995	0.2693947	-0.42561907	817.6416	370.44638	1579.7485	0.33042285	3.2259173	1.149546	6.8452406	0.025746593
54	54999	23500.457864761353	925.54083	20.735304	955.9153	898.3358	268.5	885.5969	0.0	885.5969	885.5969	256.0	194.96046	65.44208	268.3494	-27.08289	2.496293	1.010075	2.571672	31.377045	-10.455658	-196.5753	0.10165863	0.0012090903	0.10366173	0.1001162	0.023038508	0.8975385	0.78411376	9.452648	3.6656857e-06	233.75961	83.58448	311.40103	3.2028668	219.57864	76.740456	283.52832	3.2028668	214.8005	60.139153	261.1883	5.9968195	-4.778156	51.22654	248.78645	-35.876995	31.93516	40.337757	248.78645	0.008370478	0.21103117	1.7865016	24.878645	-0.19751823	2646.9893	8390.097	61894.7	7.00649e-05	60.93074	422.4828	6189.4697	3.8128414e-07
55	55999	23970.63115143776	861.552	41.20409	914.8305	817.4977	253.75	946.4169	0.0	946.4169	946.4169	278.0	196.28401	65.62268	269.33002	-27.878376	2.501701	1.0147429	2.5660298	33.69819	-13.033645	-197.86676	0.103515625	0.00092715904	0.10542257	0.10224215	0.03337516	0.90173316	0.78307384	9.3018875	1.3671815e-06	246.2915	75.587875	309.67322	4.168023	227.05937	68.75531	291.11237	4.168023	215.20152	63.693398	266.5921	5.842833	-11.857864	13.408105	32.25328	-34.367416	15.984604	8.0547285	34.367416	0.14971448	-0.038209856	0.11733088	1.5871189	-0.20996721	320.38623	264.32352	1181.1193	0.022414425	1.56599	2.0696244	25.18946	0.00014048406
56	56999	24441.865612506866	881.0921	28.881424	922.4375	842.8254	255.5	921.99854	0.0	921.99854	921.99854	266.0	197.09909	65.77038	267.99835	-42.889996	2.5187907	1.0058353	2.5435038	34.55332	-10.73892	-198.67503	0.10580026	0.00071229035	0.1071684	0.10466149	0.0131439455	0.9017552	0.7817468	8.555838	7.338822e-07	215.3748	79.31588	311.88058	4.212682	202.72707	75.09234	289.0122	4.212682	212.62308	67.34487	260.983	1.9924227	9.895996	46.996025	159.03006	-35.832237	35.815544	31.996937	159.03006	0.14309382	0.10964779	0.35801876	2.0060916	-0.32182527	2306.5571	4473.7607	25290.562	0.02047584	16.577469	41.724167	319.02887	0.00022805417
57	57999	24911.918170928955	905.9419	24.709246	940.3027	883.25494	268.0	939.31006	0.0	939.31006	939.31006	273.0	197.79854	66.14249	270.96933	-32.562695	2.501144	1.0093683	2.5180984	29.406883	-14.254631	-199.332	0.10707064	0.0011735054	0.10866847	0.105191834	0.020948501	0.8982662	0.7763797	10.477129	2.0861626e-06	249.71829	77.20351	315.09116	4.1201544	235.23257	70.63594	295.37494	4.1201544	214.87677	64.69682	266.66162	5.4112797	-20.355797	8.646826	3.6136231	-37.036835	20.376654	8.597561	37.036835	0.07571523	-0.08529782	0.034407675	0.36136234	-0.25536463	489.12613	326.29858	1371.7273	0.0057327957	1.9115554	1.1357158	4.9006996	0.000519193
58	58999	25383.40330338478	905.046	27.827368	949.6354	874.33246	263.75	905.20886	0.0	905.20886	905.20886	261.0	198.60202	66.3473	270.492	-26.664488	2.3541007	0.98949456	2.519166	35.55281	-12.124828	-200.11942	0.1070969	0.0004592763	0.10845522	0.10625762	-0.023385555	0.8947966	0.7760969	9.172353	4.172325e-07	249.8793	75.70447	312.6293	4.7523923	234.94905	69.574936	288.73267	4.7523923	213.86562	63.286697	262.97412	4.8114595	-21.083426	8.402176	6.190057	-33.056816	21.169163	8.18376	33.056816	0.046564005	-0.0850492	0.04892739	0.6190057	-0.1571299	515.1074	290.01233	1092.7529	0.0021682065	2.0278678	1.0060319	4.1504025	0.000101513964
59	59999	25856.155988931656	966.6127	111.42286	1158.4923	885.8386	286.5	1298.3674	0.0	1298.3674	1298.3674	388.0	199.84438	66.43419	272.81094	-53.193256	2.3166406	0.99283105	2.5269487	30.377453	-10.946586	-201.34164	0.10575667	0.00030279616	0.106540896	0.10513034	-0.016057989	0.8933344	0.77983767	9.017874	1.1771917e-06	258.4385	69.783356	323.22537	5.678576	238.8833	62.160313	299.08716	5.678576	226.5531	57.46716	272.15186	11.224964	-12.330199	9.082994	10.380569	-39.90693	13.079394	7.9664335	39.90693	0.032932404	-0.047589514	0.045525018	0.5546388	-0.18183295	234.5346	250.88286	1592.563	0.0010845434	0.90263116	0.8631888	5.331428	6.1966475e-06
60	60999	26328.304703474045	1015.084	80.09823	1120.8064	926.9997	300.0	1427.695	0.0	1427.695	1427.695	437.0	201.22466	66.813446	273.0717	-77.301315	2.450159	0.98954165	2.5451503	31.904064	-13.506773	-202.65494	0.103826165	0.0005337206	0.1053748	0.10302108	-0.023600709	0.89246815	0.7841767	9.688326	2.4959445e-06	267.85495	65.8922	322.17175	4.5320606	248.37117	58.16057	300.34702	4.5320606	231.31342	54.633667	273.15283	6.095405	-17.057743	8.431038	3.6988406	-44.213406	17.091566	8.36226	44.213406	0.022105696	-0.06843481	0.036386542	0.36988404	-0.23142602	362.04904	325.3965	1954.8251	0.0004886618	1.3900808	1.1406846	6.5853972	1.3751669e-05
61	61999	26808.08294558525	1224.3516	93.71124	1318.0627	1130.6403	375.0	909.54596	0.0	909.54596	909.54596	303.0	201.53194	67.252556	274.4225	-36.54181	2.4770038	1.0068668	2.550169	32.99859	-11.173987	-202.98021	0.10340044	0.0004095644	0.10466344	0.1028245	0.01559639	0.887606	0.7799985	9.194363	7.0780516e-07	260.6287	68.34934	326.14005	1.6032839	231.219	59.284077	294.1915	0.3309203	248.53088	23.534512	272.318	22.239405	17.311886	47.6592	178.01546	-47.61826	34.348717	37.29968	178.01546	0.041678507	0.27879784	1.0565246	11.6031	-0.16639395	2571.1003	5496.3135	31689.506	0.0017370981	35.521397	139.22557	1413.6099	6.40599e-06
62	62999	27289.233023405075	1182.4078	193.18137	1375.7935	918.5921	364.0	1101.2524	0.0	1101.2524	1101.2524	354.0	202.283	67.29539	274.6008	-38.930706	2.3479447	0.987774	2.5417945	33.17373	-14.191067	-203.72481	0.10419171	0.00062279537	0.105122514	0.10234744	-0.027690014	0.88472664	0.77997583	8.098126	7.52043e-07	303.02695	19.447447	326.94553	233.81343	268.45062	13.441437	292.09467	227.1387	257.01562	9.595556	271.7954	214.69014	-11.434989	9.310454	11.172498	-33.315983	12.503612	7.8168545	33.315983	0.013506539	-0.041505832	0.033507925	0.04472094	-0.11859911	217.4435	213.66391	1109.9547	0.0001824266	0.78560054	0.75175446	3.9512458	6.9642357e-07
63	63999	27758.41535592079	1058.2896	155.79823	1254.4388	873.30273	336.0	1189.9924	0.0	1189.9924	1189.9924	356.0	202.49976	67.68555	277.15482	-75.32695	2.4689825	1.0010469	2.523834	31.925308	-10.595316	-203.94302	0.102184854	0.00034727514	0.102801874	0.101517	0.0024302849	0.8843505	0.7786955	11.299627	2.7535716e-06	250.22314	70.54751	313.47467	4.9379754	236.37161	66.74885	297.1127	4.9379754	221.78078	58.04929	272.47278	5.602795	-14.59085	15.42251	33.44049	-39.87092	18.777697	9.906811	39.87092	0.0027799099	-0.047901098	0.08524572	0.58093536	-0.15725099	450.74677	362.54968	1589.6901	7.727899e-06	1.8291101	1.4615693	11.510618	4.083409e-08
64	64999	28230.654197216034	983.88965	117.074974	1172.9005	851.94666	298.25	1485.6534	0.0	1485.6534	1485.6534	450.0	202.93947	67.56926	277.03928	-30.686588	2.476562	1.0059025	2.5396018	31.50208	-10.376945	-204.37193	0.10279393	0.00029656626	0.103459805	0.102180205	0.013459102	0.88339746	0.7797036	10.934868	8.940697e-07	308.16205	22.922287	342.46094	231.24289	280.6071	18.196678	313.044	226.10658	257.0478	10.667288	275.02878	214.10251	-23.559282	12.61424	12.612022	-55.865795	24.332958	11.048346	55.865795	0.072550766	-0.08183585	0.04251549	0.051133137	-0.17911892	714.1588	535.8117	3120.9873	0.005263614	2.461158	1.7524191	10.006621	2.1176913e-05
65	65999	28704.7034368515	806.5262	487.06	1416.0248	223.88342	255.33333	985.9018	0.0	985.9018	985.9018	294.0	203.10103	67.95594	276.84326	-45.28718	2.699378	1.0069907	2.5384774	31.00415	-10.853139	-204.46912	0.103626326	0.0004337644	0.10484798	0.10260593	0.015861752	0.8817695	0.77692014	9.964365	4.61936e-07	245.65408	73.92437	318.08716	4.191488	230.04755	69.10959	307.17493	4.191488	215.92746	62.52442	263.8207	1.8137988	-14.120103	13.043012	20.745502	-69.25269	16.304785	10.180937	69.25269	0.019421533	-0.05827659	0.063583516	0.25333226	-0.35805053	369.49747	481.53967	4795.935	0.00037719595	1.4678952	1.6949486	18.716208	1.6905905e-06
66	66999	29180.045281648636	1166.0671	128.19142	1299.4215	993.032	352.66666	1193.511	0.0	1193.511	1193.511	375.0	203.3724	67.78137	277.57574	-49.722507	2.7262394	1.0058714	2.513759	29.79937	-12.607127	-204.72478	0.1053552	0.00029513586	0.10587948	0.104829684	0.013254921	0.8745823	0.7729582	8.953298	5.9604645e-07	305.6188	30.116777	343.51657	173.2956	275.07013	22.431318	308.44952	159.54721	252.10114	17.929903	271.34943	146.64163	-22.968954	11.556714	1.8420283	-49.684372	22.989197	11.516394	49.684372	0.015077648	-0.0820246	0.038355503	0.007064239	-0.17152147	661.1305	516.4467	2468.5366	0.00022733546	2.3210576	1.71955	8.521936	8.7255194e-07
67	67999	29657.305074691772	1310.5729	341.80173	1773.8177	959.38544	412.0	1717.6648	0.0	1717.6648	1717.6648	521.0	203.57674	67.76942	277.67737	-30.974781	2.823582	0.9924264	2.5005372	28.77573	-11.6137905	-204.93803	0.10581018	0.00044680134	0.10669871	0.10470724	-0.017003113	0.87168765	0.77203155	10.2484865	1.8626451e-06	303.04962	52.00764	343.1064	4.832448	277.58344	43.948437	310.27286	4.832448	249.7744	38.596497	274.201	10.833831	-27.809006	8.279003	6.001383	-48.42508	27.828545	8.213084	48.42508	0.09736572	-0.097628385	0.034070652	0.6001383	-0.15770608	841.88275	386.45615	2344.9883	0.009480084	2.9310632	1.2444322	7.6369295	0.00049100694
68	68999	30129.31122493744	1008.1109	87.16155	1131.269	942.08636	293.33334	970.11206	0.0	970.11206	970.11206	282.0	204.2719	67.66143	277.79648	-63.444942	2.541714	0.9894665	2.5007904	33.74863	-13.688734	-205.61702	0.10348652	0.00043375036	0.10469094	0.10261313	-0.02383504	0.8684303	0.7723861	12.05694	2.592802e-06	237.15012	85.3719	318.81583	3.2456	224.99107	79.40327	296.67737	3.2456	220.16016	62.300087	273.3042	5.9029264	-4.8309	51.074284	256.40857	-36.404915	31.06317	40.8289	256.40857	0.03851711	0.19777994	1.7058302	25.640858	-0.13414426	2631.92	8601.589	65745.36	0.0014835679	57.745445	413.809	6574.5356	3.1173833e-05
69	69999	30605.781233549118	939.77203	15.474089	962.5807	921.20325	269.25	995.45416	0.0	995.45416	995.45416	300.0	205.28143	67.74073	279.33038	-49.213966	2.4051788	1.0009953	2.492966	30.927582	-10.113289	-206.59616	0.102707	0.00029405605	0.103261136	0.101979904	0.0023047496	0.8673089	0.7715477	12.6769905	3.97861e-06	315.9786	19.763771	345.8655	243.66977	284.8885	12.29081	306.82352	240.80362	261.5507	11.32261	278.94208	215.31885	-23.337801	5.995278	-7.0056643	-40.44699	23.337801	5.995278	40.44699	7.0056643	-0.08172974	0.020103961	-0.025738938	-0.1323382	580.5963	277.0221	1635.9591	49.079334	2.0256357	0.9355633	5.3526816	0.18031836
70	70999	31079.234621286392	979.2526	74.68089	1083.9487	914.86755	281.0	1200.576	0.0	1200.576	1200.576	348.0	206.10938	68.38782	282.8005	-23.471376	2.4575894	0.9956234	2.4784517	30.70724	-12.114943	-207.42938	0.103200175	0.000547275	0.10425268	0.102170706	-0.0099203335	0.86777955	0.7711851	9.516898	2.9802322e-08	256.418	77.29874	329.25253	4.098413	242.31017	71.15626	305.86597	4.098413	226.89415	65.11226	279.08325	4.4012117	-15.416022	10.134448	18.917358	-32.578846	16.467243	8.318093	32.578846	0.025189292	-0.058834128	0.044726644	0.30396414	-0.17603582	340.36078	272.89285	1061.3811	0.0006345004	1.2849346	0.9496607	4.1525702	3.0402678e-05
71	71999	31552.545899629593	1152.1365	264.23187	1525.8021	962.4415	338.66666	1128.2053	0.0	1128.2053	1128.2053	325.0	207.29976	68.45462	282.2909	-33.546917	2.3834755	0.998249	2.4737732	29.934753	-11.66068	-208.62056	0.10221697	0.00022027447	0.1027342	0.101771265	-0.0039620637	0.86887	0.7711523	9.059422	9.536743e-07	257.72134	78.54673	335.87915	4.388101	240.88382	71.90269	311.80826	4.388101	228.29758	65.63565	281.38513	3.4542413	-12.586215	13.243595	24.000866	-36.082333	15.797973	9.177672	36.082333	0.04139485	-0.043268636	0.07167741	0.948135	-0.16590491	333.80563	317.65982	1301.9348	0.0017135335	1.2852895	1.1227028	9.518748	2.5860167e-05
72	72999	32021.835537433624	885.4403	243.13072	1181.2411	507.66006	266.0	1234.4285	0.0	1234.4285	1234.4285	361.0	208.06097	68.906944	284.00238	-29.130892	2.3897905	1.0167528	2.4909012	35.570145	-10.381622	-209.4316	0.1033586	0.0011100357	0.1046835	0.10146803	0.03807658	0.86993116	0.77228487	15.569828	7.0780516e-07	254.42673	78.87996	320.24503	3.6601436	238.53398	72.83734	301.43604	3.6601436	226.36327	66.17772	281.77597	2.805193	-12.170721	12.972031	30.526459	-30.357872	15.8371105	8.098514	30.526459	0.013706603	-0.040177204	0.091890484	0.6459785	-0.32040074	316.40002	234.85396	931.86475	0.00018787097	1.4267153	1.6032257	15.240938	1.874321e-06
73	73999	32502.94181704521	996.43756	15.564116	1017.1716	979.67224	297.0	3121.3171	0.0	3121.3171	3121.3171	1000.0	208.41377	69.10959	283.42722	-41.25901	2.7251196	0.9994713	2.486078	33.98225	-10.799545	-209.73749	0.10531102	0.00028086206	0.105925605	0.104697205	-0.0011499749	0.8647574	0.7680301	11.845378	1.2293458e-06	290.18588	62.041718	338.444	4.0654573	262.12323	52.182716	301.4172	4.0654573	249.54054	49.639633	283.39584	4.5090866	-12.582694	6.4973865	4.934026	-27.428986	12.653422	6.3585477	27.428986	0.036619436	-0.046714723	0.031268347	0.44134146	-0.14703016	200.54024	173.95375	752.34924	0.0013409831	0.74036825	0.6395828	3.0342171	6.1841006e-06
74	74999	32978.77423977852	962.5579	5.305354	970.20917	956.58527	273.75	3219.4084	0.0	3219.4084	3219.4084	1000.0	208.58438	69.29724	285.8127	-33.37958	2.66638	1.0085061	2.5032985	33.829483	-10.945602	-209.90771	0.10467681	0.00088320347	0.10606268	0.10291696	0.01919841	0.8698655	0.77239645	8.665143	2.9802322e-07	316.5509	22.614613	354.93762	246.0384	290.49905	16.627583	323.506	239.87949	265.14484	12.024908	281.38495	218.18158	-25.354225	11.56882	12.172104	-52.382103	25.739374	10.684516	52.382103	0.41751537	-0.08600709	0.03724278	0.048173778	-0.16221835	776.67426	549.5821	2743.8848	0.17431907	2.6075056	1.7484964	8.497338	0.0006371291
75	75999	33455.1792345047	1038.2072	142.75232	1237.1854	909.17004	301.33334	3053.1646	0.0	3053.1646	3053.1646	1000.0	208.94815	69.49358	284.19656	-33.695236	2.5826645	0.99115235	2.494263	31.618122	-11.231757	-210.26256	0.10636913	0.0007514683	0.1075624	0.10460471	-0.019867564	0.867294	0.76755226	9.748863	7.4505806e-07	313.086	47.638466	348.48303	43.93174	285.1312	39.076817	314.51434	42.905125	259.00366	36.010315	283.451	36.704117	-26.12753	6.113678	-5.9696145	-35.788567	26.12753	6.113678	35.788567	5.9696145	-0.092172585	0.018597882	-0.03593151	-0.15265583	720.0249	290.5224	1280.8214	35.6363	2.4862561	0.9046244	5.0652876	0.36062312
76	76999	33925.05310988426	997.3421	10.775015	1010.3722	983.985	299.33334	1563.6244	0.0	1563.6244	1563.6244	453.0	209.68852	69.27228	285.96848	-60.018223	2.6497164	0.9954626	2.471363	34.346367	-11.22257	-210.93741	0.10419047	0.0004156538	0.10505732	0.10340812	-0.010218591	0.8693409	0.7713576	11.910582	2.9802322e-06	252.4119	77.24875	321.19644	4.281884	240.97826	71.1023	298.4696	4.281884	222.99205	66.6049	279.75604	1.6765356	-17.986217	8.698669	9.2284155	-39.395676	18.40758	7.767364	39.395676	0.051014576	-0.077386074	0.041278515	0.28833547	-0.43988875	399.17093	277.81378	1552.0193	0.0026024869	1.5640298	0.94642836	5.6740603	1.0035424e-05
77	77999	34402.60067152977	1068.9519	112.32128	1253.0691	975.1489	330.75	2988.11	0.0	2988.11	2988.11	1000.0	209.76396	69.48266	285.47885	-57.409897	3.8169801	1.0026283	2.4783118	34.22117	-10.96354	-211.0284	0.1043093	0.00045880547	0.10523867	0.10349168	0.006000793	0.86890733	0.7700436	9.267824	1.8328428e-06	285.99554	46.518566	324.89825	5.6253843	262.5743	41.332962	297.84894	5.6253843	253.99147	41.1872	281.84036	7.94484	-8.582851	9.145368	10.705514	-38.79571	9.957503	7.6256933	38.79571	0.02844312	-0.033900596	0.037214957	0.23194554	-0.1728348	157.30307	227.59477	1505.1072	0.0008090111	0.59555775	0.8208798	5.2698197	3.0214685e-06
78	78999	34875.55962061882	1697.0297	0.0	1697.0297	1697.0297	492.0	3189.6643	0.0	3189.6643	3189.6643	1000.0	210.67682	69.49005	286.02603	-22.49529	3.1841543	1.013764	2.4988465	32.5354	-10.780642	-211.95312	0.10618044	0.0006879114	0.106933765	0.104267396	0.031010926	0.8708898	0.7743621	10.503389	8.940697e-08	305.8571	53.982628	350.24304	5.289342	277.80307	44.973835	309.9068	5.289342	257.36453	40.338425	287.0066	7.9771137	-20.438528	8.095727	2.6877716	-37.93428	20.44746	8.073139	37.93428	0.087233104	-0.071375035	0.028293427	0.26877716	-0.12752567	483.27423	283.4123	1439.0096	0.007609615	1.6666317	0.945647	4.8375945	0.00016514356
79	79999	35350.03419804573	2103.8848	323.40857	2427.2935	1780.4763	622.5	3291.13	0.0	3291.13	3291.13	968.0	211.15077	69.704414	285.46024	-33.81966	2.8133638	0.99283487	2.4865632	30.764675	-11.321857	-212.42682	0.10685238	0.00092473556	0.10818354	0.10501935	-0.01603731	0.8655661	0.7713079	8.359373	3.9301813e-07	254.18257	82.97999	332.78204	3.2577555	235.49655	74.7241	299.18817	3.2577555	244.4414	56.162937	287.195	3.5045931	8.944868	53.588505	263.2774	-29.90154	28.673239	46.14741	263.2774	0.017134577	0.27929455	1.8614522	26.32774	-0.45625168	2951.7385	9533.006	69314.99	0.00029359374	67.34331	471.77087	6931.499	2.0002512e-06
80	80999	35826.19307208061	1430.9564	0.0	1430.9564	1430.9564	451.0	3145.518	0.0	3145.518	3145.518	1000.0	211.50426	69.78732	286.81213	-77.44674	2.694376	1.0107117	2.4886386	31.394203	-11.547409	-212.76707	0.10646222	0.0004559938	0.10752691	0.10526515	0.024056984	0.8653632	0.77232456	10.448761	7.748604e-07	299.8997	53.562397	346.86044	4.9449096	273.26428	44.937668	311.55405	4.9449096	254.3043	42.44927	287.70215	7.150916	-18.959936	6.606033	2.2060063	-32.717533	18.968365	6.581791	32.717533	0.044071626	-0.06895319	0.024761312	0.22060063	-0.12738837	403.11884	253.96523	1070.4369	0.0019423083	1.4449922	0.8799752	4.0985136	7.9811696e-05
81	81999	36300.181118011475	1486.0071	841.98737	2939.206	911.9543	438.25	994.03265	0.0	994.03265	994.03265	296.0	212.01665	69.69431	288.6146	-21.159176	2.641414	0.9929642	2.4867265	31.228144	-12.051958	-213.2421	0.107080966	0.000387332	0.10776074	0.106003955	-0.015699254	0.8700414	0.77440286	12.412968	2.3841858e-06	275.53818	77.971886	356.2197	3.6071978	255.25998	68.35871	313.07748	3.6071978	238.23111	63.50698	284.02344	5.018043	-17.028872	8.521064	3.0757902	-38.294895	17.043478	8.491812	38.294895	0.23749618	-0.06539568	0.030843738	0.307579	-0.1925268	362.591	304.33704	1466.499	0.056404438	1.3066475	1.0126225	4.696554	0.004964315
82	82999	36774.84635233879	931.25684	65.09361	984.0968	839.555	278.0	1255.9818	0.0	1255.9818	1255.9818	366.0	212.47134	69.67308	287.58142	-40.523308	2.7569933	1.0167136	2.4639907	32.20103	-10.068013	-213.7096	0.10747182	0.0010933544	0.10901602	0.10556281	0.03731173	0.8736385	0.77236855	9.732139	2.130866e-06	306.07928	46.189716	356.8366	5.2564464	276.56708	38.692287	315.80997	5.2564464	259.57376	35.483074	284.77164	8.24365	-16.993332	9.188531	3.0125053	-45.106052	17.061138	9.062009	45.106052	0.00930875	-0.059813328	0.032098707	0.2987204	-0.14292102	373.20245	341.5474	2034.5559	8.665281e-05	1.292314	1.1100503	6.4466023	3.0957762e-07
83	83999	37250.54905295372	2147.9224	0.0	2147.9224	2147.9224	662.0	3112.227	0.0	3112.227	3112.227	1000.0	212.78313	69.685814	288.32147	-54.679718	2.8208692	0.9873326	2.4562593	33.12529	-11.050116	-214.00775	0.10658435	0.0010959747	0.109054	0.105407566	-0.02816303	0.8683019	0.76685435	10.290531	2.3841858e-07	305.7193	16.2608	337.3704	244.40247	282.35812	9.529589	302.35767	244.56993	268.86502	12.017141	285.1372	218.29189	-13.493088	5.5947905	-1.1429504	-28.930714	13.493088	5.5947905	28.930714	1.1429504	-0.048014183	0.020820389	-0.004098783	-0.10809759	213.3651	166.67673	836.9862	1.3063357	0.7634754	0.6205053	2.9569697	0.0046847058
84	84999	37724.94798350334	2023.0452	1026.4764	3049.5217	996.5687	649.0	2699.09	0.0	2699.09	2699.09	788.0	213.69234	69.46897	286.15414	-38.5389	2.5457423	0.99805343	2.4243882	31.130907	-12.680829	-214.89394	0.10644337	0.00075054704	0.1077369	0.10522748	-0.004314379	0.8634334	0.76270664	8.79914	3.837049e-07	293.05606	53.62525	344.64996	63.490498	277.3515	46.340263	317.8308	60.997944	255.9131	40.96661	286.26715	56.42025	-21.438393	8.921144	-1.998513	-36.276463	21.438393	8.921144	36.276463	1.998513	-0.0754204	0.026651692	-0.009789919	-0.12578276	539.1914	344.47745	1315.9817	3.994054	1.8430483	1.1257199	4.1554265	0.027292559
85	85999	38202.1200773716	1283.2297	256.7376	1610.8217	983.8464	377.33334	2976.3484	0.0	2976.3484	2976.3484	1000.0	214.25714	69.49876	287.25476	-38.78515	2.6271126	1.0041515	2.433567	30.69394	-11.156977	-215.43565	0.10599198	0.00064336794	0.107187435	0.10474439	0.009346417	0.86736107	0.7665597	8.8786125	4.61936e-07	280.42236	74.56809	353.6831	4.6256065	260.75903	65.99605	316.50125	4.6256065	240.51392	60.39831	283.64233	6.3243227	-20.245108	8.812769	4.1821647	-38.054565	20.29297	8.701986	38.054565	0.08959712	-0.0749731	0.033303946	0.3092067	-0.20296364	487.52927	350.49545	1448.1499	0.008027644	1.7381159	1.1214074	4.591497	8.815698e-05
86	86999	38682.84744620323	3344.4863	0.0	3344.4863	3344.4863	1000.0	3029.3984	0.0	3029.3984	3029.3984	1000.0	214.7399	69.550255	288.4407	-67.16204	2.7337205	1.0003868	2.4273453	29.427225	-13.695041	-215.9451	0.10679669	0.00032077113	0.10734741	0.10610054	0.00091257284	0.8671374	0.7653322	8.618934	8.940697e-08	294.05072	69.3827	352.03842	2.8415473	271.65137	60.356453	315.07663	2.8415473	252.68713	53.843555	289.1417	3.6392293	-18.96422	9.630927	14.022503	-37.06148	19.546392	8.386592	37.06148	0.005843709	-0.063243136	0.046359163	0.6631757	-0.12001893	452.39642	279.16296	1373.5536	3.4148936e-05	1.5621006	0.9340221	4.3980203	1.3493849e-07
87	87999	39164.940950870514	1711.5118	714.38	2425.8918	997.1319	496.0	2958.5151	0.0	2958.5151	2958.5151	1000.0	215.32979	69.79585	288.49698	-57.30562	2.6579537	0.99671733	2.4407506	31.303932	-10.869006	-216.4734	0.10702893	0.00033594793	0.10770064	0.10640991	-0.007294531	0.8699394	0.7676359	9.958643	3.8594007e-06	297.44583	55.12342	341.09604	5.3760004	276.10193	49.32874	310.17334	5.3760004	258.0199	40.479145	283.70407	26.80954	-18.082056	11.736002	25.216282	-35.31955	20.093784	7.806045	35.31955	0.22397938	-0.049665246	0.1253012	2.3398294	-0.11432555	464.6945	284.23264	1247.4707	0.050166763	1.78326	2.3340166	54.74802	0.0001964211
88	88999	39636.2951567173	3107.6414	0.0	3107.6414	3107.6414	963.0	632.3977	0.0	632.3977	632.3977	233.0	216.38678	69.83683	289.22626	-48.297737	2.921795	1.0160844	2.4374955	31.57934	-10.416754	-217.55283	0.108355455	0.00096443424	0.10985596	0.10651306	0.035833605	0.8686828	0.7630321	8.3063135	1.1920929e-06	224.69374	77.64854	312.40747	2.864792	208.58365	71.47544	287.6631	2.864792	270.00504	12.597376	287.52826	220.54195	61.42138	72.421326	271.90735	-21.804903	65.862946	68.40692	271.90735	0.12998077	0.9604761	3.128569	27.190737	-0.08997395	9017.436	15194.546	73933.61	0.016895002	200.66032	812.97516	7393.3613	6.0644183e-05
89	89999	40109.12298202515	1063.4994	94.808525	1197.3622	989.9689	309.66666	3085.0405	0.0	3085.0405	3085.0405	1000.0	217.00519	69.840385	289.38724	-54.34488	2.652549	0.99039084	2.4412746	29.825193	-12.359844	-218.15326	0.10860611	0.00089949026	0.109751895	0.10712282	-0.021255447	0.8678571	0.76293045	11.2296505	2.078712e-06	293.46378	58.45348	344.13675	3.3251429	279.55914	53.76897	323.64606	3.3251429	256.15985	46.11856	287.26718	6.587298	-23.399315	11.604754	6.604977	-43.8021	23.57738	11.238569	43.8021	0.0088117095	-0.07835489	0.043613564	0.37308976	-0.13575317	682.1982	471.6449	1918.624	7.7646226e-05	2.273778	1.4908503	5.946274	9.465884e-07
90	90999	40581.49788069725	1214.8148	169.86111	1381.2863	981.5969	349.0	2134.8015	0.0	2134.8015	2134.8015	615.0	217.52724	69.67434	290.88937	-54.92012	2.5767288	0.99854773	2.4356155	29.128843	-14.380117	-218.68797	0.1076167	0.000606722	0.10862788	0.106288224	-0.0031877537	0.8675749	0.7607571	9.852239	1.1324883e-06	280.53555	72.21925	341.92548	3.4054697	267.08163	66.12502	320.827	3.4054697	244.14763	60.24081	288.10077	5.3118954	-22.933983	8.690666	2.230093	-39.354504	22.945818	8.659371	39.354504	0.063278854	-0.084593825	0.028062785	0.21154936	-0.28702244	601.49524	377.40628	1548.777	0.004004213	2.1085157	1.1745052	4.9385986	0.0004004213
91	91999	41056.17522954941	1555.125	554.5493	2109.6743	1000.5756	464.5	3145.3838	0.0	3145.3838	3145.3838	1000.0	217.84578	70.15361	292.39578	-59.769287	2.6335366	0.99850655	2.4345183	33.5964	-10.720189	-218.9799	0.10745769	0.00035056056	0.10826198	0.10690891	-0.0032923822	0.8678147	0.7644077	11.612751	7.674098e-07	289.32068	68.31175	354.353	3.564726	273.1162	61.75891	325.40607	3.564726	250.55621	53.958553	287.15234	4.845193	-22.560001	10.728819	6.197255	-47.65113	22.718107	10.389842	47.65113	0.051012557	-0.07763146	0.038871035	0.24351725	-0.38244504	624.0613	474.34247	2270.6301	0.002602281	2.093783	1.4573681	7.269937	3.3899192e-05
92	92999	41529.65281176567	1940.5784	728.4868	2669.0652	1212.0917	565.5	3038.0474	0.0	3038.0474	3038.0474	1000.0	218.99777	70.218475	292.98166	-97.42652	2.4955513	0.9938145	2.4275424	31.300596	-11.188224	-220.11966	0.106776215	0.00026186267	0.10736865	0.1062157	-0.013803091	0.87123626	0.76498586	11.31406	1.9073486e-06	328.35995	21.29674	350.9152	242.31496	304.97864	16.096704	320.8171	234.37726	276.77206	12.061207	289.05402	222.22507	-28.20658	5.967263	-8.370491	-37.98993	28.20658	5.967263	37.98993	8.370491	-0.09190188	0.016932167	-0.03331737	-0.11952347	831.2194	298.95013	1443.2346	70.06512	2.6915247	0.9064448	4.518988	0.2788827
93	93999	41998.7270462513	1254.9526	227.32788	1539.0436	982.57605	363.66666	1640.2272	0.0	1640.2272	1640.2272	476.0	219.45416	70.517334	293.8834	-58.05378	2.5494115	1.0013354	2.4330392	31.803766	-12.214271	-220.56819	0.10591223	0.00027255734	0.10640311	0.10532361	0.003023301	0.8685893	0.7626502	10.399078	3.2037497e-06	246.10724	86.97964	334.33517	3.0712914	233.1642	81.21808	310.1264	3.0712914	234.03648	67.18	291.216	4.460769	0.87228894	50.68439	271.0295	-37.463177	24.93201	44.136868	271.0295	0.0028099387	0.23428543	1.876671	27.102951	-0.28429258	2569.6682	9770.843	73457.0	7.895756e-06	65.45546	487.39224	7345.7	3.2138647e-08
94	94999	42477.42332029343	1265.5911	282.84375	1548.4348	982.7473	377.0	3152.5566	0.0	3152.5566	3152.5566	1000.0	219.89575	71.01911	293.17526	-69.39558	2.489421	0.9982292	2.4373803	33.272354	-11.191121	-221.01717	0.10674927	0.0002881591	0.10741799	0.10613806	-0.003923916	0.8680349	0.76100034	10.106882	2.3841858e-07	263.41223	80.300934	328.0147	4.417457	252.37743	75.416954	312.95398	4.417457	231.59706	69.914116	289.5243	3.365697	-20.780344	7.8186703	5.514329	-37.139767	20.842754	7.6507416	37.139767	0.018568968	-0.079644516	0.0456058	0.54515725	-0.2516208	492.9543	282.53403	1379.3623	0.00034480658	1.8401866	0.9682516	4.663486	1.0378402e-05
95	95999	42950.271733760834	1969.6996	386.2765	2355.976	1583.4231	569.0	3044.4363	0.0	3044.4363	3044.4363	1000.0	220.47432	70.8638	294.76117	-57.64521	2.4544864	0.9984158	2.4134722	29.504265	-11.691589	-221.57878	0.106171116	0.00060889276	0.10714408	0.105254225	-0.0035083226	0.8675902	0.76017344	10.919695	3.0398369e-06	320.7198	26.856249	349.1084	210.69287	298.4141	21.566553	323.0544	200.3143	274.23795	16.416298	292.08337	198.41466	-24.17616	8.936012	8.791886	-39.27956	24.33522	8.4932995	39.27956	0.14812158	-0.07972691	0.028688127	0.038715005	-0.122628435	664.33905	346.17447	1542.8839	0.02194	2.1804013	1.0974034	4.805368	8.912341e-05
96	96999	43421.37881445885	1065.6932	127.70374	1244.009	951.7364	319.0	2044.7777	0.0	2044.7777	2044.7777	582.0	220.7445	70.839355	294.86313	-61.98213	2.681877	1.0026885	2.419993	30.938152	-11.062309	-221.85475	0.106443025	0.00038928076	0.10719383	0.105685785	0.0060747014	0.8669129	0.7597389	9.884918	3.322959e-06	258.60516	78.53852	329.1773	4.392889	247.58395	74.43466	314.177	4.392889	231.48816	69.452835	290.48987	0.8224308	-16.09581	9.330279	12.226223	-36.368195	16.362093	8.855006	36.368195	0.016787928	-0.06436989	0.052210186	0.45303953	-0.5345814	346.12924	298.54028	1322.6455	0.0002818345	1.3141848	1.0712004	4.7417097	7.5183975e-06
97	97999	43901.475351810455	1204.8861	134.72246	1380.282	1052.7488	351.0	2991.691	0.0	2991.691	2991.691	1000.0	220.8478	70.6121	294.6306	-41.359413	2.48108	0.99584985	2.415457	31.010698	-10.985661	-221.90652	0.10522522	0.000521786	0.10637341	0.104526706	-0.009271942	0.86857927	0.76161164	10.164147	2.2053719e-06	313.13293	38.637894	346.31952	113.845345	297.7686	34.618843	328.23672	106.31304	271.07544	24.756224	293.19653	132.19098	-26.69314	11.715432	28.35946	-42.86177	27.806534	8.750528	42.86177	0.7649827	-0.08493441	0.046846867	0.24663965	-0.13183638	849.77515	434.80054	1837.1313	0.5851985	2.790059	1.3377104	6.698698	0.003010263
98	98999	44386.65739107132	1417.0983	164.78333	1581.8816	1252.315	413.0	3057.906	0.0	3057.906	3057.906	1000.0	220.58647	71.159134	294.7544	-39.102264	2.5113537	0.99940646	2.4220665	30.78476	-12.250315	-221.69254	0.105082184	0.00040760392	0.10577782	0.10420005	-0.0012896328	0.8681366	0.76286495	9.167124	1.5199184e-06	326.379	21.858906	354.8059	247.2627	306.51825	14.643166	323.42697	250.67607	278.51834	13.142283	295.00317	222.57434	-27.999903	4.5393434	-17.411552	-39.23729	27.999903	4.5393434	39.23729	17.411552	-0.09124336	0.013384046	-0.059686817	-0.12232945	804.6002	257.17752	1539.565	303.16217	2.6123629	0.7798945	4.799876	1.0392402
99	99999	44860.20541715622	3180.657	0.0	3180.657	3180.657	916.0	3313.0825	0.0	3313.0825	3313.0825	1000.0	221.76266	71.041664	296.9087	-28.086397	2.4755142	0.99638855	2.417828	29.987822	-11.445978	-222.86305	0.104827106	0.0004859092	0.10559765	0.10381477	-0.008100388	0.86836183	0.7609062	8.157626	4.053116e-06	333.24313	22.812202	357.50504	252.10349	309.94553	16.29763	329.96277	251.35312	280.56555	14.405585	295.54877	221.47852	-29.379946	4.4630094	-19.627537	-42.285145	29.379946	4.4630094	42.285145	19.627537	-0.09466973	0.012671526	-0.06335114	-0.13323213	883.0997	256.9277	1788.0334	385.2402	2.8337886	0.7576572	5.63374	1.2434268
100	100999	45332.25778198242	3233.2964	0.0	3233.2964	3233.2964	927.0	2438.9585	0.0	2438.9585	2438.9585	712.0	222.93513	71.18332	297.52924	-20.510094	2.5058217	0.9973236	2.4077368	30.284548	-11.146828	-223.98999	0.10437827	0.00038995745	0.10506336	0.10360122	-0.006007557	0.8681342	0.76073766	8.312696	8.195639e-08	282.5875	70.5625	352.29825	4.166141	269.52383	64.479004	323.744	4.166141	250.61469	59.855717	295.89948	1.2952564	-18.909124	7.907612	16.549774	-35.299927	19.233816	7.0813565	35.299927	0.11264647	-0.06735242	0.05574202	0.5722501	-0.44359985	420.08533	251.38692	1246.085	0.012689226	1.5356721	0.87589455	6.277008	8.58311e-05
101	101999	45814.80927824974	2313.0835	99.36902	2412.4524	2213.7144	682.5	3185.6877	0.0	3185.6877	3185.6877	1000.0	223.69044	71.219124	297.2719	-30.48304	2.4440908	0.9990629	2.414034	30.415176	-10.319496	-224.73268	0.104169875	0.00031503115	0.10490259	0.103717305	-0.00207544	0.86318576	0.7601313	9.870392	3.3862889e-06	325.6343	21.665653	351.49973	246.6971	305.4768	15.749425	322.2235	250.45006	281.67017	14.573416	294.95587	222.87392	-23.806654	4.2831635	-10.453458	-33.020622	23.806654	4.2831635	33.020622	10.453458	-0.07787874	0.013432146	-0.036226194	-0.113190316	585.10223	193.92155	1090.3615	109.27478	1.9083191	0.6121735	3.4025605	0.378689
102	102999	46293.146220207214	2624.023	0.0	2624.023	2624.023	753.0	3351.5293	0.0	3351.5293	3351.5293	1000.0	223.77802	71.41449	298.5858	-27.716421	2.6155264	0.9923041	2.4013581	31.039661	-12.9689245	-224.83441	0.1032581	0.00046069	0.10408712	0.10255374	-0.017436288	0.8609744	0.75852096	10.78578	1.013279e-06	329.46625	24.785963	357.4673	253.25842	306.2292	18.99515	331.95438	242.60591	279.73846	17.321238	298.5717	222.9225	-26.490711	5.9522724	-13.256534	-39.66923	26.490711	5.9522724	39.66923	13.256534	-0.086365186	0.018028328	-0.043951023	-0.1258803	737.1874	312.1798	1573.648	175.73569	2.3898165	0.95538455	4.7598295	0.5826382
103	103999	46774.845284461975	1572.296	0.0	1572.296	1572.296	453.0	3246.8872	0.0	3246.8872	3246.8872	1000.0	224.83525	71.11123	299.3078	-63.060204	2.4922748	1.0010703	2.383171	31.218618	-11.8451	-225.89018	0.10323373	0.00048288278	0.10419325	0.10218836	0.0024835062	0.857681	0.75724787	10.8578005	2.8684735e-06	331.70105	24.649626	354.8768	248.23514	315.90448	18.078817	333.90884	253.56067	283.0838	15.76907	299.9776	223.43495	-32.820705	4.193881	-21.910479	-41.36129	32.820705	4.193881	41.36129	21.910479	-0.103770405	0.01080391	-0.07284761	-0.12942638	1094.7874	268.58588	1710.7563	480.06906	3.4459224	0.7450145	5.1234236	1.596126
104	104999	47252.540425777435	2682.9507	553.0038	3235.9546	2129.947	814.5	3133.034	0.0	3133.034	3133.034	1000.0	225.24274	71.744675	300.83902	-52.58408	2.6785953	0.9954228	2.3764877	31.99292	-10.877182	-226.26	0.102743044	0.0003954053	0.10345793	0.101804435	-0.01039469	0.85457075	0.7555453	8.792752	7.301569e-07	295.21002	63.966183	345.8189	5.080303	278.50867	58.381306	326.3484	5.080303	257.79086	53.250595	297.4275	11.075684	-20.7178	7.390173	5.9953804	-33.61675	20.811008	7.1234727	33.61675	0.010093949	-0.07027507	0.038769584	0.599538	-0.13071075	483.84183	270.34808	1130.0859	0.00010188781	1.6575449	0.86794156	4.3871818	1.7750109e-06
105	105999	47728.77172732353	2902.7842	0.0	2902.7842	2902.7842	840.0	2061.3235	0.0	2061.3235	2061.3235	648.0	226.0652	71.5085	301.0532	-65.89147	2.3976812	1.0078044	2.386198	29.972862	-11.954388	-227.07654	0.1024097	0.00039695945	0.10320322	0.101600274	0.017807538	0.85727817	0.75808156	8.0347395	2.7567148e-07	331.05362	22.866083	360.52036	254.5713	309.7706	15.934261	333.17413	253.80148	282.76764	15.445784	299.9795	223.0184	-27.002947	5.087276	-15.766609	-48.97943	27.002947	5.087276	48.97943	15.766609	-0.08722373	0.01623929	-0.053448178	-0.15374848	755.0394	286.46835	2398.9849	248.58597	2.4335682	0.9020218	7.530514	0.8629165
106	106999	48202.453837394714	1263.4672	766.9864	2030.4536	496.48077	384.0	3262.1677	0.0	3262.1677	3262.1677	1000.0	226.6639	71.642204	301.46478	-69.39649	2.737785	1.0138375	2.3690405	32.93103	-11.065035	-227.6536	0.10448029	0.00090827094	0.106044166	0.103144355	0.03128647	0.8556578	0.7547685	10.640278	9.3877316e-07	328.3027	22.5613	354.34232	250.59546	308.17142	15.915697	327.88266	251.65439	284.7614	16.10625	299.53726	224.11395	-23.410042	5.329517	-5.4353595	-34.37471	23.410042	5.329517	34.37471	5.4353595	-0.07609491	0.017751442	-0.01809089	-0.11879973	576.4338	226.08583	1181.6207	29.543135	1.8723543	0.7402989	3.6708019	0.0983305
107	107999	48682.39191842079	2976.2212	0.0	2976.2212	2976.2212	859.0	2314.8525	0.0	2314.8525	2314.8525	737.0	227.5037	71.75141	302.59793	-42.273674	2.907028	0.98893934	2.3836668	32.59385	-10.5987625	-228.54175	0.10461679	0.0010112072	0.10625975	0.103122376	-0.024879597	0.84926873	0.7554227	10.686464	5.3085387e-08	292.9452	56.6265	351.87683	4.787145	277.31375	54.2696	328.20325	4.787145	269.03256	42.72765	301.06366	4.462738	-8.28117	21.791363	62.400257	-32.715454	20.849926	10.426975	62.400257	0.0036261787	-0.01385919	0.11264387	0.73663986	-0.2093957	543.4412	532.14557	3893.792	1.3149172e-05	2.3659828	3.615574	40.194557	4.5894446e-08
108	108999	49156.73986554146	3293.7573	0.0	3293.7573	3293.7573	1000.0	3314.757	0.0	3314.757	3314.757	1000.0	228.3071	71.93316	303.5442	-55.744804	2.7610128	1.0070839	2.3859046	31.013174	-14.528922	-229.32153	0.10544465	0.00063308136	0.10675955	0.103926264	0.016046373	0.850679	0.7558177	9.218204	2.2351742e-07	301.26074	59.336983	355.4157	4.548212	283.376	52.955296	328.8989	4.548212	268.18356	43.783283	302.4699	1.2635802	-15.192448	14.82607	45.370026	-32.561237	19.158216	9.142514	45.370026	0.008576974	-0.04589093	0.08645508	0.4363351	-0.44237974	450.62283	337.7711	2058.4392	7.356448e-05	1.7972672	2.2084334	17.816105	2.5087778e-07
109	109999	49626.85341501236	2472.1868	876.70874	3348.8955	1595.478	735.0	3320.894	0.0	3320.894	3320.894	1000.0	229.11433	71.75764	305.9834	-61.558212	2.557495	1.0088338	2.3652859	28.740831	-12.592887	-230.1234	0.1062343	0.00053293805	0.10709775	0.105242886	0.019855453	0.8507515	0.7551798	10.324181	6.854534e-07	303.03796	65.93314	356.40173	3.2876995	284.27213	60.617176	329.30438	3.2876995	285.85577	16.526772	303.0565	224.38272	1.583609	57.841682	285.04153	-30.505735	36.020275	45.284744	285.04153	0.07274528	0.24132496	1.8363373	28.504152	-0.1093799	3348.1682	10496.667	81248.67	0.005291876	67.59975	490.95807	8124.867	1.7920273e-05
110	110999	50102.436326503754	3331.7168	0.0	3331.7168	3331.7168	1000.0	3252.3796	0.0	3252.3796	3252.3796	1000.0	229.85016	71.83919	304.75632	-43.41821	2.6786487	0.9934793	2.3543966	29.365522	-11.443393	-230.83081	0.106941134	0.00066931505	0.1082498	0.105714135	-0.014568121	0.8476523	0.7513132	8.519519	3.054738e-06	333.22256	23.57457	357.82272	249.2737	313.1931	16.485495	329.75305	252.71172	288.08237	16.551746	304.13397	224.85046	-25.110739	2.5581884	-16.05999	-30.832174	25.110739	2.5581884	30.832174	16.05999	-0.08041787	0.009736494	-0.053158328	-0.11712653	637.09357	123.37967	950.623	257.92325	2.0406432	0.428031	3.6112657	0.8537222
111	111999	50578.32638120651	2127.0156	1172.6002	3299.616	954.4155	650.0	3227.2056	0.0	3227.2056	3227.2056	1000.0	230.42818	72.13929	305.8084	-103.52703	2.789077	1.0031731	2.3473914	29.044212	-10.965733	-231.402	0.105947204	0.00042954588	0.1068448	0.10527636	0.0071718586	0.8437368	0.7518966	8.286198	4.902482e-06	328.03415	23.241312	354.28906	247.65648	307.86923	18.143751	327.65408	247.44618	288.1203	16.52933	304.2124	224.88232	-19.74895	4.6124287	-8.263128	-27.664825	19.74895	4.6124287	27.664825	8.263128	-0.06399178	0.013991993	-0.028508924	-0.100457616	411.2955	175.07945	765.3425	68.27929	1.325517	0.54007906	2.5228965	0.2355729
112	112999	51046.43306207657	2545.4045	0.0	2545.4045	2545.4045	737.0	3169.2507	0.0	3169.2507	3169.2507	1000.0	230.74301	72.37138	306.38284	-32.777687	2.538083	1.0025915	2.3609135	30.406502	-11.192369	-231.73909	0.10624149	0.00016550298	0.1067428	0.10584805	0.0058412286	0.84656	0.7539584	12.936792	1.1920929e-06	314.55435	50.918175	355.6956	28.148685	296.9997	44.38731	328.4084	27.931223	274.3427	41.62394	304.78406	27.500639	-22.65699	5.467966	-0.43058303	-34.909657	22.65699	5.467966	34.909657	0.43058303	-0.076118544	0.016067946	-0.0154158315	-0.12362246	543.23785	230.193	1218.6842	0.18540174	1.7996306	0.7480699	3.9420419	0.0066377954
113	113999	51511.25690960884	2126.5718	0.0	2126.5718	2126.5718	617.0	893.0329	0.0	893.0329	893.0329	308.0	231.04279	72.45906	306.24228	-41.441505	2.5696976	0.99317545	2.3647344	28.710358	-10.970948	-232.0476	0.10606926	0.00041780563	0.1068447	0.105211824	-0.015260214	0.84539354	0.75375	8.9217	1.937151e-07	256.25577	74.07448	338.3707	3.0858693	250.0559	71.39236	328.08075	3.0858693	287.19897	17.117496	303.63098	224.76021	37.143047	75.920975	297.18192	-31.831839	54.371826	64.7094	297.18192	0.091202825	0.6010863	2.6044343	29.718191	-0.12263837	7143.6006	15485.737	88317.09	0.008317955	143.13904	742.9611	8831.709	3.135204e-05
114	114999	51983.02259230614	3337.648	0.0	3337.648	3337.648	1000.0	3180.0295	0.0	3180.0295	3180.0295	1000.0	231.77003	72.120445	306.9246	-54.572166	2.5682554	1.010126	2.3677337	30.5065	-12.699717	-232.75793	0.106572635	0.00074326294	0.10779602	0.10527847	0.022738373	0.84586936	0.7531995	11.867641	1.475215e-06	329.15338	22.11114	353.3329	248.64877	312.35568	16.095785	334.4474	255.16423	289.3278	17.158978	305.5047	224.2421	-23.027895	7.284267	2.793959	-38.34082	23.067106	7.159129	38.34082	0.14208423	-0.07388527	0.024225973	0.009461874	-0.12400387	583.3445	277.44998	1470.0184	0.02018793	1.8740205	0.9107535	4.4108787	6.8241345e-05
115	115999	52455.127099752426	3347.0933	0.0	3347.0933	3347.0933	1000.0	3178.5051	0.0	3178.5051	3178.5051	1000.0	232.86551	72.06433	307.9828	-58.72103	2.432643	0.9979065	2.3460186	30.393677	-11.687354	-233.81711	0.10702539	0.00042640953	0.107905306	0.10640095	-0.004634987	0.8401678	0.75097233	11.94899	6.2584877e-07	314.30966	24.194204	341.59653	235.6311	305.5953	21.53223	328.63358	231.36044	289.1334	16.746902	305.35898	225.36612	-16.461893	17.862608	64.41678	-30.890263	22.76956	8.462504	64.41678	0.15063988	-0.05105834	0.06554763	0.27842608	-0.11427125	590.0668	477.2298	4149.5215	0.022692371	2.0046225	2.0016675	17.93531	7.475463e-05
116	116999	52920.61886548996	3351.2083	0.0	3351.2083	3351.2083	1000.0	3255.2688	0.0	3255.2688	3255.2688	1000.0	233.75224	72.62937	309.77817	-38.49117	2.508237	0.9907868	2.3504906	29.248234	-10.478587	-234.72037	0.10563336	0.00072860206	0.10700878	0.10430497	-0.020620609	0.84060955	0.75036794	10.15088	1.8924475e-06	302.97882	57.434513	350.5116	58.591766	289.5325	52.419037	333.458	54.357334	266.50613	49.890156	307.3806	51.71996	-23.026375	5.5092278	-2.4623785	-33.49109	23.026375	5.5092278	33.49109	2.4623785	-0.08058278	0.018581666	-0.031553563	-0.14425334	560.56555	234.83612	1121.6531	6.063308	1.9213701	0.8057862	4.601325	0.07769681
117	117999	53389.534625053406	2943.205	0.0	2943.205	2943.205	854.0	3318.5715	0.0	3318.5715	3318.5715	1000.0	234.78738	72.82927	309.6567	-31.090612	2.6428864	1.0005624	2.3465748	30.778973	-11.260937	-235.73503	0.10513306	0.0001814875	0.10549174	0.10467297	0.0013081665	0.84351605	0.7513844	9.137658	2.8312206e-07	316.16666	40.102154	355.3686	123.105225	297.4879	36.603966	331.60767	106.055885	283.42224	25.397303	306.69565	149.00249	-14.065661	15.543478	47.64216	-30.15145	18.922266	9.021663	47.64216	0.0336616	-0.039316654	0.07577696	0.43029803	-0.114751786	439.44257	367.34735	2269.7751	0.0011331035	1.6819488	2.326097	19.971851	3.7626844e-06
118	118999	53860.178847551346	3378.9604	0.0	3378.9604	3378.9604	1000.0	890.5021	0.0	890.5021	890.5021	307.0	235.28618	72.64858	310.29767	-31.093029	2.650941	0.99690235	2.3555145	28.793148	-10.799044	-236.26962	0.10540616	0.00035086827	0.10624815	0.104635715	-0.006939868	0.840009	0.7506518	8.457793	4.7683716e-07	282.91486	68.600006	349.43845	3.105095	276.02722	65.03898	330.87637	3.105095	290.7454	18.153162	307.68628	226.02296	14.718148	66.35226	299.62708	-33.93562	44.072376	51.7385	299.62708	0.038262993	0.31154767	1.9306631	29.962708	-0.12689686	4619.2466	12023.597	89776.39	0.0014640567	79.71049	551.85266	8977.639	4.807375e-06
119	119999	54327.69060611725	3274.199	0.0	3274.199	3274.199	1000.0	3317.8318	0.0	3317.8318	3317.8318	1000.0	235.53256	72.999855	310.57776	-54.94607	2.4299889	1.0058407	2.356023	27.561829	-12.120707	-236.50183	0.10574316	0.00047020355	0.10641597	0.10470604	0.013191978	0.8445866	0.7537456	9.608654	4.172325e-07	270.12134	78.35972	354.8364	3.298866	256.49332	74.98224	339.3094	3.298866	289.8176	18.084635	308.75763	226.63577	33.324287	76.854	293.43015	-36.488087	55.23129	62.98055	293.43015	0.0010834413	0.610594	2.7255983	29.343014	-0.1146716	7017.046	15378.673	86101.24	1.173845e-06	148.19725	763.5628	8610.124	3.8528083e-09
120	120999	54799.49361920357	3314.3682	0.0	3314.3682	3314.3682	1000.0	3266.0696	0.0	3266.0696	3266.0696	1000.0	236.77568	72.93496	312.09528	-41.389065	2.520095	0.9861776	2.3398545	31.459846	-10.670285	-237.73367	0.1049753	0.00088071125	0.10596648	0.103087194	-0.031177836	0.8410564	0.7487322	10.568311	2.0563602e-06	332.03204	22.337046	357.16104	250.95134	320.65744	17.834122	338.60043	255.75804	293.95013	18.484638	310.22003	225.5073	-26.707321	2.7026567	-18.130018	-34.014492	26.707321	2.7026567	34.014492	18.130018	-0.08367862	0.0111686075	-0.057043564	-0.12799472	720.5854	140.86336	1156.9856	328.69757	2.2611272	0.51342577	4.3536754	1.0342009
121	121999	55269.801708221436	3321.1582	0.0	3321.1582	3321.1582	1000.0	1198.7236	0.0	1198.7236	1198.7236	396.0	237.63147	72.834305	312.0163	-95.0184	2.5344033	0.99743986	2.3439438	27.227268	-12.23118	-238.56163	0.102264464	0.0003801578	0.103095576	0.10132663	-0.005781539	0.8421947	0.7517229	8.674977	1.3522804e-06	307.55554	46.195293	353.71417	113.050285	295.71323	42.295593	333.4416	113.61991	292.91083	18.278654	310.40524	226.12216	-2.8023846	41.94757	183.81465	-31.68846	29.50183	29.951532	183.81465	0.34118375	0.021488847	0.24558954	1.6178032	-0.11828859	1767.4521	4737.662	33787.83	0.11640636	9.852794	34.434967	297.37595	0.00038833154
122	122999	55735.68222594261	3318.7974	0.0	3318.7974	3318.7974	1000.0	3307.3525	0.0	3307.3525	3307.3525	1000.0	238.03636	73.13676	312.5698	-54.422607	2.3913007	1.0061142	2.340749	29.81119	-11.968681	-239.00302	0.10319691	0.0003679326	0.10392686	0.10242255	0.013921728	0.8403725	0.7496063	9.205578	1.013279e-06	317.65326	40.561794	355.87653	127.19704	301.18115	36.49407	336.38464	113.20053	287.04	23.367651	310.34756	187.82721	-14.141189	18.79248	74.62668	-33.495403	21.183828	10.216457	74.62668	0.011027376	-0.03725826	0.09521235	0.6592432	-0.1283033	553.1306	641.6354	5569.141	0.00012160302	2.250742	4.5196986	49.197132	4.2557045e-07
123	123999	56214.66447997093	3317.4272	0.0	3317.4272	3317.4272	1000.0	3251.988	0.0	3251.988	3251.988	1000.0	239.1747	73.152435	312.4513	-42.86667	2.2853692	1.0002494	2.3518722	30.284958	-11.247426	-240.10353	0.10399341	0.0002036234	0.104452714	0.10345771	0.00060572365	0.84207904	0.74903893	10.053568	1.3411045e-07	330.79166	23.488543	355.0971	247.68993	320.93054	18.2924	341.7398	256.8809	292.97946	18.754862	311.15674	227.07013	-27.95106	3.8985186	-18.849957	-38.92152	27.95106	3.8985186	38.92152	18.849957	-0.08743619	0.013534854	-0.0571804	-0.12548909	796.46014	220.12465	1514.8849	355.32083	2.4914467	0.7013696	4.4911594	1.0790585
124	124999	56682.91875219345	3327.936	0.0	3327.936	3327.936	1000.0	3323.421	0.0	3323.421	3323.421	1000.0	239.61304	72.98616	313.32562	-64.35761	2.2826316	0.992578	2.3448608	29.011635	-13.84685	-240.54572	0.104066856	0.00046781066	0.10486288	0.102616034	-0.016813815	0.839653	0.74585646	8.686829	4.5895576e-06	319.42697	25.013727	353.8072	234.39679	305.95636	19.164207	330.43558	230.40509	283.51428	18.206715	310.77307	225.17007	-22.44206	7.8831325	7.390594	-34.813435	22.580057	7.4786925	34.813435	0.097050674	-0.07308437	0.026336355	0.028274165	-0.13144787	565.7898	284.72714	1211.9752	0.009418833	1.8442923	0.95987505	4.534279	3.4818913e-05
