Epoch	TotalEnvInteracts	Time	AverageEpRet	StdEpRet	MaxEpRet	MinEpRet	EpLen	AverageTestEpRet	StdTestEpRet	MaxTestEpRet	MinTestEpRet	TestEpLen	AverageQ1Vals	StdQ1Vals	MaxQ1Vals	MinQ1Vals	LossQ1	AverageLogPi	StdLogPi	MaxLogPi	MinLogPi	LossPi	AverageAlpha	StdAlpha	MaxAlpha	MinAlpha	LossAlpha	AveragePreTanh	StdPreTanh	MaxPreTanh	MinPreTanh	AverageMCDisRet	StdMCDisRet	MaxMCDisRet	MinMCDisRet	AverageMCDisRetEnt	StdMCDisRetEnt	MaxMCDisRetEnt	MinMCDisRetEnt	AverageQPred	StdQPred	MaxQPred	MinQPred	AverageQBias	StdQBias	MaxQBias	MinQBias	AverageQBiasAbs	StdQBiasAbs	MaxQBiasAbs	MinQBiasAbs	AverageNormQBias	StdNormQBias	MaxNormQBias	MinNormQBias	AverageQBiasSqr	StdQBiasSqr	MaxQBiasSqr	MinQBiasSqr	AverageNormQBiasSqr	StdNormQBiasSqr	MaxNormQBiasSqr	MinNormQBiasSqr
0	999	15.219461441040039	22.293045	23.317293	132.62253	5.2394886	24.625	60.34344	0.0	60.34344	60.34344	53.0	0.0	0.0	0.0	0.0	0.0	0.0	0.0	0.0	0.0	0.0	0.0	0.0	0.0	0.0	0.0	0.0	0.0	0.0	0.0	7.096712	5.535892	27.360485	-2.5761926	10.059441	7.585509	36.065235	-0.9156942	0.009899162	0.036709156	0.11581573	-0.12973097	-10.049541	7.5856233	1.0046973	-36.075638	10.061858	7.5692787	36.075638	0.0013036573	-0.6906062	0.3508898	0.10046973	-1.0076574	158.53496	207.09654	1301.4515	1.6995224e-06	9.14251	8.244821	36.08604	1.6995223e-07
1	1999	20.91359043121338	20.814556	20.167421	124.153015	5.428253	23.5	60.34344	0.0	60.34344	60.34344	53.0	0.0	0.0	0.0	0.0	0.0	0.0	0.0	0.0	0.0	0.0	0.0	0.0	0.0	0.0	0.0	0.0	0.0	0.0	0.0	7.096712	5.535892	27.360485	-2.5761926	10.059441	7.585509	36.065235	-0.9156942	0.009930897	0.0366841	0.11579015	-0.12960054	-10.049509	7.585629	1.0046614	-36.0756	10.061827	7.569283	36.0756	0.0013166325	-0.6906034	0.35089087	0.10046614	-1.0076463	158.53441	207.0962	1301.4489	1.7335211e-06	9.142472	8.244807	36.085964	1.733521e-07
2	2999	27.132548093795776	17.460537	16.582548	105.42657	5.3510084	20.979591	59.399616	0.0	59.399616	59.399616	53.0	0.0	0.0	0.0	0.0	0.0	0.0	0.0	0.0	0.0	0.0	0.0	0.0	0.0	0.0	0.0	0.0	0.0	0.0	0.0	8.233373	8.929823	41.937675	-3.47486	11.577597	11.154159	53.84074	-1.2010777	0.008748178	0.037511803	0.12699902	-0.12760112	-11.568849	11.157943	1.2434694	-53.87232	11.590472	11.135479	53.87232	0.0018081826	-0.6767014	0.364083	0.124346934	-1.0061544	258.33795	481.3615	2902.2268	3.2695243e-06	10.705958	11.711621	53.90392	3.2695243e-07
3	3999	33.37655830383301	17.077888	8.235182	38.263966	5.8786683	22.044445	59.796833	0.0	59.796833	59.796833	53.0	0.0	0.0	0.0	0.0	0.0	0.0	0.0	0.0	0.0	0.0	0.0	0.0	0.0	0.0	0.0	0.0	0.0	0.0	0.0	9.046069	10.344884	58.180862	-0.5064567	12.620604	12.953299	71.834915	-0.72630024	0.009472035	0.03790519	0.1290865	-0.15622136	-12.611132	12.955899	0.6922321	-71.85485	12.615695	12.951455	71.85485	0.0069538658	-0.69747204	0.35138005	0.06922321	-1.0056804	326.896	734.0033	5163.1196	4.835625e-05	11.734614	13.508937	71.874794	4.835625e-06
4	4999	40.293806076049805	22.184013	22.71988	109.465385	6.3513336	23.47619	60.312557	0.0	60.312557	60.312557	54.0	0.0	0.0	0.0	0.0	0.0	0.0	0.0	0.0	0.0	0.0	0.0	0.0	0.0	0.0	0.0	0.0	0.0	0.0	0.0	9.693829	9.1059	39.994812	-2.6318586	13.355648	11.939544	52.037384	-1.4091913	0.008575949	0.035713747	0.11621971	-0.13159361	-13.347072	11.938996	1.4514712	-51.98904	13.374831	11.907888	51.98904	0.0076804045	-0.7176869	0.35350677	0.14514711	-1.0076318	320.68393	510.74008	2702.8604	5.8988615e-05	12.568677	12.51158	51.940742	5.8988617e-06
5	5999	452.861376285553	127.4974	75.82232	224.70926	44.29622	65.26667	227.74065	0.0	227.74065	227.74065	100.0	101.59508	58.31496	222.14389	-85.327065	84.272224	-0.10512722	2.2625074	15.239601	-8.756556	-108.59639	0.90703064	0.04463363	0.99970007	0.8356465	-0.08142037	1.0001945	0.67784023	5.537639	4.172325e-06	94.93542	39.514366	135.64871	2.4805675	101.74484	43.067425	149.37257	2.4805675	159.46303	44.290226	218.93765	21.368877	57.718174	12.4751215	88.175	18.35912	57.718174	12.4751215	88.175	18.35912	0.8976587	0.9530817	6.701613	0.20676203	3487.016	1425.1697	7774.8315	337.05728	53.22252	57.47635	449.11615	5.5858555
6	6999	857.3499727249146	253.68625	38.480183	341.79138	216.94882	121.625	342.38406	0.0	342.38406	342.38406	167.0	185.57784	55.36497	246.04988	-89.45265	150.57059	0.26487043	2.674414	16.15683	-11.04947	-195.69208	0.75326705	0.05134891	0.8355225	0.6636566	-0.21380974	1.0298314	0.7298984	5.6146703	6.914139e-06	100.18936	39.24917	153.33287	2.141338	112.56237	44.8227	174.94481	2.141338	192.84636	38.45025	239.12222	-46.658882	80.28398	36.9515	224.79205	-48.80022	80.50927	36.458023	224.79205	1.1411936	1.3722217	2.8977566	22.479206	-4.880022	7810.93	7941.7026	50531.47	1.3023227	190.35341	590.5507	5053.1465	0.07308379
7	7999	1266.8861620426178	292.6624	47.009342	375.19995	229.2752	135.0	311.46774	0.0	311.46774	311.46774	134.0	181.53606	53.479294	242.80383	-71.52501	98.05198	0.17793366	2.6758447	17.355679	-9.513919	-190.01422	0.58284056	0.04782385	0.663461	0.49659815	-0.45637727	1.0049984	0.73175937	5.3592186	2.4735928e-06	116.217186	44.49437	165.17465	2.6063871	124.13698	48.79365	181.5316	2.6063871	147.70895	50.7352	208.6682	-6.334084	23.571964	11.785867	49.025276	-23.383982	23.925234	11.051126	49.025276	0.2101113	0.22795513	0.18355265	1.1857935	-0.9049702	694.54407	539.66223	2403.4778	0.04414676	6.610546	5.840366	29.57591	0.0013846454
8	8999	1672.5220139026642	293.76294	23.21229	334.94626	252.87595	130.75	247.35704	0.0	247.35704	247.35704	126.0	147.21967	47.17605	204.89442	-53.269913	44.43171	-0.23856911	2.6041393	17.308456	-10.608185	-153.20041	0.41624036	0.043779626	0.4964298	0.34494036	-1.1023818	0.9229151	0.7083211	5.950552	3.5762787e-07	97.864494	38.76804	143.27647	2.172916	106.598885	42.92653	159.94974	2.172916	115.93656	44.121944	163.12085	-32.060448	9.337686	8.404447	33.487556	-34.233364	10.354723	7.1138453	34.233364	0.010238063	0.10102781	0.2623089	1.8589498	-3.4233363	157.82709	190.71785	1171.9232	0.00010481793	2.2872074	5.6567597	117.19232	6.675757e-07
9	9999	2076.807909488678	338.4963	73.706894	426.68137	241.22052	163.5	322.80057	0.0	322.80057	322.80057	145.0	124.366554	40.091167	165.78978	-93.91116	21.458494	-0.18530744	2.5411386	20.457851	-11.974976	-129.10431	0.29545373	0.02503856	0.34481236	0.25626343	-1.437593	0.8689294	0.6832588	5.3643665	1.6093254e-06	115.81871	47.691402	166.03685	2.172999	123.245575	52.798454	182.17165	2.172999	110.372826	40.501873	148.63383	-14.152262	-12.872747	15.413715	14.977797	-39.933887	15.687825	12.537239	39.933887	0.0007484568	-0.06925434	0.17883414	0.88664144	-1.647335	403.29022	459.11606	1594.7153	5.601876e-07	2.6522036	2.8413813	27.137129	5.6018756e-08
10	10999	2486.5242540836334	318.92902	13.638778	337.23764	296.34702	137.0	287.71558	0.0	287.71558	287.71558	129.0	124.47052	38.169262	158.06403	-134.67508	16.011425	0.2122037	2.5435283	18.99775	-10.4868145	-128.80199	0.22729202	0.014721539	0.2561867	0.20606893	-1.1557094	0.9208153	0.70515025	5.4383144	3.1590462e-06	109.87816	41.3077	152.1382	2.5849001	117.6189	44.694252	166.00623	2.5849001	107.59236	44.76609	157.59576	5.93421	-10.026535	8.46673	15.569949	-41.091614	10.855178	7.3744164	41.091614	0.024048014	-0.07699941	0.19389181	1.5569949	-0.6367522	172.2169	206.1714	1688.5208	0.00057830696	1.9344149	2.632301	24.24233	4.019749e-06
11	11999	2893.066206932068	330.67227	51.117188	423.69864	270.49734	135.57143	307.21713	0.0	307.21713	307.21713	127.0	122.53385	40.177483	158.8072	-141.63585	11.432424	0.33580258	2.4898643	18.625769	-10.706945	-126.47475	0.18408902	0.012488746	0.20603845	0.1634435	-1.1235356	0.911512	0.70129955	5.942726	5.9604645e-07	117.08472	50.042168	171.58504	1.7413088	118.28535	52.520687	177.72778	1.7413088	108.18674	46.022404	152.74371	-8.995962	-10.098605	9.527606	10.799865	-37.866795	11.264229	8.116296	37.866795	0.013939917	-0.07723392	0.11471526	0.5791043	-1.1095812	192.75708	225.65248	1433.8942	0.0001943213	1.3805721	1.3657748	12.311706	1.9432131e-05
12	12999	3298.041276216507	318.1843	11.690111	335.03073	297.81497	128.0	304.86084	0.0	304.86084	304.86084	137.0	119.56093	38.564087	155.82425	-68.11126	8.168909	0.41483825	2.474382	18.341724	-10.116967	-123.05856	0.14508094	0.010192151	0.16340517	0.12846102	-1.1283972	0.88806236	0.7019065	5.809015	5.2154064e-07	115.178696	45.614723	166.4487	2.5026643	121.999954	48.906544	174.35767	2.5026643	107.58762	41.68779	147.19247	0.72175294	-14.412341	9.716105	6.9583817	-33.262268	14.692817	9.286518	33.262268	0.00410729	-0.11694257	0.08854196	0.53141767	-0.79297364	302.11826	290.29413	1106.3785	1.6869832e-05	2.0937486	1.6729951	7.1052794	1.8769703e-07
13	13999	3706.331015110016	349.83774	35.353737	393.50165	281.3147	135.28572	393.85577	0.0	393.85577	393.85577	141.0	119.95331	38.309032	153.18854	-52.4423	6.9297423	0.6720443	2.5765321	19.968203	-11.879567	-123.18727	0.11788583	0.0055799237	0.1284379	0.108664505	-0.6990246	0.9254215	0.72864527	6.1023326	9.0152025e-07	148.44762	58.943775	203.78021	2.938588	146.37715	58.616566	203.665	2.938588	108.9592	44.465454	149.44897	-7.2111936	-37.417942	15.394162	1.004308	-57.71917	37.41973	15.38981	57.71917	0.27800792	-0.27349156	0.10872754	0.100430794	-1.0225121	1637.0824	988.5999	3331.5024	0.077288404	9.952718	4.288823	20.220743	0.00772884
14	14999	4111.791548490524	496.3792	114.137474	676.6443	364.28757	175.2	771.9308	0.0	771.9308	771.9308	238.0	123.90044	38.762436	175.6436	-46.925343	6.52309	0.9214877	2.6762443	20.28343	-10.669531	-127.06951	0.10373138	0.0019197938	0.10864233	0.101518184	-0.17618753	0.946846	0.74835265	6.5426445	1.0877848e-06	223.73141	68.48413	283.9175	4.2130647	210.22868	64.88188	269.05676	4.2130647	139.07472	36.342247	172.56586	-9.53647	-71.15397	34.963097	20.38537	-120.67191	71.69189	33.846397	120.67191	0.1768371	-0.31235033	0.16634297	1.6487225	-1.3749535	6285.3047	4110.066	14561.711	0.03127136	26.122421	14.820351	54.66174	0.00021609738
15	15999	4520.212200641632	532.3875	155.38742	710.68146	228.30144	190.33333	798.35706	0.0	798.35706	798.35706	281.0	131.21597	41.12969	195.34969	-38.35471	7.619912	1.1871964	2.765229	21.401812	-12.666736	-134.47475	0.111552306	0.005773107	0.123298705	0.10333978	0.4089176	1.0154933	0.7991016	6.213535	1.0430813e-06	196.90742	59.80118	265.13495	3.9439914	190.70435	58.441776	257.99982	3.9439914	150.57376	37.64463	194.67609	3.0340042	-40.13059	24.38255	21.045425	-91.652435	41.494797	21.980776	91.652435	0.0017385466	-0.16625483	0.18266769	2.0692866	-0.36219466	2204.9727	1710.4451	8400.168	3.0225447e-06	10.078071	7.0538898	42.819466	2.1230882e-08
16	16999	4926.891397476196	512.8019	228.88857	735.9283	223.35033	208.0	449.0856	0.0	449.0856	449.0856	163.0	139.41116	43.13127	201.8289	-45.87353	8.628914	1.0163921	2.6865184	20.54569	-11.697604	-142.63687	0.12333198	0.0012295177	0.12578122	0.121315934	0.034216214	0.98024416	0.7812599	7.2066107	2.2947788e-06	165.65498	59.072155	236.9372	4.654997	158.2708	58.1824	229.41737	4.654997	144.37473	41.221073	182.28937	4.055898	-13.896091	27.54163	45.71148	-65.032616	25.480944	17.388624	65.032616	0.029132126	-0.02093406	0.24550068	2.2390542	-0.36333805	951.6428	1003.9666	4229.241	0.0008486808	5.6578293	5.4747453	50.13364	7.5731955e-06
17	17999	5335.427808046341	465.5398	54.442783	545.9914	403.19623	166.0	470.23694	0.0	470.23694	470.23694	167.0	143.96329	44.480934	209.1976	-43.522034	8.109974	0.9798692	2.6857533	23.422733	-13.42465	-147.15083	0.1234997	0.0017239598	0.12650353	0.12090438	-0.04183733	0.9754391	0.78115773	7.294519	6.7055225e-07	172.4227	60.25864	239.16072	3.6701684	168.07301	59.55732	240.17445	3.6701684	147.04634	44.852814	189.68117	-2.080615	-21.026665	21.052275	30.981432	-62.155457	24.501299	16.882097	62.155457	0.015721155	-0.08175594	0.17697398	1.3633512	-0.57507837	885.3189	933.27704	3863.3005	0.0002471547	4.48381	4.1920877	20.945541	3.2553717e-06
18	18999	5739.789536476135	607.3097	102.92401	749.89655	494.50085	202.2	665.4143	0.0	665.4143	665.4143	213.0	146.38655	45.364204	214.8961	-45.267105	8.256584	0.96706384	2.715765	21.798683	-14.730219	-149.5299	0.12010776	0.002325464	0.12282474	0.116754934	-0.06973798	0.9986897	0.7825027	7.059171	6.556511e-07	190.9865	69.92586	274.0916	3.4852853	183.01562	67.702095	266.68768	3.4852853	152.66147	45.284546	195.186	-19.253784	-30.35416	29.155746	31.432428	-79.16968	34.448982	24.180578	79.16968	0.0042276476	-0.11538667	0.23320284	1.6128286	-2.5813537	1771.4326	1880.2996	6267.838	1.7873004e-05	8.109282	7.7279487	66.633865	3.0306612e-07
19	19999	6148.159775972366	554.8036	73.86393	664.08203	442.95688	183.4	696.13367	0.0	696.13367	696.13367	219.0	149.41841	46.602776	220.44879	-46.435356	8.304801	1.0482519	2.741972	21.882847	-11.34536	-152.55193	0.12214264	0.0027437268	0.12611796	0.1171808	0.10177187	1.0130385	0.7942123	8.615064	1.1920929e-07	205.2482	72.3057	279.96173	3.5724087	195.89902	68.132164	263.95828	3.5724087	154.02632	49.130493	201.21384	-12.320366	-41.872715	26.156939	10.019051	-83.86972	42.306454	25.449436	83.86972	0.069295295	-0.20832513	0.15549338	1.001905	-1.5930082	2437.5095	1988.5592	7034.1294	0.0048018377	10.643536	7.626644	26.949156	4.340983e-05
20	20999	6557.517403125763	619.9847	129.31143	826.75	440.80273	196.8	642.3432	0.0	642.3432	642.3432	203.0	150.16061	47.46234	224.33485	-49.784637	8.209053	0.9904497	2.6727514	21.680452	-10.385575	-153.09187	0.12503944	0.00069836294	0.12608525	0.12374416	-0.019808156	0.9906619	0.77944237	6.9914823	3.8444996e-06	189.58116	68.27015	262.8982	3.4276264	182.0359	65.8427	252.02231	3.4276264	147.4115	48.26596	195.75015	-12.428277	-34.62439	21.287458	26.835154	-69.42354	35.66436	19.495056	69.42354	0.25251588	-0.15599398	0.20030525	2.5346248	-1.5855904	1652.0039	1417.5721	4819.628	0.063764274	7.880681	6.020371	68.017044	0.0006089243
21	21999	6964.282819032669	694.2826	100.76948	825.4964	575.4745	216.8	597.7234	0.0	597.7234	597.7234	190.0	151.13469	47.949074	226.6548	-54.193325	7.840717	0.9858353	2.6858716	21.661846	-10.813942	-153.96857	0.12303192	0.00059981504	0.124241605	0.12141081	-0.029639294	0.9908384	0.78221196	7.172192	1.4305115e-06	189.85431	69.05043	270.60287	3.017053	181.27797	66.75328	258.59906	3.017053	150.37405	47.472794	198.62288	-9.686102	-30.903925	24.51987	46.48734	-78.36596	33.552002	20.74945	78.36596	0.025093822	-0.12451777	0.2376271	2.7784576	-1.2703155	1556.2766	1464.5641	6141.223	0.00062969985	7.6526055	8.099752	91.116104	2.0958625e-05
22	22999	7375.470167398453	614.51886	40.30959	670.4849	570.89105	196.0	666.8352	0.0	666.8352	666.8352	212.0	153.47174	48.567715	229.34276	-62.117165	7.5733895	0.9943089	2.690718	20.683695	-11.243499	-156.20709	0.11975156	0.0010528446	0.121465415	0.11808285	-0.011960892	0.99448276	0.78734416	7.350837	5.9604645e-08	204.29619	70.37169	269.74985	3.2757993	200.72018	68.10017	262.8564	3.2757993	160.15451	50.942207	214.91428	-3.8544242	-40.565666	22.815504	2.3351738	-75.107254	40.57719	22.795	75.107254	0.28934607	-0.19935961	0.10657879	0.177022	-1.0683694	2166.1204	1790.2192	5641.1	0.08372115	9.244021	6.7914	24.778936	0.0017689168
23	23999	7778.4261066913605	617.2713	71.149086	725.02423	544.8421	196.4	692.703	0.0	692.703	692.703	223.0	155.24373	49.782326	234.4833	-52.104958	7.606794	0.98941976	2.7074125	21.888102	-15.668772	-157.90712	0.11931393	0.00072519056	0.12048009	0.11798714	-0.022455072	0.9935403	0.7918884	7.4038906	8.419156e-07	196.84941	70.46701	270.2041	3.0468118	191.8655	68.268196	258.8432	3.0468118	152.88005	50.597908	203.16647	-7.3413563	-38.98545	19.823631	7.1008425	-70.33083	39.163197	19.470125	70.33083	0.27490374	-0.18745568	0.10082458	0.6956422	-1.0800179	1912.8417	1420.6136	4946.427	0.07557207	8.450445	5.3231063	20.969734	0.0028247552
24	24999	8187.090256929398	676.2627	68.427986	789.687	591.7769	212.6	992.1704	0.0	992.1704	992.1704	297.0	156.04047	50.24413	235.48747	-49.857166	7.50775	0.9850739	2.7253907	22.53375	-11.272229	-158.63342	0.117304	0.00073034066	0.11833662	0.11543143	-0.03199612	0.99351954	0.7954098	7.2897773	1.4603138e-06	240.08733	76.710915	310.87515	3.5189216	228.2725	71.33819	291.20282	3.5189216	173.09871	49.623634	217.07858	-23.058937	-55.173805	27.329391	6.3881083	-94.94778	55.2611	27.152435	94.94778	0.22703996	-0.23698594	0.13783962	0.37566575	-2.657786	3791.0444	2770.0847	9015.08	0.051547144	14.60147	9.420649	70.63826	0.0021026349
25	25999	8595.956510305405	755.5114	21.353464	786.0323	727.65326	236.75	792.2493	0.0	792.2493	792.2493	249.0	156.71124	50.638435	233.90369	-51.026257	7.3461723	0.9819326	2.7294443	22.542309	-11.9841175	-159.22981	0.11297586	0.0011381371	0.1154286	0.111396275	-0.039229225	0.9891562	0.7965775	7.0046825	2.9802322e-08	230.90208	74.780174	304.0196	3.1149993	221.53029	70.71257	285.39917	3.1149993	169.19463	48.63599	212.18613	-4.373586	-52.335667	24.873367	21.913815	-88.24048	52.740196	24.003706	88.24048	0.07816864	-0.20989822	0.13902844	2.1913815	-0.7488585	3357.706	2195.2048	7786.3813	0.0061103366	13.256146	7.6488686	48.02153	7.947702e-05
26	26999	9009.300878763199	767.50507	14.977809	786.0424	746.95844	236.5	788.5806	0.0	788.5806	788.5806	242.0	159.29324	50.532276	228.00171	-36.724686	6.9924636	1.0049226	2.6856098	21.826544	-12.798104	-161.76309	0.11193517	0.00045312394	0.11314091	0.11121429	0.010802273	0.9943339	0.79434294	7.2535973	2.503395e-06	228.2784	72.57201	296.0456	4.3852887	220.70749	69.880905	279.69006	4.3852887	169.02504	52.31353	215.96118	1.6708124	-51.682446	20.048597	9.53978	-87.231964	51.741035	19.896898	87.231964	0.13558397	-0.22601794	0.07478662	0.95397794	-0.45979372	3073.0212	1763.8295	7609.416	0.018383013	12.513859	5.8940763	29.127813	0.00063196884
27	27999	9415.192959785461	726.5161	82.28265	813.48035	591.3272	228.0	782.62823	0.0	782.62823	782.62823	240.0	162.3899	50.689854	227.98677	-44.942936	6.918323	1.0025159	2.634662	21.920092	-11.881466	-164.79022	0.11440785	0.0009240421	0.11601289	0.11295873	0.005543081	0.98683393	0.79033816	7.7506113	5.9604645e-08	226.75102	72.13574	290.50735	4.1749563	221.03871	69.5128	277.2282	4.1749563	173.5925	55.674892	222.57816	-0.013242006	-47.44622	16.641367	5.084031	-71.98213	47.460396	16.600895	71.98213	0.10076401	-0.21866415	0.058970008	0.49079868	-0.575499	2528.0786	1393.2314	5181.4272	0.010153385	10.518702	4.561777	19.419062	0.0010153385
28	28999	9818.932931661606	765.46277	91.73425	877.8249	597.257	237.6	789.7213	0.0	789.7213	789.7213	241.0	164.90234	51.330956	227.89459	-36.27014	6.8347373	0.9988124	2.636431	22.064255	-12.161826	-167.29153	0.11420341	0.0005204608	0.11539814	0.11339638	-0.0025252714	0.98017514	0.78383964	6.5826697	8.046627e-07	229.29861	72.64128	290.20615	4.4483175	224.77357	70.54351	281.79675	4.4483175	176.54988	56.499462	224.77036	-1.6888887	-48.2237	17.888233	2.071799	-72.89582	48.232178	17.865362	72.89582	0.2010213	-0.22267061	0.07742333	0.2071799	-0.8408852	2645.5142	1600.2031	5313.801	0.040409565	10.873843	5.1219	21.446781	0.0030686823
29	29999	10226.314834356308	793.9287	101.851814	904.90295	629.8983	245.75	798.9199	0.0	798.9199	798.9199	245.0	166.50635	52.524986	229.4615	-63.142002	6.766328	0.98790336	2.6506102	22.036142	-11.83783	-168.81421	0.113300845	0.0009997919	0.11504883	0.11107961	-0.026413012	0.9846635	0.78671706	7.590018	2.3841858e-07	226.6447	74.40684	298.53244	3.6268463	221.29439	72.079956	288.50156	3.6268463	174.04823	55.177444	225.75037	-0.07396209	-47.246166	19.484835	8.477433	-81.8752	47.285923	19.388153	81.8752	0.36072996	-0.20925683	0.06800254	0.8477433	-0.5607003	2611.8591	1692.0403	6703.5483	0.1301261	10.458946	5.5031137	23.834244	0.01301261
30	30999	10629.869133234024	681.0935	331.5906	1167.8033	362.56857	219.0	871.10956	0.0	871.10956	871.10956	263.0	166.97621	52.50388	231.55824	-41.422886	6.605504	0.9965084	2.6155908	22.993393	-12.1376915	-169.18166	0.1100395	0.0006244152	0.11108194	0.10888991	-0.0076398114	0.97441626	0.78414756	7.04893	2.5331974e-07	223.17702	73.64813	296.94705	4.044396	216.42786	71.08869	286.1083	4.044396	167.88272	54.51939	223.0356	0.60606384	-48.54514	18.957829	1.6378403	-88.75897	48.548004	18.950489	88.75897	0.30475035	-0.22477117	0.046293125	0.16378403	-0.44907108	2716.0298	1684.003	7878.155	0.092872776	11.198852	5.4400353	29.234213	0.009287278
31	31999	11041.992982149124	796.55084	63.25137	864.26965	696.2249	243.75	830.63434	0.0	830.63434	830.63434	254.0	166.56938	52.79355	228.71628	-45.754612	6.608868	0.992019	2.6139028	21.688187	-10.670659	-168.74881	0.10921675	0.0004332558	0.11028913	0.10837897	-0.01759325	0.96996397	0.7842042	7.0264816	5.522743e-07	241.40019	76.522675	316.3583	3.8024223	232.10667	72.08826	300.27094	3.8024223	177.52238	55.205334	227.18398	-4.7383065	-54.584297	19.887611	1.1999309	-84.594925	54.588383	19.876385	84.594925	0.5440335	-0.23956403	0.063145794	0.11999309	-0.85407287	3374.9624	1961.4962	7156.301	0.2959725	13.2374735	5.9802036	26.77278	0.010072705
32	32999	11449.330958127975	799.66327	57.331	875.89343	734.4619	245.5	822.5051	0.0	822.5051	822.5051	247.0	167.92744	52.89233	229.98376	-41.717033	6.4967685	1.0001609	2.5818446	21.757055	-11.17153	-170.07332	0.10869125	0.0003293972	0.109400645	0.1080479	0.0004102006	0.96321803	0.7803462	6.7698755	7.748604e-07	237.41907	76.27445	320.42334	4.3733974	226.92613	71.05897	302.3486	4.3733974	178.02975	52.0914	227.8801	2.1835728	-48.896378	22.271387	-0.48142478	-86.80493	48.896378	22.271387	86.80493	0.48142478	-0.2075127	0.05223187	-0.048142478	-0.41959006	2886.8706	2090.9282	7535.096	0.23176983	11.06056	6.825204	24.984928	0.023176983
33	33999	11851.917171001434	776.34937	80.53031	890.32886	653.0918	238.4	1057.885	0.0	1057.885	1057.885	315.0	169.6158	53.087185	232.77386	-42.32254	6.4906163	0.9946854	2.5884836	22.341208	-11.4594555	-171.75237	0.1081629	0.00040904022	0.109021194	0.1074662	-0.01176309	0.96895087	0.782943	6.506835	8.34465e-07	240.55638	76.025345	313.34277	3.6117442	230.82698	71.64275	298.17297	3.6117442	183.72147	51.956173	230.24432	-1.9351283	-47.105526	23.318363	13.069898	-80.06601	47.36286	22.791143	80.06601	0.10755067	-0.18570186	0.102717325	0.89395183	-0.7781215	2762.677	1950.1462	6410.5664	0.011567148	10.43126	6.6467056	22.30027	0.0005677971
34	34999	12262.335854768753	785.7103	63.408855	882.5332	709.251	240.0	750.8089	0.0	750.8089	750.8089	235.0	171.26822	53.495174	233.74223	-42.898994	6.282258	0.99031657	2.5738409	23.990473	-11.932766	-173.31096	0.10743283	0.00037273896	0.108054906	0.10628498	-0.021582233	0.9673155	0.7795357	7.525055	7.450581e-09	234.5563	75.35008	308.57053	3.866863	228.89265	71.97035	297.1775	3.866863	181.729	52.330574	228.9201	4.1055903	-47.163666	22.819967	12.4806795	-80.55379	47.53744	22.030758	80.55379	0.061533988	-0.1842973	0.11266917	1.1169492	-0.46768755	2745.162	1922.3356	6488.9126	0.0037864319	10.490869	6.483457	24.788956	8.6037006e-05
35	35999	12666.227498292923	816.53516	110.70256	948.59845	694.3097	250.75	864.9861	0.0	864.9861	864.9861	261.0	172.95401	53.821545	234.78177	-41.489132	6.196429	1.0004379	2.5648026	22.943066	-10.028938	-174.97385	0.10613351	0.0004759528	0.107263416	0.10532889	0.0010313949	0.9650338	0.7821273	7.221885	9.447336e-06	220.12689	75.264046	300.99695	3.7432458	212.06158	72.26483	287.52594	3.7432458	176.00908	53.601345	225.75916	-6.5549226	-36.052486	22.241245	14.159514	-74.07885	36.873474	20.8519	74.07885	0.03149745	-0.14237572	0.14366618	1.411122	-1.3193003	1794.4548	1525.4103	5487.676	0.0009920893	7.1881046	5.444333	19.980803	1.287578e-05
36	36999	13073.282755613327	870.5407	14.286061	888.2946	853.3129	265.66666	782.0357	0.0	782.0357	782.0357	240.0	174.13805	53.951576	236.55511	-52.09417	6.0700617	0.9810992	2.5568883	22.488676	-11.046785	-176.14503	0.10444677	0.0010034295	0.10627254	0.10287791	-0.042620678	0.9631378	0.7825487	6.2829266	1.3709068e-06	235.52788	74.76028	305.8468	4.221297	229.11392	72.07675	294.922	4.221297	183.9513	54.41293	233.61034	1.027387	-45.162643	21.06458	12.034714	-76.3205	45.560253	20.190203	76.3205	0.2670174	-0.18155965	0.11162707	1.2034714	-0.5289005	2483.3809	1682.5159	5824.819	0.071298294	9.623729	5.6610675	21.557981	0.0012037988
37	37999	13473.207892894745	833.6521	81.53101	917.49365	699.5003	254.5	897.5019	0.0	897.5019	897.5019	275.0	175.44409	54.18218	237.9892	-47.051357	5.9254317	0.99366134	2.5832417	23.77145	-11.09148	-177.39024	0.10317401	0.00045130728	0.10405651	0.10184707	-0.014396509	0.970934	0.7860634	6.892192	1.296401e-06	238.62634	73.276726	298.53265	4.1114025	233.13875	70.0859	288.26102	4.1114025	186.88722	55.142075	231.97575	0.41333485	-46.25154	17.530369	5.5055165	-70.58869	46.308804	17.378544	70.58869	0.09047513	-0.19128665	0.062151738	0.55055165	-0.39532253	2446.519	1394.1552	4982.763	0.008185748	9.503376	4.680061	19.267965	0.0006320393
38	38999	13884.594372987747	851.56934	44.756054	907.5737	794.41675	259.0	1003.60016	0.0	1003.60016	1003.60016	307.0	176.95569	54.478664	236.52007	-40.537987	5.8902264	0.99641615	2.5812526	22.68333	-12.792892	-178.87651	0.10272055	0.00052564655	0.1034752	0.10139976	-0.008142433	0.97910154	0.78740644	7.8366833	2.6673079e-06	238.33699	73.730255	303.09277	4.057506	234.70387	71.58619	295.64737	4.057506	184.76865	57.181805	232.72086	-3.0472808	-49.93523	17.357449	3.9636693	-75.40557	49.942932	17.335276	75.40557	0.14545164	-0.22233231	0.07899559	0.39636692	-0.8758697	2794.8083	1570.2416	5685.9995	0.021156177	11.048265	4.757206	22.094513	0.0015620893
39	39999	14293.216831684113	877.8635	14.406832	891.5823	854.48615	271.25	1087.2646	0.0	1087.2646	1087.2646	329.0	178.35027	54.86606	239.78401	-47.258163	5.8667526	0.9923698	2.5837898	23.43332	-11.859274	-180.25476	0.10039197	0.0006440861	0.101514556	0.09922132	-0.017468689	0.9802387	0.78744096	7.4474697	6.198883e-06	251.27884	71.40951	318.22235	3.741119	242.50383	68.68309	301.9745	3.741119	194.58896	51.814342	238.1011	-4.4351926	-47.914875	21.412792	5.651717	-74.87318	47.981926	21.262117	74.87318	0.12182833	-0.19288985	0.085760504	0.43106046	-0.8807353	2754.3428	1808.0732	5605.992	0.014842143	10.203297	5.9945717	20.136759	0.00024344417
40	40999	14701.92673254013	932.3709	18.860271	953.55164	907.7414	288.0	1302.5212	0.0	1302.5212	1302.5212	397.0	179.34532	54.860233	240.3443	-45.578102	5.801337	0.99228394	2.575445	23.03886	-12.250965	-181.1442	0.09960789	0.0005885985	0.100671865	0.0985405	-0.017767113	0.97712517	0.7854786	6.6285715	1.0747463e-06	243.61896	73.48649	310.1522	3.9019253	238.6794	71.920204	301.538	3.9019253	189.9962	53.49416	236.8584	-3.552435	-48.683212	22.45158	7.3356647	-79.26199	48.76243	22.279009	79.26199	0.21503913	-0.19214049	0.08709876	0.62685245	-0.745436	2874.129	1928.6041	6282.4634	0.046241827	10.637284	6.454299	22.723665	0.0022778702
41	41999	15109.055428028107	914.8368	29.039717	958.0527	883.0339	277.25	843.06934	0.0	843.06934	843.06934	275.0	180.62302	54.578854	244.51471	-52.934067	5.779729	0.99789786	2.5807252	23.491991	-10.448738	-182.41391	0.09897036	0.00087391026	0.100279264	0.097667225	-0.0048138048	0.9787741	0.7853609	6.4333534	5.364418e-07	233.44101	69.50488	296.37286	4.4440846	229.41556	67.90282	288.69135	4.4440846	185.12355	53.99403	232.34756	-1.7530704	-44.292023	16.625212	8.426986	-68.91936	44.419502	16.281548	68.91936	0.11533306	-0.18868762	0.09013166	0.8426986	-0.7510382	2238.181	1224.0835	4749.8774	0.013301715	8.989287	4.0840745	17.922436	0.00017249688
42	42999	15515.364079236984	898.30853	16.445658	926.1479	884.8033	270.0	829.62823	0.0	829.62823	829.62823	275.0	182.1337	54.23038	244.95853	-56.47087	5.79042	1.0069306	2.5744436	23.265936	-11.927269	-183.93819	0.09935877	0.00047864724	0.10002627	0.09846847	0.016068485	0.981927	0.7857624	6.7214007	1.8179417e-06	239.83049	71.85679	324.89478	4.415629	236.60086	71.39246	313.69083	4.415629	190.11041	53.783432	242.2671	-9.34699	-46.49043	21.151814	1.9755318	-84.268776	46.49983	21.131132	84.268776	0.082993105	-0.19264343	0.08074054	0.03524424	-1.3987474	2608.7593	1862.579	7101.2266	0.0068878555	9.728453	5.9497724	23.744328	0.00012564923
43	43999	15924.285646677017	819.1091	145.24208	962.0681	619.89966	246.66667	918.62164	0.0	918.62164	918.62164	285.0	183.95876	54.345673	246.98605	-48.310337	5.8616037	0.9858369	2.5988638	23.968485	-11.983383	-185.73257	0.097186804	0.0009830905	0.09971157	0.09606181	-0.032783296	0.9785107	0.7847024	7.549559	1.5795231e-06	242.98735	73.89615	306.92224	4.2255235	241.31172	72.624405	301.91473	4.2255235	195.21768	55.26551	243.88022	0.51360726	-46.094025	22.133484	11.363428	-76.97917	46.25846	21.787731	76.97917	0.002511707	-0.17693357	0.0977344	0.89943296	-0.4818476	2614.55	1810.2418	5925.793	6.308672e-06	9.6127615	6.0656443	22.869072	4.7338764e-07
44	44999	16331.74240231514	997.2561	115.695175	1196.9072	918.66626	295.5	937.20074	0.0	937.20074	937.20074	277.0	185.66588	54.695343	249.53076	-52.88804	5.911338	1.0033439	2.6030319	23.765953	-11.604341	-187.43092	0.09792188	0.00049565587	0.09890063	0.09713416	0.007837217	0.97342503	0.78231007	6.7043257	1.2814999e-06	245.99661	77.76443	318.56747	4.3692317	239.25937	76.8533	311.5541	4.3692317	193.42891	56.565742	244.37102	2.894987	-45.830456	26.600786	23.945665	-82.6518	46.9888	24.496626	82.6518	0.04780918	-0.16466404	0.16123424	1.9049293	-0.43404716	2808.0322	2030.5771	6831.321	0.0022857175	10.403312	6.9192524	42.046318	1.1728811e-05
45	45999	16737.116049051285	888.92017	52.00126	949.3335	829.15027	262.0	753.1592	0.0	753.1592	753.1592	225.0	187.53114	55.30307	256.02237	-32.78091	6.005149	1.0038402	2.6380668	22.634277	-10.947011	-189.34247	0.09823732	0.00033285905	0.098927304	0.097523235	0.00898254	0.97543454	0.78626144	7.5764523	2.1904707e-06	235.20786	77.60282	323.3364	4.539165	231.89809	76.10339	315.19165	4.539165	191.86223	56.477474	247.95717	-0.38861942	-40.03585	26.986683	18.917503	-82.56035	41.675877	24.377691	82.56035	0.019467503	-0.15019582	0.14568007	1.5822761	-0.9826539	2331.1504	1970.1615	6816.2114	0.00037898365	8.713058	6.538993	25.035978	3.636029e-06
46	46999	17148.510011672974	640.1657	332.07755	949.7886	12.053118	192.8	977.0161	0.0	977.0161	977.0161	278.0	189.04623	55.859673	254.77228	-53.697594	6.2901874	1.0091566	2.610968	22.427551	-11.088708	-190.78041	0.099047735	0.0005667809	0.09990546	0.09822592	0.021224845	0.97699124	0.78522307	6.3683667	5.9604645e-08	240.56003	75.00408	313.49905	3.6756206	236.26529	74.032684	306.59262	3.6756206	195.07785	55.185513	242.34897	-5.6263223	-41.187447	26.031284	33.53878	-74.39783	43.958126	21.017057	74.39783	0.03870353	-0.16010413	0.119642645	0.41504648	-0.93019426	2374.0334	1739.5763	5535.0366	0.0014979633	8.908333	5.6751657	21.03827	6.9187054e-06
47	47999	17555.331660985947	899.52277	88.46188	980.406	751.10895	263.0	924.4844	0.0	924.4844	924.4844	266.0	190.0853	55.86789	258.13336	-41.15625	6.970716	0.9970814	2.5961576	24.28663	-11.624552	-191.79121	0.09892424	0.0002659763	0.099784486	0.098525934	-0.00669373	0.9740048	0.7836576	5.958923	1.013279e-06	235.04431	74.87005	316.05606	3.8077464	230.17311	73.378235	309.66364	3.8077464	194.56416	56.73779	243.34207	-8.120785	-35.608944	24.50311	19.815212	-78.32348	37.2996	21.843517	78.32348	0.16679797	-0.14244665	0.12587976	0.8203951	-1.3556571	1868.3992	1695.5728	6134.5674	0.027821561	7.0367813	5.8044844	22.054216	0.00033347495
48	48999	17967.58865070343	777.9984	89.232056	923.973	688.55	233.75	1240.0588	0.0	1240.0588	1240.0588	389.0	191.13692	56.581867	260.84778	-38.68294	6.3267703	1.0083158	2.6034741	21.112381	-11.219425	-192.86278	0.0997466	0.00075468555	0.10118101	0.09862859	0.019207615	0.9795078	0.78694993	6.5731916	3.4868717e-06	268.5822	62.176052	334.1501	3.4783742	264.32956	61.80889	325.07117	3.4783742	218.99744	42.465973	257.76215	-3.058714	-45.332092	27.03277	23.4816	-81.017845	46.984417	24.046484	81.017845	0.007362464	-0.15061551	0.11669924	1.444076	-0.6537088	2785.769	1983.9458	6563.891	5.4205877e-05	9.557887	6.5316257	21.485432	6.5990804e-07
49	49999	18373.898430109024	1088.4979	104.23728	1188.4994	944.70013	326.33334	825.49744	0.0	825.49744	825.49744	240.0	192.18637	56.411263	264.44843	-45.030052	6.247496	0.98591566	2.5971105	21.899607	-11.722643	-193.90604	0.100498155	0.001228699	0.10182019	0.09817694	-0.032443453	0.9770121	0.78328043	6.584539	4.351139e-06	235.44247	77.3212	315.34802	4.3348103	227.65085	75.10507	310.5651	4.3348103	190.34534	58.65598	246.57681	-5.5636816	-37.30551	21.53855	3.0121746	-77.18293	37.350597	21.460264	77.18293	0.0058822827	-0.15720502	0.08466298	0.22876664	-1.1520021	1855.6104	1636.0924	5957.205	3.460125e-05	6.950966	5.5127864	20.597265	2.4893706e-07
50	50999	18786.16151547432	969.2448	81.79693	1084.9064	909.7095	290.0	841.22363	0.0	841.22363	841.22363	244.0	192.58134	56.725704	263.76962	-44.70217	6.35639	0.9941449	2.6289756	22.713022	-9.861348	-194.24495	0.097568505	0.0004313472	0.098448165	0.09681803	-0.0135672735	0.97373915	0.78286177	6.407793	4.6938658e-07	225.56972	75.550255	302.15173	3.4589303	221.8603	74.737625	300.43927	3.4589303	190.85732	59.079475	246.00171	-12.158447	-31.002993	23.282215	29.138847	-69.906906	33.542957	19.445229	69.906906	0.020701395	-0.1253643	0.13853441	0.82174325	-1.6774893	1503.247	1330.2717	4886.976	0.00042854776	5.964754	4.7978544	28.139702	2.7570813e-05
51	51999	19195.15669298172	818.202	104.17979	978.773	700.29065	241.6	1001.06946	0.0	1001.06946	1001.06946	289.0	193.06985	57.01383	261.2867	-49.114346	6.243407	0.9932876	2.614345	21.215958	-12.1545105	-194.72978	0.097103395	0.0005343095	0.09807625	0.096281886	-0.015621938	0.9738506	0.7810007	7.241033	4.4703484e-07	246.24861	77.24403	313.65253	3.096124	240.97041	75.42066	307.71176	3.096124	198.78409	58.65782	250.08557	0.24304175	-42.18634	22.847006	14.672659	-79.34648	43.230408	20.80397	79.34648	0.50070536	-0.16432388	0.09661046	0.61029005	-0.848431	2301.673	1648.5573	6295.8643	0.25070587	8.475324	5.389051	21.757448	0.0019205275
52	52999	19600.206573486328	915.9542	67.47683	980.29034	804.12665	267.0	848.03656	0.0	848.03656	848.03656	249.0	193.49997	57.304592	262.4692	-51.56497	6.114082	0.9839086	2.592832	21.479307	-10.889889	-195.15213	0.095068015	0.00072062435	0.096524715	0.09382936	-0.037811168	0.9735121	0.7772149	6.785389	1.2852252e-06	240.59201	76.623825	319.7199	2.944546	237.343	75.55367	320.35	2.944546	197.2814	60.965885	252.99493	-28.438728	-40.0616	23.129234	20.02898	-85.12578	40.87946	21.650934	85.12578	0.045713477	-0.18577817	0.19476688	0.12563515	-3.3456862	2139.8933	1728.2163	7246.398	0.0020897218	8.38971	6.805319	111.93616	1.1511512e-05
53	53999	20008.483153820038	777.0231	80.43578	841.79156	639.1949	237.75	892.3222	0.0	892.3222	892.3222	263.0	194.37128	57.5017	265.52396	-47.55203	6.1113195	0.99530303	2.6085353	21.702423	-11.050764	-195.99133	0.09328453	0.00039287683	0.09393472	0.09240386	-0.0110883275	0.98462254	0.7826534	6.4989834	7.748604e-07	240.22707	77.01505	316.40494	2.5311904	237.39264	76.297585	314.94852	2.5311904	211.65074	54.528522	254.60951	-30.072666	-25.741909	47.22539	179.95331	-77.46662	45.889072	28.054882	179.95331	0.08766829	-0.0017733049	1.0431093	17.99533	-3.2603858	2892.8833	3855.411	32383.191	0.007685729	28.024105	174.2703	3238.319	3.163052e-05
54	54999	20416.379920721054	887.57733	95.49347	1004.931	751.25024	259.0	1218.642	0.0	1218.642	1218.642	359.0	194.62717	57.257027	262.6151	-56.656693	6.4271483	1.0023441	2.609343	23.575546	-10.085103	-196.24368	0.09321303	0.000543302	0.09426301	0.09233321	0.005621516	0.9795463	0.7789215	6.8034487	2.3245811e-06	259.6339	76.733925	323.3719	3.540679	257.77216	76.29817	325.2587	3.540679	206.13129	58.35777	253.3912	-7.6377144	-51.64086	23.636204	6.8042436	-83.638016	51.72539	23.450628	83.638016	0.014087678	-0.19755648	0.11605658	0.6804244	-1.1178393	3225.4485	2144.8413	6995.3184	0.00019846266	11.337029	6.611646	23.462337	3.572129e-06
55	55999	20828.972357988358	906.5454	105.30647	1043.0585	786.7397	267.33334	1021.5716	0.0	1021.5716	1021.5716	289.0	195.04424	57.262966	263.77075	-43.235836	6.5483947	0.99227816	2.618177	25.092411	-14.4694395	-196.61185	0.093124665	0.00073338475	0.0940349	0.091887735	-0.018297836	0.971544	0.7750506	6.296838	3.3006072e-06	240.80885	76.15761	311.05353	4.362748	237.43135	74.482796	306.55203	4.362748	198.16852	61.662334	253.06331	-0.5977819	-39.262863	19.38095	4.6639776	-70.82107	39.28744	19.331081	70.82107	0.12866405	-0.1669384	0.076137446	0.46639776	-0.62974674	1917.1935	1511.8732	5015.623	0.016554436	7.2511444	4.9909415	19.096663	0.00072060083
56	56999	21239.491132497787	1059.2854	113.445595	1178.0618	906.49493	308.66666	1140.4614	0.0	1140.4614	1140.4614	336.0	195.69543	57.482243	265.32022	-41.33344	6.267331	1.0074146	2.6301088	26.13441	-11.37567	-197.27963	0.09299523	0.00035232058	0.09374678	0.092242576	0.017687634	0.9780046	0.78126985	7.41185	9.0897083e-07	259.6948	68.190605	322.09897	3.5932097	258.8111	67.795135	325.36185	3.5932097	214.6283	50.065845	252.78816	-20.75038	-44.182785	27.536808	23.684017	-81.600494	45.684193	24.966959	81.600494	0.053271838	-0.1567055	0.16628906	1.5177672	-2.7898557	2710.3943	2093.6416	6658.64	0.0028378887	9.570555	6.9990773	77.83295	1.20622335e-05
57	57999	21651.858991384506	879.5819	136.38113	1091.1354	733.4517	273.75	1069.8794	0.0	1069.8794	1069.8794	319.0	196.3371	57.284306	263.84094	-41.75269	6.2593546	0.9945811	2.6449845	25.449158	-11.040027	-197.88501	0.09331294	0.00028752445	0.09381954	0.09251681	-0.012825518	0.98111266	0.7854559	7.308933	1.7881393e-06	258.8056	73.28923	326.64456	3.5546436	258.76398	73.24208	326.37415	3.5546436	214.24706	54.336903	249.94113	-5.587084	-44.516926	31.571817	36.879017	-83.921715	47.964314	26.037685	83.921715	0.01832822	-0.16899328	0.14077693	0.27405956	-1.2123902	2978.5364	2353.1985	7042.854	0.00033592363	10.327158	7.2247243	23.06335	1.3806525e-06
58	58999	22058.31323504448	792.482	79.058174	891.11914	671.5948	237.6	1110.6624	0.0	1110.6624	1110.6624	331.0	196.22487	57.47474	262.65033	-41.81091	6.3123717	0.98323905	2.6320174	25.712315	-11.852783	-197.7597	0.09199302	0.0010471216	0.09310695	0.090060145	-0.040068094	0.9755848	0.7849568	6.173472	7.748604e-07	245.81398	73.58173	314.82153	2.5327327	242.77248	73.124855	314.42087	2.5327327	210.64117	57.313114	250.98428	-11.881762	-32.13129	28.870396	39.951794	-76.93418	36.022057	23.839691	76.93418	0.043929707	-0.120808706	0.14342874	0.9402502	-1.4435958	1865.9194	1798.5499	5918.8687	0.0019298191	6.755316	6.086501	20.83969	7.804473e-06
59	59999	22471.6511759758	984.02783	316.4371	1426.0698	702.60974	305.66666	2912.6772	0.0	2912.6772	2912.6772	1000.0	196.05174	57.228664	262.3345	-44.865826	6.3673964	1.0004878	2.6135833	26.197079	-11.34222	-197.54999	0.089962296	0.00024148438	0.09035981	0.08935371	0.0012171976	0.9734535	0.783125	6.4520326	3.193505e-06	291.00668	34.534016	320.9611	77.61897	293.21844	35.737854	323.33807	78.86688	231.12622	26.163574	249.95901	79.162415	-62.09223	17.130554	0.29553023	-81.03242	62.092796	17.128513	81.03242	0.29553023	-0.20881453	0.04970669	0.003747203	-0.30247498	4148.902	1700.7792	6566.252	0.08733811	13.770578	5.44889	24.095968	0.0011074117
60	60999	22880.71799993515	1085.8247	280.9909	1482.1757	862.88525	329.0	1098.3992	0.0	1098.3992	1098.3992	330.0	195.95001	57.067516	264.00552	-46.63979	6.370474	0.98821414	2.608209	21.954765	-14.14121	-197.40494	0.088660344	0.00062334875	0.090109244	0.08769837	-0.02842753	0.9636456	0.78106	6.59311	2.6598573e-06	238.57474	75.53834	312.00946	3.644328	237.2187	74.7475	309.1009	3.644328	196.60152	59.376385	248.28294	3.4208512	-40.617188	20.944881	10.456823	-74.52476	40.905315	20.376427	74.52476	0.082871586	-0.15550974	0.09542582	1.0456823	-0.4269571	2088.4438	1570.2573	5553.939	0.0068677003	7.780224	5.351378	20.83047	3.0033414e-05
61	61999	23290.073860406876	1033.9175	160.54173	1248.6787	862.7506	307.33334	959.76196	0.0	959.76196	959.76196	298.0	196.49336	57.0143	261.91336	-46.468544	6.4145894	1.0055666	2.6343122	24.072075	-12.029762	-197.95905	0.08878484	0.0002854032	0.089446254	0.08822977	0.0135371545	0.96728754	0.7850982	6.6502657	2.0861626e-07	240.61911	75.30087	320.89978	3.8775072	237.74345	73.726074	314.838	3.8775072	197.50046	60.23288	249.26074	3.0455887	-40.242992	20.467407	8.821704	-76.571304	40.34773	20.260157	76.571304	0.31042534	-0.16220616	0.092910506	0.88217044	-0.49943656	2038.4132	1621.1931	5863.164	0.09636389	7.6950693	5.3613195	21.397243	0.0013870954
62	62999	23709.007159471512	965.68036	117.27382	1056.2972	800.07574	286.66666	2869.9114	0.0	2869.9114	2869.9114	1000.0	197.30746	56.84391	262.78632	-47.068962	6.289872	0.9755485	2.6226954	24.526241	-10.89787	-198.76213	0.08695874	0.0011522671	0.08928226	0.085227735	-0.059543125	0.96116567	0.7810195	6.8724236	2.3916364e-06	261.9786	69.04641	317.17355	2.2115076	261.2062	70.62817	317.16974	2.2115076	217.92548	48.185326	251.62805	-4.9239435	-43.280727	33.793255	67.91427	-78.017914	49.130714	24.523012	78.017914	0.04004332	-0.13365397	0.15771107	0.8606595	-0.7135451	3015.2053	1974.7141	6086.7944	0.0016034675	10.641649	7.1323624	48.57093	6.6424973e-06
63	63999	24117.99309206009	1983.6428	980.5848	2964.2275	1003.058	652.5	925.075	0.0	925.075	925.075	273.0	198.13492	56.588432	261.41937	-56.434822	6.147999	0.9745936	2.6220734	23.82563	-10.719341	-199.59009	0.08480648	0.0013387538	0.086345606	0.082149036	-0.06289434	0.95977443	0.78010947	7.607394	6.556511e-07	242.526	77.79223	319.74112	3.2337506	238.8817	77.02181	316.15967	3.2337506	203.98238	59.51638	252.49026	0.029592037	-34.899315	27.102776	32.058544	-80.17344	36.35122	25.121935	80.17344	0.003324422	-0.13014844	0.109729365	0.49071938	-0.9254855	1952.5228	1874.5768	6427.7803	1.1051781e-05	6.946379	6.3405952	23.107738	5.057017e-07
64	64999	24528.567530870438	972.98145	97.22274	1108.9146	887.12537	284.66666	2936.474	0.0	2936.474	2936.474	1000.0	198.52777	56.591637	261.7467	-39.322674	6.1976943	0.9889752	2.654687	26.119942	-9.589343	-199.96031	0.08114746	0.00064837834	0.0821692	0.0803245	-0.027610043	0.9606583	0.781049	7.3317747	1.1920929e-07	261.19897	71.641136	332.20215	3.0614982	257.93878	71.35182	334.69766	3.0614982	215.92522	52.704655	251.13022	-20.77733	-42.01357	31.400307	38.594383	-88.0995	45.101585	26.776232	88.0995	0.084294535	-0.15750249	0.17569654	0.4620283	-2.5784788	2751.1194	2361.4282	7761.5225	0.007105569	9.579959	7.8924427	66.485535	2.9058561e-05
65	65999	24932.971744537354	909.7832	155.31429	1166.1798	747.9837	266.5	1065.9205	0.0	1065.9205	1065.9205	306.0	198.56241	56.485718	260.04892	-67.951935	6.084744	0.9990623	2.6597867	26.966042	-12.029471	-199.92595	0.0809096	0.00020164145	0.08135523	0.08053492	-0.002310995	0.96574986	0.7861157	7.73246	3.9488077e-07	247.63663	75.53635	324.13242	4.869277	242.1001	73.11855	315.79507	4.869277	200.16292	57.957546	250.0553	12.1825485	-41.937187	19.407223	14.682135	-76.82609	42.343555	18.503813	76.82609	0.3199215	-0.15093137	0.13154313	1.4682134	-0.28246066	2135.368	1477.9061	5902.247	0.10234976	7.9890356	4.821053	21.556509	0.0010809617
66	66999	25336.413234472275	771.15643	86.99152	879.9024	669.99884	230.75	1043.2374	0.0	1043.2374	1043.2374	303.0	199.06223	56.54261	260.95453	-37.73538	6.093379	0.9814	2.6569102	25.24164	-11.034449	-200.42422	0.079358876	0.00097403023	0.08075763	0.078093864	-0.047074996	0.9650106	0.7861483	7.7296	2.1457672e-06	249.71045	75.627815	321.60876	4.8680367	246.9221	74.434265	322.05643	4.8680367	200.70058	58.065	250.97995	10.8938675	-46.221523	20.351414	7.9269977	-78.83765	46.365814	20.020515	78.83765	0.34704334	-0.1707529	0.091149144	0.79269975	-0.3050515	2550.6094	1678.2528	6215.375	0.12043908	9.23727	5.4109254	21.009457	0.0047513256
67	67999	25748.41539311409	1002.41345	180.45227	1298.2106	821.14764	289.0	1284.1119	0.0	1284.1119	1284.1119	366.0	199.25392	56.577446	259.56808	-32.735638	6.0424824	0.9984967	2.6774342	24.272503	-10.731858	-200.6236	0.07801903	0.00027670577	0.07850203	0.07743937	-0.003790378	0.9704782	0.7891462	8.115209	5.066395e-07	268.53894	68.54627	324.05823	4.9598413	265.82025	68.59122	328.2405	4.9598413	212.80725	51.26172	251.99738	6.4407854	-53.01298	21.596352	8.6581335	-83.734276	53.15127	21.25373	83.734276	0.25054464	-0.18475184	0.08901898	0.8658133	-0.31034306	3276.7788	2003.7467	7011.429	0.062772624	11.225949	6.1920996	24.951046	0.0041099032
68	68999	26155.635356664658	958.09393	101.3591	1090.4468	844.2463	283.0	1313.5848	0.0	1313.5848	1313.5848	392.0	199.61731	56.60129	259.70352	-34.928078	6.0090704	1.0027856	2.6850295	26.981228	-12.554764	-200.96037	0.078335814	0.0005049902	0.07908233	0.077313736	0.0071656303	0.97015476	0.7879676	7.644219	4.2170286e-06	267.57675	68.47845	324.52225	3.9384613	266.65643	68.43667	321.03848	3.9384613	213.62814	50.98708	258.41785	2.3350165	-53.02828	21.296356	14.959633	-80.37013	53.43121	20.264236	80.37013	0.16580601	-0.18383898	0.106472515	1.4455584	-0.43752253	3265.5332	1799.8097	6459.3584	0.027491635	11.278948	5.6655955	22.724953	0.00021531062
69	69999	26575.83022069931	1162.2944	176.6491	1402.8531	983.65424	351.66666	2912.3132	0.0	2912.3132	2912.3132	1000.0	199.99374	56.375748	263.5608	-31.440086	6.0733314	0.9942134	2.6884034	29.686989	-12.396374	-201.29854	0.077705994	0.0002927695	0.07850007	0.07722275	-0.014720458	0.97237074	0.79090357	8.390567	1.1920929e-07	283.5401	59.314934	330.21704	0.9736474	280.56076	61.547306	323.9143	-1.2184213	225.11702	44.769176	259.1753	-26.008135	-55.443775	25.55777	53.08583	-80.4069	58.185883	18.48283	80.4069	0.22225489	-0.19122063	0.15474133	0.3319351	-2.6981783	3727.212	1665.7542	6465.269	0.049397238	12.742192	5.622822	72.80166	0.00030283027
70	70999	26985.604753017426	1004.1629	141.94571	1200.1617	868.5973	287.0	3035.626	0.0	3035.626	3035.626	1000.0	200.44131	56.73491	261.2404	-31.40378	6.0022297	0.9918686	2.7042828	30.31697	-10.670233	-201.77296	0.07673323	0.00051410584	0.0778197	0.07610988	-0.02078498	0.97371036	0.7912821	7.903399	4.172325e-07	299.07007	27.976131	333.9126	184.35225	299.02942	27.041113	330.64282	184.22935	239.42094	12.332494	261.24042	185.01678	-59.60844	27.37812	58.908936	-96.06576	62.729664	19.175938	96.06576	0.34730113	-0.1919669	0.09622102	0.3168242	-0.29777622	4302.7275	1942.2819	9228.63	0.12061807	14.041	6.0672	28.335258	0.0004920413
71	71999	27390.20534825325	3171.9807	0.0	3171.9807	3171.9807	1000.0	2944.095	0.0	2944.095	2944.095	1000.0	201.23492	56.51134	261.1825	-41.253696	5.9522686	1.0007787	2.6946929	26.927567	-11.198334	-202.53957	0.076599985	0.0001508153	0.07695177	0.07623731	0.0020502831	0.97565126	0.791879	8.772987	6.329268e-06	294.40863	49.296413	326.42395	3.9674127	296.21005	50.140747	328.35074	3.9674127	230.27954	35.68876	253.26648	-0.06820655	-65.93051	18.408155	-3.424053	-82.82109	65.93051	18.408155	82.82109	3.424053	-0.21845272	0.048764896	-0.051497858	-0.4844725	4685.6924	1683.5319	6859.3325	11.724139	15.158171	5.243276	23.414946	0.36792058
72	72999	27803.291321516037	1930.0784	780.7029	2710.7812	1149.3755	579.0	2471.2302	0.0	2471.2302	2471.2302	735.0	202.16025	56.385506	260.6457	-34.99279	5.889224	1.0093812	2.7031562	26.827824	-10.796146	-203.50606	0.07723401	0.00044874696	0.07825814	0.07668184	0.024080293	0.9797885	0.79328287	8.83017	1.0570511e-06	278.6254	69.99623	335.43823	5.157103	275.92007	71.13123	341.6645	5.157103	217.76668	49.87153	252.99359	8.219231	-58.1534	26.432365	10.608451	-93.91602	58.324226	26.05328	93.91602	0.063685045	-0.19186005	0.09356105	0.8735269	-0.30250773	4080.4885	2742.6921	8820.22	0.004055785	13.238126	8.134827	25.86569	0.00013520553
73	73999	28212.411738872528	1846.1733	834.77716	2680.9504	1011.3961	545.0	3022.1084	0.0	3022.1084	3022.1084	1000.0	202.97414	56.64132	262.7512	-34.43326	5.8559484	0.99261314	2.679159	26.512802	-12.257916	-204.26556	0.07698899	0.00027522317	0.07783348	0.07649844	-0.018853646	0.97167283	0.78952974	8.642665	1.66893e-06	245.59657	78.63763	325.88974	3.5321972	236.09126	77.13585	315.30368	3.5321972	205.14435	56.74323	253.21625	-28.891432	-30.946917	32.026688	57.395927	-76.162155	38.587288	22.236046	76.162155	0.1927436	-0.101350345	0.23581691	1.6798025	-3.5223818	1983.4207	1673.4337	5800.6743	0.037150096	7.8011756	7.3991914	124.071724	0.00016919847
74	74999	28627.135945558548	1149.07	339.94183	1628.532	878.87854	335.0	1721.3689	0.0	1721.3689	1721.3689	506.0	203.5307	56.931423	261.92282	-43.664577	5.8540373	0.9952274	2.6867344	26.844929	-10.455099	-204.82143	0.07665944	0.00033182866	0.07727905	0.07601231	-0.012204807	0.97382617	0.7878923	9.550856	6.556511e-07	286.79062	63.224155	336.5541	4.804868	285.9615	64.342865	342.80875	4.804868	221.45859	44.085083	253.12994	3.369408	-64.50291	24.411198	6.208507	-94.71392	64.54052	24.311565	94.71392	0.068453774	-0.21337508	0.068351224	0.62085074	-0.29694474	4756.5317	2683.9265	8970.727	0.0046859197	15.27283	7.7552123	26.234217	0.000108507
75	75999	29044.66348695755	1648.9849	511.01483	2159.9998	1137.9701	492.0	3053.1223	0.0	3053.1223	3053.1223	1000.0	203.9358	57.250153	262.1931	-48.56465	5.839311	0.9912779	2.6677668	26.171196	-12.532968	-205.22536	0.07590138	0.00028568122	0.07635056	0.07519407	-0.022459244	0.9715403	0.78475815	7.9185424	1.1920929e-07	294.5835	57.54525	336.34766	5.0122824	292.72388	58.329098	337.95294	5.0122824	224.8223	43.570107	254.91489	-0.46785212	-67.901566	16.872562	-1.191238	-93.76474	67.901566	16.872562	93.76474	1.191238	-0.23095411	0.035550717	-0.0923173	-0.8761555	4895.306	1823.0237	8791.827	1.4190482	15.949638	5.088132	26.273067	0.14190482
76	76999	29460.55834364891	920.40814	182.08339	1171.2133	744.4671	264.0	3288.321	0.0	3288.321	3288.321	962.0	204.82687	56.52167	263.18106	-43.626858	5.7497687	0.99173766	2.6702075	27.29693	-14.489897	-206.0579	0.07494389	0.00038503963	0.07550127	0.07415445	-0.021390155	0.97810954	0.7878601	8.0917845	2.3841858e-07	285.57834	66.051346	336.59174	5.3280826	279.82584	66.92918	338.25247	5.3280826	220.8433	46.85165	255.70453	17.00315	-58.98254	24.942743	12.292684	-90.478455	59.13845	24.570812	90.478455	0.010082428	-0.19614069	0.09148517	1.1675068	-0.30165756	4101.0806	2526.9468	8186.35	0.00010165535	13.324848	7.4621935	24.782944	1.4681415e-06
77	77999	29870.630160808563	1526.1565	418.1443	1944.3008	1108.0122	449.0	1280.2661	0.0	1280.2661	1280.2661	374.0	204.9076	57.15104	266.69574	-108.53797	5.7338376	0.99593925	2.6443481	24.99656	-10.9739895	-206.13052	0.073613875	0.00022126317	0.07427994	0.07327959	-0.01053191	0.9744507	0.78333867	7.791475	3.874302e-06	292.75735	60.52014	335.923	4.481389	289.4238	60.74064	337.94922	4.481389	228.06314	41.403805	256.34454	10.91748	-61.36064	23.959515	6.4362745	-85.532745	61.441154	23.752304	85.532745	0.07555584	-0.19826071	0.080465	0.64362746	-0.3043758	4339.187	2340.38	7315.85	0.005708684	13.871257	7.103855	25.00871	5.867438e-05
78	78999	30280.46483206749	1453.6703	563.14996	2205.9033	851.02344	417.33334	1156.2986	0.0	1156.2986	1156.2986	341.0	205.00398	57.206093	263.0663	-57.476677	5.6870418	0.9958522	2.6480384	26.28201	-14.472868	-206.23753	0.07345338	0.00029950848	0.07391038	0.072839245	-0.01077908	0.9749286	0.7828915	7.8752394	5.364418e-07	286.86697	60.630592	336.61246	4.353954	282.05243	59.656223	335.35413	4.353954	226.32288	43.172264	256.15338	10.94265	-55.729546	22.13039	7.0530205	-87.95449	55.81188	21.921913	87.95449	0.14131111	-0.185117	0.078924835	0.70530206	-0.29411072	3595.5361	2113.6948	7735.992	0.019968832	11.804478	6.433474	23.255846	0.00049333234
79	79999	30692.16108775139	1184.7528	275.25827	1460.0111	909.49457	345.5	1399.2913	0.0	1399.2913	1399.2913	410.0	205.22375	57.25429	264.51685	-63.807163	5.625478	0.99953	2.6624272	22.962524	-11.523425	-206.44601	0.07268446	0.00039204388	0.073410474	0.07212549	-0.0011824894	0.9820829	0.78743386	8.1837435	1.66893e-06	279.64478	62.180267	327.81305	4.401026	274.10153	63.235683	331.54547	4.401026	226.76817	44.91332	260.38696	-7.2928863	-47.333336	29.681622	51.418583	-83.00767	50.26617	24.387619	83.00767	0.009462669	-0.16539687	0.1311768	0.35654256	-1.5949488	3121.4436	2189.8218	6890.273	8.954209e-05	10.547038	6.868374	31.182673	3.8069803e-07
80	80999	31113.484832763672	1206.5565	285.1503	1491.7068	921.4062	343.5	3057.9246	0.0	3057.9246	3057.9246	1000.0	205.6997	57.390095	267.4502	-38.12243	5.6827283	1.0001444	2.6626337	26.34972	-11.014713	-206.90154	0.07314147	0.00023638706	0.07355893	0.07261572	0.00042705442	0.98597455	0.78942734	7.7123117	1.9669533e-06	311.04965	13.421621	327.41635	250.66142	316.76794	12.022262	333.61594	265.01132	241.72554	11.960199	255.4992	188.43329	-75.04241	4.109413	-63.309055	-86.858185	75.04241	4.109413	86.858185	63.309055	-0.23718941	0.015095767	-0.20248625	-0.29182914	5648.2505	615.3914	7544.3438	4008.0366	17.845997	1.9639686	23.141073	12.819214
81	81999	31530.295726299286	1820.2457	659.3798	2393.3591	896.64246	545.3333	3093.9739	0.0	3093.9739	3093.9739	1000.0	206.44087	56.992	267.01187	-51.383038	5.575138	0.99197096	2.6495125	25.74157	-11.222647	-207.60431	0.07258678	0.0005592546	0.073501915	0.071718134	-0.021018019	0.9790052	0.7892096	8.733456	1.5497208e-06	311.60965	23.5099	336.71243	192.17471	312.32593	23.84398	334.7193	192.17873	239.28963	15.994694	259.42773	164.43442	-73.03629	11.933964	-25.843647	-87.15438	73.03629	11.933964	87.15438	25.843647	-0.23265179	0.029754525	-0.10788723	-0.2977089	5476.72	1457.5508	7595.886	667.8941	17.321499	4.185918	23.648796	2.7881994
82	82999	31934.71485567093	1086.893	181.10489	1267.9978	905.788	306.0	1637.3242	0.0	1637.3242	1637.3242	456.0	206.89029	57.085304	268.5899	-33.772797	5.4999104	0.99064153	2.6463196	27.005981	-10.834574	-208.05498	0.07152103	0.0003283756	0.07218193	0.07091019	-0.02462568	0.9799627	0.78832084	9.570663	1.9669533e-06	286.59592	72.87728	352.03055	4.322939	278.90018	70.58006	345.07834	4.322939	222.05687	48.807674	263.3819	6.760234	-56.843292	27.115648	6.4842815	-92.93895	56.923145	26.947615	92.93895	0.06429634	-0.18676369	0.08500155	0.64842814	-0.2925612	3966.4187	2606.4258	8637.648	0.00413402	12.706176	7.811895	25.713413	2.4489582e-05
83	83999	32343.437558174133	1452.8057	276.56546	1819.4496	1151.5352	407.33334	1427.0571	0.0	1427.0571	1427.0571	407.0	207.56328	57.53334	270.92505	-60.461647	5.5911446	1.0088421	2.6567328	26.794277	-10.976413	-208.75644	0.07168898	0.00033825246	0.07237471	0.07096274	0.02336118	0.98460805	0.7937089	8.325766	9.2340633e-07	303.0986	65.05674	364.78995	3.9626315	295.49304	63.047462	351.25293	3.9626315	230.63179	42.745045	267.58926	1.6230674	-64.861275	25.613123	15.945748	-95.53765	65.150505	24.868217	95.53765	0.17057836	-0.20998995	0.07041876	0.13373414	-0.38228768	4863.0166	2595.0334	9127.442	0.029096978	15.237632	7.5968504	26.935974	0.00016520462
84	84999	32755.977903604507	1321.6013	179.49294	1473.622	1069.5403	375.33334	1458.8091	0.0	1458.8091	1458.8091	396.0	208.15799	57.69029	273.71402	-31.333038	5.6427255	0.9989675	2.6585171	27.546482	-11.319692	-209.32318	0.07187814	0.00020840048	0.07232467	0.07146671	-0.0026711235	0.9864188	0.7924411	8.280315	1.4901161e-07	258.18933	74.36116	326.30515	3.7749054	249.97816	73.02736	323.94583	3.7749054	223.87384	49.088753	263.08392	2.3613505	-26.10432	44.967335	150.351	-73.8451	44.62698	26.682009	150.351	0.1403648	-0.009187812	0.56651884	7.0598674	-0.4062854	2703.4968	3071.6326	22605.424	0.019702276	17.489164	47.813717	534.1087	0.00019729714
85	85999	33166.33777427673	928.25574	152.56471	1172.4686	758.57166	270.75	2089.2388	0.0	2089.2388	2089.2388	599.0	208.73976	57.691624	275.07104	-36.051254	5.6241064	0.9883645	2.676665	27.599586	-11.85239	-209.88725	0.07120446	0.00031913264	0.0719016	0.070559464	-0.030679004	0.9833143	0.792411	8.503779	5.9604645e-08	314.24783	52.672935	366.97833	5.109857	307.94748	49.701004	348.1075	5.109857	233.99954	35.837967	264.6025	5.8967514	-73.947945	16.160908	0.78689426	-94.69599	73.94949	16.153847	94.69599	0.78689426	-0.23756032	0.03244477	0.078689426	-0.33821422	5729.4746	1857.6226	8967.33	0.6192026	17.972889	5.1433697	25.764671	0.061920263
86	86999	33580.82522583008	1538.5205	308.6344	1847.1549	1229.8861	450.5	1904.9231	0.0	1904.9231	1904.9231	546.0	208.81493	57.966114	275.15128	-28.029762	6.1482763	1.0118296	2.6790962	27.50557	-11.361984	-209.98878	0.07117631	0.0005164263	0.071958035	0.0702282	0.031293668	0.98883164	0.7930901	7.510813	3.9190054e-06	320.73837	14.0232115	333.53604	259.0783	320.38705	13.693957	340.31708	266.21716	246.494	13.110907	262.46252	189.66684	-73.89306	8.468567	-37.900826	-86.093025	73.89306	8.468567	86.093025	37.900826	-0.23067279	0.025756394	-0.13018851	-0.29378146	5531.901	1145.3827	7412.0083	1436.4727	17.24423	3.4777863	23.687834	4.9342523
87	87999	33993.170712947845	1209.1036	505.75363	1906.9642	724.4416	359.33334	1706.202	0.0	1706.202	1706.202	467.0	209.57643	57.49424	276.1385	-38.833252	6.0032105	0.99103934	2.6810765	27.247791	-12.819981	-210.69287	0.07169608	0.0004836454	0.07253097	0.07074821	-0.023592422	0.98300683	0.7907591	9.827416	1.5497208e-06	304.65042	60.861652	354.35126	3.5668838	301.25052	62.896866	353.8628	3.5668838	240.06786	34.465164	264.71735	14.76641	-61.18266	41.261215	99.811455	-94.53609	70.43763	22.007845	99.811455	0.26365113	-0.16535012	0.20459159	1.2946947	-0.30017427	5445.805	2318.4636	9962.327	0.06951191	17.892403	8.8136215	75.627014	0.00027835945
88	88999	34407.845584630966	1406.7793	537.9319	1944.7112	868.8474	420.0	1707.9656	0.0	1707.9656	1707.9656	498.0	209.76324	57.796707	277.57214	-48.331066	5.8781023	0.9987944	2.6864483	23.824236	-9.52825	-210.89807	0.070873946	0.0005010457	0.071558125	0.06988047	-0.0031389266	0.9824277	0.79229844	8.92136	2.9802322e-07	321.79727	21.77555	358.5267	253.66742	321.17245	20.846537	356.7514	246.25453	246.60257	13.829254	266.47632	188.71509	-74.569824	15.755577	-15.299239	-94.99376	74.569824	15.755577	94.99376	15.299239	-0.23068696	0.042993788	-0.062127747	-0.2982861	5808.8975	1963.348	9023.814	234.06673	17.851566	5.599839	26.049177	0.9505073
89	89999	34820.28316664696	1758.4185	857.55963	2615.978	900.8588	498.0	2663.5088	0.0	2663.5088	2663.5088	780.0	210.13481	57.91301	277.32196	-36.243244	5.869022	1.0008634	2.7039416	25.640617	-10.92901	-211.26619	0.07124948	0.00023347768	0.07168688	0.07063303	0.0023325728	0.9844781	0.79519475	9.283284	1.8775463e-06	327.26114	17.905401	349.87354	255.00032	324.7143	15.705243	350.39706	260.26276	248.24309	13.30264	267.16656	189.05511	-76.47124	4.9646225	-62.147503	-88.85108	76.47124	4.9646225	88.85108	62.147503	-0.23564741	0.012791061	-0.1962099	-0.27799538	5872.497	755.67896	7894.5146	3862.312	18.060406	1.9089226	23.332857	12.19506
90	90999	35227.320182323456	1423.8175	221.26306	1665.0833	1130.6183	396.66666	2450.5693	0.0	2450.5693	2450.5693	724.0	210.71208	57.95744	280.84937	-32.948074	5.9112678	1.0077379	2.6982563	24.893803	-11.44033	-211.85367	0.07042544	0.00043018747	0.07166684	0.06979667	0.02048692	0.98396295	0.7965443	7.6272955	1.2814999e-06	300.676	51.372868	335.39478	4.854967	298.40582	50.5967	337.4753	4.854967	239.98674	37.24534	265.4135	14.052589	-58.41912	20.804262	9.197622	-80.8145	58.4886	20.608116	80.8145	0.19269587	-0.18656085	0.076626495	0.9197622	-0.28810662	3845.6113	1935.7059	6530.9834	0.0371317	12.285197	6.068394	22.517174	0.0007385298
91	91999	35641.66687512398	1231.7617	426.05283	1657.8146	805.7089	361.0	1485.059	0.0	1485.059	1485.059	419.0	210.86447	58.442753	281.73956	-35.77032	5.9708166	1.0065763	2.7011962	26.69696	-13.76289	-211.98488	0.0725132	0.00037590996	0.07320441	0.07167357	0.017362934	0.98413825	0.794847	7.303315	7.4505806e-07	297.2608	62.420902	351.08356	4.733237	293.32944	61.876568	348.68906	4.733237	230.77545	44.03896	268.7535	9.138349	-62.553944	21.663921	6.4441876	-91.11091	62.65592	21.367184	91.11091	0.28539166	-0.2013399	0.07184396	0.60608315	-0.2875508	4382.3213	2167.73	8301.197	0.0814484	13.9512415	6.3326483	24.416311	0.0011139379
92	92999	36054.060067653656	2068.5881	738.9558	2807.544	1329.6323	590.0	3260.3657	0.0	3260.3657	3260.3657	1000.0	211.67984	58.083466	280.36856	-45.671185	6.0063477	1.0058882	2.691337	27.073252	-13.044273	-212.78424	0.07265022	0.00031308652	0.073314466	0.07207634	0.01547674	0.9866355	0.7963041	7.215255	1.6093254e-06	287.32916	74.19347	356.1199	2.9669428	279.92117	73.89925	340.938	2.9669428	242.05914	36.115646	276.90265	5.3033304	-37.86204	64.43675	244.48528	-85.468994	64.95508	36.965755	244.48528	0.029723069	0.14154196	1.9265616	22.998514	-0.32817665	5585.6284	7893.1294	59773.055	0.00088346086	74.10974	426.6927	5289.3164	3.4199652e-06
93	93999	36479.674835920334	1229.1473	322.59866	1614.3993	824.8836	357.0	3195.7495	0.0	3195.7495	3195.7495	953.0	211.70982	58.010353	281.6971	-32.525356	5.9875526	1.0156945	2.6824274	26.106419	-9.578438	-212.80663	0.07401434	0.00052880024	0.07518354	0.0730343	0.04090577	0.9852116	0.79067034	7.9054995	1.9967556e-06	308.59244	50.217834	343.173	5.242176	310.65656	51.758	346.15347	5.242176	239.2984	34.19096	261.85104	14.9267235	-71.35816	22.51411	9.684547	-91.143265	71.51052	22.025417	91.143265	0.3334362	-0.21911961	0.081249714	0.9684547	-0.30113477	5598.873	2228.088	8307.095	0.111179695	17.195131	6.4523816	24.886793	0.0014000627
94	94999	36893.56951594353	813.4715	86.62859	899.7913	695.0226	249.66667	3185.236	0.0	3185.236	3185.236	1000.0	211.42165	58.171	281.27673	-40.984726	5.9120274	0.9865545	2.6669927	24.839867	-11.271167	-212.52353	0.074292555	0.0006859207	0.07514184	0.073172025	-0.034917068	0.97732794	0.788968	7.6049433	7.4505806e-07	302.0312	51.946507	350.73944	5.22616	295.0037	50.689816	347.7845	5.22616	240.24228	36.076782	277.7423	4.5798244	-54.76139	26.841406	54.121864	-86.31112	57.311687	20.848055	86.31112	0.0974838	-0.17737927	0.08866977	0.26569366	-0.38737005	3719.2712	2016.9763	7449.609	0.009503091	11.976679	6.15036	24.087997	3.420349e-05
95	95999	37305.73244595528	1774.7075	576.9119	2351.6194	1197.7955	500.5	1235.1294	0.0	1235.1294	1235.1294	342.0	211.89984	58.22281	281.62875	-35.55957	6.2882967	0.98867667	2.6590493	23.605648	-10.206429	-212.9797	0.07319864	0.00033943792	0.07386532	0.072164774	-0.029619835	0.97696406	0.78608143	8.375545	4.0233135e-07	298.98553	69.379456	346.558	4.4587154	296.03464	68.32483	342.3831	4.4587154	231.03923	49.686916	262.3871	3.4192195	-64.995415	21.420696	0.1473027	-84.764595	64.99571	21.41981	84.764595	0.1473027	-0.21328574	0.046523023	0.01473027	-0.34278843	4683.251	2094.481	7185.0366	0.021698086	14.69425	6.123272	23.055998	0.0021698086
96	96999	37715.397399663925	1441.9503	206.83179	1605.0558	1150.1204	420.33334	1414.0802	0.0	1414.0802	1414.0802	386.0	212.81682	58.058216	283.19174	-33.751892	6.231794	0.98485136	2.6734598	23.674402	-11.824144	-213.91084	0.07092712	0.00070107536	0.07215373	0.06982685	-0.039987404	0.9779523	0.78882766	7.8200364	1.2218952e-06	237.13309	75.38727	307.26794	4.502172	230.70593	73.14848	301.02673	4.502172	207.19975	59.24639	261.94965	9.929331	-23.5062	22.095469	17.922089	-62.323406	25.65727	19.556477	62.323406	0.019658549	-0.066400334	0.15474117	1.7922088	-0.24457954	1040.7512	1173.587	3884.2068	0.00038645856	4.0086927	4.397498	32.120125	2.1624921e-06
97	97999	38121.11923289299	1322.8208	436.66254	1759.4833	886.1582	364.5	1561.6613	0.0	1561.6613	1561.6613	413.0	213.38588	57.96729	283.3866	-40.455124	6.03107	1.0074719	2.6753914	24.865677	-11.434071	-214.45122	0.07080878	0.00028273213	0.0713842	0.07023985	0.01984921	0.9824589	0.79413396	8.785155	4.634261e-06	289.50443	74.33539	358.19028	3.9072564	285.90558	73.0978	350.6161	3.9072564	227.08893	51.51856	272.31918	3.998249	-58.81667	26.315142	22.63763	-88.71282	59.42195	24.918257	88.71282	0.005175515	-0.18931769	0.08353912	0.4849614	-0.29097283	4151.8877	2367.9316	7869.9644	2.6785958e-05	13.156937	7.045279	24.09581	4.484888e-07
98	98999	38531.7055106163	1554.6296	119.28351	1673.9131	1435.3461	433.5	3334.883	0.0	3334.883	3334.883	1000.0	213.9726	58.249825	284.1931	-42.008698	6.1626287	0.9951112	2.6573591	22.758095	-11.228445	-215.0545	0.07094491	0.0002650123	0.071554154	0.07050745	-0.012899384	0.9800439	0.79322463	7.118144	6.2584877e-06	283.4953	78.76269	374.83594	5.0328074	276.8407	75.40045	363.4465	5.0328074	225.05135	54.463554	280.98773	8.552471	-51.789356	27.279308	6.9834623	-95.29336	51.885452	27.096085	95.29336	0.021643402	-0.1683691	0.085571356	0.6983462	-0.2952936	3426.298	2778.3767	9080.824	0.00046843686	10.819418	7.9993267	25.364359	8.442411e-06
99	99999	38940.05514836311	2243.575	427.32513	2670.9001	1816.2499	638.0	2027.7996	0.0	2027.7996	2027.7996	544.0	214.35667	58.3728	284.8654	-48.920998	6.2416162	0.9944422	2.6583393	28.336748	-13.486312	-215.43803	0.069930434	0.00053242786	0.07073329	0.069115214	-0.014713257	0.9749032	0.7901107	8.132179	9.834766e-07	291.01544	70.3273	361.92606	4.5631685	282.00043	67.12195	344.85907	4.5631685	230.5668	49.554646	278.28583	4.240863	-51.43362	24.024977	7.438201	-86.06336	51.52405	23.830421	86.06336	0.38711745	-0.17023157	0.072204456	0.50369453	-0.29766262	3222.617	2220.227	7406.9023	0.14985992	10.362143	6.6999297	24.1441	0.0016934713
100	100999	39353.83190846443	1303.558	571.1733	2111.2437	890.16327	372.33334	1415.8563	0.0	1415.8563	1415.8563	387.0	215.16216	58.02127	285.39337	-48.045334	6.1651883	1.0056509	2.6629996	25.342709	-14.122044	-216.22914	0.07046617	0.00033479847	0.07118211	0.06977394	0.015064281	0.98069656	0.79192334	8.111375	4.3809414e-06	287.61612	75.53366	374.80206	5.134957	277.6757	72.271416	356.9326	5.134957	222.7909	53.578392	279.29956	4.512177	-54.88481	23.695723	8.306928	-93.70275	55.038807	23.335806	93.70275	0.20662354	-0.18401283	0.08092483	0.8163697	-0.29942796	3573.8296	2413.7986	8780.205	0.042693287	11.611703	6.930762	25.139996	0.0008116536
101	101999	39766.67485141754	1197.3058	197.95778	1360.9456	918.76917	330.33334	1304.3779	0.0	1304.3779	1304.3779	348.0	215.14566	58.586075	286.158	-32.90235	6.1378465	0.9987771	2.6620135	28.51373	-10.852075	-216.2031	0.069945216	0.00032433352	0.07048963	0.06931988	-0.0031829223	0.97506136	0.7928868	9.213594	9.536743e-07	314.8313	59.59214	363.12808	5.1744556	306.12155	57.592537	348.54425	5.1744556	238.19057	40.11743	272.4519	8.464306	-67.930984	21.330942	6.9843283	-85.83133	68.04643	20.95971	85.83133	0.58123755	-0.21279919	0.06432131	0.32898504	-0.31182942	5069.6265	2158.0947	7367.0166	0.33783713	15.678022	6.1727405	24.761126	0.0033059719
102	102999	40173.6868853569	1085.8207	251.05042	1410.9371	799.71515	303.33334	2478.277	0.0	2478.277	2478.277	715.0	215.54364	58.292183	287.03745	-47.01621	6.1340165	0.99841774	2.6574244	27.4092	-10.783951	-216.60023	0.06994994	0.00026807602	0.0704835	0.0694456	-0.0041519077	0.97642666	0.79461163	7.1608195	6.2584877e-07	309.35587	58.492523	355.03098	5.8713484	302.8573	57.03905	347.74826	5.8713484	238.57536	40.567802	277.50082	9.097044	-64.281944	21.779324	3.2256956	-87.54442	64.29823	21.731186	87.54442	0.46236932	-0.20482993	0.05749873	0.32256955	-0.28909856	4606.5063	2273.4836	7664.026	0.21378538	14.318137	6.6158247	22.829111	0.009353058
103	103999	40585.426416158676	1359.5015	267.53024	1716.0314	1071.585	379.0	1847.057	0.0	1847.057	1847.057	539.0	215.8371	58.560337	288.93777	-44.73268	6.041748	0.99814624	2.6581693	27.409681	-11.501891	-216.89589	0.07011759	0.0003696824	0.07071469	0.069499485	-0.0048889522	0.9771437	0.7934627	8.198816	9.000301e-06	333.69812	36.669052	372.51855	134.14084	322.71912	32.990067	361.23367	134.356	250.73244	22.551207	286.64343	115.71074	-71.98666	17.335913	-5.046573	-93.95164	71.98666	17.335913	93.95164	5.046573	-0.22033384	0.046631984	-0.028787931	-0.2928047	5482.613	1944.5372	8826.91	25.467903	16.632689	5.626148	24.883827	0.1452804
104	104999	40995.77958607674	1514.7312	272.11084	1786.842	1242.6204	423.5	1410.8152	0.0	1410.8152	1410.8152	394.0	216.49979	58.715347	287.6236	-42.31904	6.087628	1.0041547	2.6668632	24.82849	-12.25234	-217.5435	0.06993927	0.00021866904	0.0704307	0.06946536	0.011080136	0.98401684	0.79614276	8.851355	8.940697e-07	272.39835	72.83613	337.87668	4.303387	266.83994	71.516075	334.62955	4.303387	226.91608	52.944717	276.38782	7.015264	-39.923824	27.933922	18.418375	-79.915924	41.533695	25.478777	79.915924	0.022107862	-0.12926869	0.10707668	0.82841116	-0.37573978	2374.2156	2125.034	6386.5557	0.00048875756	7.7902226	6.625513	22.541655	3.5461013e-05
105	105999	41404.58929467201	1206.409	350.4536	1666.1761	816.25305	341.66666	1258.7682	0.0	1258.7682	1258.7682	345.0	216.45692	58.871532	288.2446	-55.916107	6.0988107	0.99625707	2.656493	27.612684	-11.240129	-217.4875	0.0703844	0.00032022188	0.07105501	0.06984861	-0.009888149	0.9820409	0.7958234	7.2721777	2.682209e-07	292.16074	72.242836	350.45636	5.45392	285.1892	70.02261	344.42728	5.45392	226.07024	53.113705	268.68756	2.8783221	-59.119	20.949284	0.68911594	-84.32766	59.120117	20.94614	84.32766	0.68911594	-0.20300725	0.049446024	0.06891159	-0.51091504	3933.9285	2028.336	7111.1543	0.47488075	12.749567	5.8885126	23.27066	0.047488075
106	106999	41815.91053080559	1333.621	185.7298	1537.2163	1088.1047	375.33334	3352.7852	0.0	3352.7852	3352.7852	1000.0	216.85858	59.06303	288.0356	-45.63326	6.0086446	1.0004377	2.6563983	24.685349	-12.839856	-217.85768	0.069529146	0.00042475847	0.07018664	0.06849435	0.0012554569	0.97918195	0.79439014	7.9614086	5.9604645e-07	299.93005	72.26729	362.7465	5.199984	291.09863	69.7061	347.9546	5.199984	232.36365	50.921703	270.9444	5.868254	-58.734978	24.352613	3.3914227	-87.20754	58.74554	24.327112	87.20754	0.012686328	-0.19287632	0.06383599	0.21606691	-0.40105733	4042.847	2359.0186	7605.1553	0.0001609429	12.700601	6.999841	23.990015	1.2770655e-06
107	107999	42224.55001139641	1191.7228	170.58774	1387.1191	971.487	329.66666	1950.2329	0.0	1950.2329	1950.2329	563.0	216.97807	59.208786	288.91666	-49.95369	5.9553475	0.9951392	2.6759536	25.352345	-11.799356	-218.02678	0.06968407	0.00020785409	0.070152186	0.06931094	-0.012895813	0.98626417	0.79677266	7.4160266	1.8179417e-06	313.70636	64.92292	371.79684	4.6164675	304.75446	62.107708	360.78537	4.6164675	240.41724	43.753906	285.9524	4.9526534	-64.33723	25.061659	2.567026	-93.2012	64.36689	24.985384	93.2012	0.06061144	-0.20212701	0.06621069	0.033618584	-0.29931274	4767.366	2456.9937	8686.465	0.003673747	14.592002	7.1466703	24.867115	1.5452815e-05
108	108999	42635.76327729225	1467.1941	188.66882	1655.8629	1278.5253	397.0	1391.567	0.0	1391.567	1391.567	377.0	217.56071	59.131508	288.8337	-42.391083	5.9374776	1.0049042	2.6830895	22.43597	-14.301555	-218.57082	0.06992491	0.00050118985	0.07099312	0.06910299	0.0131348595	0.99181056	0.79837155	7.651826	2.3245811e-06	300.6407	64.920815	354.3495	4.5576773	292.26877	63.066986	353.18484	4.5576773	237.50208	45.75069	271.5716	3.6608558	-54.7667	25.043386	6.016023	-89.053185	54.829044	24.906591	89.053185	0.266964	-0.17728804	0.07126275	0.17241254	-0.3689072	3626.5623	2300.6787	7930.4697	0.071269765	11.4043865	6.945414	23.049002	0.00033507549
109	109999	43042.53457450867	1265.159	190.32338	1494.3091	1028.3049	351.66666	1197.1772	0.0	1197.1772	1197.1772	332.0	217.43167	59.34764	291.63165	-44.150467	5.942317	0.9901791	2.6770594	27.725105	-12.970656	-218.41827	0.06930375	0.0004062692	0.07003542	0.06863651	-0.02614323	0.9896419	0.7974778	7.779454	5.9604645e-08	288.35355	76.00209	357.53992	5.2601666	280.2055	72.80053	342.98096	5.2601666	225.58922	54.907288	274.96216	7.899965	-54.616272	21.489319	5.0371585	-80.98463	54.657745	21.383617	80.98463	0.011788268	-0.18415666	0.062360168	0.5037158	-0.3461352	3444.728	1939.424	6558.5103	0.00013896327	11.1901045	5.8676414	23.033619	8.723723e-06
110	110999	43451.86989879608	1379.7914	255.76045	1722.2996	1107.8585	381.33334	1394.3043	0.0	1394.3043	1394.3043	364.0	217.77402	59.28046	290.74695	-37.538887	5.981387	1.0104158	2.67948	25.781292	-11.019694	-218.76979	0.070324145	0.00070804916	0.071261786	0.06885817	0.027839892	0.98937744	0.7977541	9.080562	3.5762787e-07	307.5218	66.3509	361.3368	6.0869412	298.96484	64.826515	350.32336	6.0869412	238.97258	48.186653	289.81522	10.798573	-59.992245	22.953629	7.0488033	-88.5325	60.033276	22.846106	88.5325	0.056918636	-0.19171499	0.0674664	0.47116312	-0.2918358	4125.9385	2205.9346	7838.0034	0.0032397308	12.853226	6.5576935	23.371977	6.391796e-05
111	111999	43859.73150372505	1390.1484	254.83429	1644.9828	1135.3142	394.5	1270.3706	0.0	1270.3706	1270.3706	344.0	218.06862	59.495335	291.66394	-37.82632	5.9901776	0.99405986	2.6530728	25.254284	-10.863539	-219.04633	0.070463724	0.00036316257	0.07102051	0.06940273	-0.01575609	0.9843326	0.79552823	10.296647	2.8908253e-06	312.96356	57.673874	359.87766	5.5843554	303.65338	54.921703	350.9588	5.5843554	245.05927	39.6911	287.89178	7.2201185	-58.594124	24.674097	9.083214	-86.3898	58.789227	24.20557	86.3898	0.26798525	-0.18383735	0.07384649	0.21321064	-0.29302928	4042.0828	2237.8914	7463.198	0.0718161	12.538142	6.7799115	23.767775	0.00028296205
112	112999	44263.985877513885	1172.2101	206.06723	1433.0983	929.3001	328.66666	1406.3346	0.0	1406.3346	1406.3346	389.0	217.80498	59.581013	290.78186	-43.284714	5.9615088	0.99427897	2.6665678	28.347065	-11.600994	-218.78452	0.06864339	0.00032589273	0.0693985	0.06808651	-0.015228153	0.9804755	0.7981613	10.199737	0.0	289.57526	70.4422	350.85086	4.6235433	282.92654	67.705444	340.09763	4.6235433	229.37839	52.240463	271.70807	1.3878217	-53.548157	19.651848	4.944172	-77.94057	53.559795	19.620111	77.94057	0.38626534	-0.18357259	0.052696124	0.4944172	-0.4612375	3253.6003	1807.6749	6074.7324	0.14920092	10.620604	5.4628963	21.994213	0.014586243
113	113999	44669.49983429909	1478.6139	115.16532	1639.8523	1378.0891	406.0	1359.5789	0.0	1359.5789	1359.5789	380.0	217.9087	59.53091	289.61298	-34.901608	6.038818	1.0018781	2.684956	27.651127	-10.4177475	-218.8964	0.06898993	0.00018472834	0.06947132	0.06870322	0.0050755083	0.9838527	0.79977465	10.563654	3.427267e-06	293.69687	75.89068	355.87457	5.7499156	285.7852	73.385445	339.81036	5.7499156	227.6047	54.14675	276.6221	10.024484	-58.1805	22.169773	6.2455688	-80.5341	58.26084	21.957777	80.5341	0.10668118	-0.19064774	0.07106709	0.5356976	-0.29214126	3876.4692	2040.9999	6485.742	0.0113808755	12.374542	6.090159	23.449993	0.00020526756
114	114999	45077.824488162994	1407.927	441.586	1849.5131	966.34106	393.5	1184.6023	0.0	1184.6023	1184.6023	331.0	218.14775	59.50581	291.56113	-48.95304	5.9780564	1.0039979	2.6672199	27.704945	-12.4999275	-219.119	0.06880916	0.0002726476	0.06937406	0.06826313	0.010734368	0.98335415	0.7982676	10.066146	1.3113022e-06	297.98306	72.89011	359.4047	5.238957	290.8791	69.49458	348.628	5.238957	231.34554	52.223984	286.31415	4.343227	-59.533554	21.699701	-0.89572996	-83.34652	59.533554	21.699701	83.34652	0.89572996	-0.19868106	0.04774134	-0.04507989	-0.28772286	4015.1213	2147.523	6946.6416	0.80233216	12.734012	6.2518373	22.551697	0.062147472
115	115999	45489.07540154457	1482.3447	337.32993	1834.4146	1027.5226	413.66666	1368.9786	0.0	1368.9786	1368.9786	368.0	217.99594	59.65621	291.35767	-36.262882	5.913032	0.98667276	2.661893	24.40965	-12.334812	-218.95181	0.06826939	0.00045169675	0.0693736	0.06745701	-0.03566694	0.97717524	0.7963308	9.241236	5.5879354e-07	296.9917	71.43927	357.19345	5.518098	289.16098	68.472916	345.73395	5.518098	231.87265	50.908566	280.05142	7.8892894	-57.288338	20.761631	8.161504	-82.402016	57.416855	20.403511	82.402016	0.0014664336	-0.18491349	0.07009061	0.4135067	-0.2847959	3712.9993	1851.0736	6790.0923	2.1504277e-06	11.871411	5.5290337	22.186346	2.598763e-08
116	116999	45896.87802553177	1420.2214	198.0238	1618.2452	1222.1976	374.0	1167.343	0.0	1167.343	1167.343	325.0	218.62001	59.578896	291.05356	-49.09395	6.026197	1.0015749	2.6856415	27.75853	-11.141881	-219.58365	0.068202086	0.00020511102	0.06865262	0.06782438	0.004276837	0.98330617	0.79979503	9.357884	5.90086e-06	283.26877	70.7266	346.0027	5.1877	275.53952	67.744865	334.33032	5.1877	228.56374	52.345295	272.623	6.686893	-46.975754	21.59513	8.25166	-76.87693	47.27829	20.924488	76.87693	0.0681422	-0.1591289	0.07013246	0.40959576	-0.27239466	2673.0713	1754.3823	5910.062	0.0046433597	8.845302	5.52052	20.106152	0.000112564325
117	117999	46306.555810689926	1500.7295	298.0017	1901.7172	1187.9229	404.66666	1191.3474	0.0	1191.3474	1191.3474	329.0	218.8939	59.579983	291.79105	-36.857555	6.0403223	1.0109236	2.688128	27.034533	-12.309472	-219.83372	0.06863711	0.00040153143	0.06956659	0.068022095	0.029314445	0.9894982	0.8002029	8.795681	1.1026859e-06	306.0689	69.91386	366.77362	5.3239603	297.17493	68.04782	351.51694	5.3239603	237.70772	48.882313	290.16525	9.464518	-59.46724	23.298836	8.24705	-87.36879	59.5849	22.996265	87.36879	0.07884347	-0.18520406	0.0813767	0.7749978	-0.2897891	4079.1885	2175.6902	7633.305	0.0062162927	12.661562	6.406933	23.212437	8.614092e-05
118	118999	46717.70183968544	1185.689	47.53534	1233.2242	1138.1536	318.0	1820.8234	0.0	1820.8234	1820.8234	508.0	219.24736	59.66206	291.6296	-39.440807	6.0370226	1.0047679	2.6704035	23.11771	-10.977358	-220.20584	0.06989395	0.00036025222	0.07047051	0.06923941	0.012772377	0.9903019	0.800393	8.897413	2.026558e-06	316.92053	54.274338	362.94965	5.8659425	309.23056	53.34448	357.78653	5.8659425	246.57872	37.76591	289.40833	14.289789	-62.651844	22.007435	10.917776	-92.378235	62.78707	21.618607	92.378235	0.37251508	-0.19239902	0.078039125	0.84238464	-0.2936404	4409.5806	2291.5469	8533.739	0.13876748	13.532141	6.6766095	24.13547	0.0018620779
119	119999	47126.86673808098	1998.073	364.00903	2362.082	1634.064	553.0	1430.4519	0.0	1430.4519	1430.4519	406.0	220.03905	59.66149	293.2306	-31.629612	6.1264706	0.9973375	2.688134	25.736115	-11.022456	-221.00522	0.06960458	0.00025015307	0.07005627	0.06912362	-0.00705253	0.98844904	0.79815394	11.297758	3.1404197e-06	282.3681	78.82459	348.35034	5.4943323	274.86188	75.495544	338.92514	5.4943323	224.63966	56.52949	284.35327	8.351833	-50.22225	23.232368	13.340085	-79.1863	50.626568	22.337591	79.1863	0.3038797	-0.1608661	0.10327368	0.9169112	-0.28441215	3062.017	1917.7662	6270.47	0.09234288	10.032962	5.943217	22.521545	0.0011103216
120	120999	47538.47161960602	1176.497	297.76697	1565.7317	842.7035	348.0	1366.869	0.0	1366.869	1366.869	369.0	220.09131	59.919353	293.90332	-24.528818	6.0643077	0.99457276	2.6806946	25.7795	-10.997709	-221.05484	0.069244966	0.00027100413	0.06969456	0.068706036	-0.0144339	0.9917064	0.79806614	9.357711	1.4901161e-08	285.3241	79.62166	357.0	4.9624496	278.91077	77.03162	348.30307	4.9624496	225.9924	56.437317	287.91302	6.130507	-52.918354	25.461771	13.32145	-85.66857	53.322758	24.603607	85.66857	0.0046262294	-0.16962585	0.09976251	1.0691613	-0.2977541	3448.6543	2316.8013	7339.104	2.1401998e-05	11.03854	6.8472123	24.145523	3.987589e-07
121	121999	47943.724135160446	1373.0062	197.81822	1608.8273	1124.7523	367.66666	1211.309	0.0	1211.309	1211.309	330.0	220.56209	59.692974	295.4047	-33.02244	6.049477	0.9916676	2.6738858	23.982338	-10.647036	-221.50128	0.06820808	0.00045284678	0.068993926	0.06750111	-0.022297196	0.9869276	0.7937586	10.286451	0.0	299.36322	67.58158	362.6695	5.642394	291.2424	65.33304	353.28967	5.642394	236.7805	46.6998	284.2484	13.217041	-54.46192	24.63202	14.96375	-83.69275	54.99315	23.422009	83.69275	0.5676119	-0.16860272	0.10833299	1.0005069	-0.2933994	3572.837	2296.5537	7004.4756	0.32218325	11.299073	6.6966653	23.318296	0.0032287957
122	122999	48354.32071042061	1135.2472	173.33926	1366.3986	948.9852	318.66666	1642.947	0.0	1642.947	1642.947	449.0	220.5059	59.94183	293.18054	-40.275253	6.1815157	1.0103209	2.6872063	23.882252	-10.309322	-221.4683	0.068531826	0.00026019168	0.0691706	0.06794918	0.027708996	0.9852638	0.7963018	7.7550907	5.9604645e-07	323.81653	54.90395	369.69037	5.615423	317.17618	52.22848	357.96063	5.615423	247.50104	38.394176	288.7138	7.691756	-69.67518	17.253191	2.1358573	-88.61863	69.68342	17.219866	88.61863	0.29187575	-0.21454604	0.043926913	0.20763327	-0.29119405	5152.3022	1841.7952	7853.2617	0.08519144	15.643434	5.215602	23.133307	0.0038698171
123	123999	48760.33778500557	1453.213	120.95166	1623.057	1350.7203	384.33334	1528.6652	0.0	1528.6652	1528.6652	407.0	220.98776	59.961193	293.812	-33.632256	6.1676307	0.99737066	2.6800396	26.290834	-12.384275	-221.91658	0.06949994	0.00029510353	0.07014826	0.068865195	-0.006975294	0.992618	0.79799885	7.1526747	1.7881393e-06	324.6833	57.146706	394.13663	23.573343	316.26047	54.657234	378.4111	23.343845	250.4674	37.19021	294.12213	29.131561	-65.79307	26.854109	19.553478	-99.98373	66.39682	25.32455	99.98373	0.19333695	-0.19827262	0.078076914	0.24793327	-0.2974871	5049.871	2688.63	9996.746	0.037379175	15.066593	7.627341	27.73449	0.0003574764
124	124999	49171.50145673752	1073.4937	146.97948	1265.808	909.0295	297.33334	1470.9401	0.0	1470.9401	1470.9401	386.0	220.85526	60.3536	295.0027	-36.080704	6.1056485	0.9976259	2.6931808	26.170164	-12.32506	-221.79681	0.06877541	0.00019159404	0.069134265	0.06840728	-0.006314162	0.99286485	0.8001909	8.890989	2.4810433e-06	286.5095	72.94479	346.2553	5.3362713	276.9631	70.92531	340.6836	5.3362713	230.32114	53.044083	285.6907	3.809823	-46.642	24.592743	8.471529	-80.02722	46.810238	24.27097	80.02722	0.060097817	-0.15314947	0.07807286	0.31620118	-0.28432807	2780.2788	2032.9365	6404.3555	0.0036117476	8.976928	6.423334	21.929106	8.443653e-05
