Epoch	TotalEnvInteracts	Time	AverageEpRet	StdEpRet	MaxEpRet	MinEpRet	EpLen	AverageTestEpRet	StdTestEpRet	MaxTestEpRet	MinTestEpRet	TestEpLen	AverageQ1Vals	StdQ1Vals	MaxQ1Vals	MinQ1Vals	LossQ1	AverageLogPi	StdLogPi	MaxLogPi	MinLogPi	LossPi	AverageAlpha	StdAlpha	MaxAlpha	MinAlpha	LossAlpha	AveragePreTanh	StdPreTanh	MaxPreTanh	MinPreTanh	AverageMCDisRet	StdMCDisRet	MaxMCDisRet	MinMCDisRet	AverageMCDisRetEnt	StdMCDisRetEnt	MaxMCDisRetEnt	MinMCDisRetEnt	AverageQPred	StdQPred	MaxQPred	MinQPred	AverageQBias	StdQBias	MaxQBias	MinQBias	AverageQBiasAbs	StdQBiasAbs	MaxQBiasAbs	MinQBiasAbs	AverageNormQBias	StdNormQBias	MaxNormQBias	MinNormQBias	AverageQBiasSqr	StdQBiasSqr	MaxQBiasSqr	MinQBiasSqr	AverageNormQBiasSqr	StdNormQBiasSqr	MaxNormQBiasSqr	MinNormQBiasSqr
0	999	7.371745586395264	22.293045	23.317293	132.62253	5.2394886	24.625	60.34344	0.0	60.34344	60.34344	53.0	0.0	0.0	0.0	0.0	0.0	0.0	0.0	0.0	0.0	0.0	0.0	0.0	0.0	0.0	0.0	0.0	0.0	0.0	0.0	7.096712	5.535892	27.360485	-2.5761926	10.059441	7.585509	36.065235	-0.9156942	-0.0747276	0.063183315	0.15353017	-0.30319443	-10.134169	7.564905	0.7768333	-36.092495	10.141967	7.554446	36.092495	0.034777768	-0.6980643	0.34731692	0.07768333	-1.0166988	159.92915	208.01137	1302.6681	0.0012094933	9.24126	8.274536	36.119774	0.00012094932
1	1999	9.298659086227417	20.814556	20.167421	124.153015	5.428253	23.5	60.34344	0.0	60.34344	60.34344	53.0	0.0	0.0	0.0	0.0	0.0	0.0	0.0	0.0	0.0	0.0	0.0	0.0	0.0	0.0	0.0	0.0	0.0	0.0	0.0	7.096712	5.535892	27.360485	-2.5761926	10.059441	7.585509	36.065235	-0.9156942	-0.0747276	0.063183315	0.15353017	-0.30319443	-10.134169	7.564905	0.7768333	-36.092495	10.141967	7.554446	36.092495	0.034777768	-0.6980643	0.34731692	0.07768333	-1.0166988	159.92915	208.01137	1302.6681	0.0012094933	9.24126	8.274536	36.119774	0.00012094932
2	2999	11.329318046569824	17.460537	16.582548	105.42657	5.3510084	20.979591	59.399616	0.0	59.399616	59.399616	53.0	0.0	0.0	0.0	0.0	0.0	0.0	0.0	0.0	0.0	0.0	0.0	0.0	0.0	0.0	0.0	0.0	0.0	0.0	0.0	8.233373	8.929823	41.937675	-3.47486	11.577597	11.154159	53.84074	-1.2010777	-0.077268735	0.06568207	0.16455407	-0.30520153	-11.654865	11.138743	1.0667568	-53.862137	11.668747	11.124201	53.862137	0.004323096	-0.6841661	0.35992175	0.106675684	-1.0190625	259.9075	482.7772	2901.13	1.8689158e-05	10.8001995	11.738397	53.88355	1.8689158e-06
3	3999	13.153085470199585	17.077888	8.235182	38.263966	5.8786683	22.044445	59.796833	0.0	59.796833	59.796833	53.0	0.0	0.0	0.0	0.0	0.0	0.0	0.0	0.0	0.0	0.0	0.0	0.0	0.0	0.0	0.0	0.0	0.0	0.0	0.0	9.046069	10.344884	58.180862	-0.5064567	12.620604	12.953299	71.834915	-0.72630024	-0.07845924	0.071593374	0.22800267	-0.30312753	-12.699063	12.935801	0.58159876	-71.88662	12.70052	12.934372	71.88662	0.0078225015	-0.70511425	0.34784612	0.058159877	-1.0261916	328.6012	735.21533	5167.6855	6.119153e-05	11.840158	13.523802	71.93836	6.1191527e-06
4	4999	15.073531866073608	22.184013	22.71988	109.465385	6.3513336	23.47619	60.312557	0.0	60.312557	60.312557	54.0	0.0	0.0	0.0	0.0	0.0	0.0	0.0	0.0	0.0	0.0	0.0	0.0	0.0	0.0	0.0	0.0	0.0	0.0	0.0	9.693829	9.1059	39.994812	-2.6318586	13.355648	11.939544	52.037384	-1.4091913	-0.07667764	0.06744161	0.09925501	-0.30516708	-13.432325	11.920088	1.3036335	-52.036907	13.452692	11.897098	52.036907	0.001794205	-0.7247905	0.34951058	0.13036335	-1.0178337	322.51587	512.2675	2707.8396	3.2191715e-06	12.671535	12.535307	52.03643	3.2191716e-07
5	5999	207.6885859966278	141.08511	74.33347	224.63254	45.616146	71.92857	214.21849	0.0	214.21849	214.21849	105.0	114.28676	72.45249	277.4134	-55.68155	58.84683	-0.04959027	2.1682096	13.240574	-10.646515	-122.4823	0.9103429	0.04053835	0.99970007	0.8497705	-0.07008963	0.9822563	0.6779852	5.155806	3.3527613e-08	89.92824	41.089233	140.8493	1.5958477	98.858406	45.895317	155.78685	1.5958477	212.94545	58.782227	276.84314	7.743228	114.08704	28.499138	185.10277	6.1473804	114.08704	28.499138	185.10277	6.1473804	1.7128159	1.5636476	12.121152	0.38347685	13828.054	5881.7407	34263.035	37.790283	195.58891	199.64336	1469.2233	3.7790284
6	6999	401.831271648407	303.5662	52.86162	387.5564	209.09721	141.42857	341.57214	0.0	341.57214	341.57214	154.0	275.8788	91.39475	425.84604	-75.35492	170.61613	0.97410506	2.586022	17.699482	-11.627911	-292.17892	0.8350735	0.009221462	0.84965235	0.8211987	-0.004407616	1.0757482	0.7508469	6.169156	1.9222498e-06	117.617386	48.498833	166.71028	1.586324	120.14785	52.906372	177.5089	1.586324	278.89737	136.13474	418.23114	-4.2065644	158.74953	87.53713	264.14197	-31.157473	161.56068	82.23325	264.14197	0.04657059	1.1688228	0.8386819	4.384796	-1.1755751	32864.16	20581.475	69770.984	0.00216882	238.8434	152.15417	747.0402	0.000216882
7	7999	596.7298233509064	289.34668	53.82042	362.97583	212.40636	150.33333	427.93863	0.0	427.93863	427.93863	241.0	302.73758	107.53766	418.36386	-87.291916	122.76919	0.72785616	2.593342	18.603243	-10.4140005	-318.02942	0.80188465	0.03625723	0.8493442	0.7225331	-0.06542023	0.9977753	0.7463824	7.2840996	3.6507845e-06	117.42837	37.300495	154.9919	2.510141	127.066	43.992596	171.6892	2.510141	237.61023	109.587654	351.76508	-9.109127	110.54424	68.50425	193.94754	-21.245296	112.240906	65.68746	193.94754	0.09652669	0.7372519	0.4600019	1.3317814	-1.1619267	16912.863	11951.735	37615.65	0.009317402	111.55419	75.262985	258.29572	0.0009317402
8	8999	793.2632932662964	396.93158	25.384884	424.80484	368.8657	230.0	925.5559	0.0	925.5559	925.5559	741.0	228.75537	86.21884	352.35678	-77.457085	51.991337	0.22462933	2.587302	19.38033	-11.301289	-238.75452	0.59546584	0.06779461	0.7223362	0.4936524	-0.40905383	0.9342451	0.72586066	6.729824	1.6391277e-06	109.551414	12.744329	137.2226	62.1136	132.52849	13.435484	156.08603	77.18335	233.78575	16.731808	259.03888	169.80663	101.25726	21.793602	145.56667	17.060555	101.25726	21.793602	145.56667	17.060555	0.7856227	0.23764028	1.8859853	0.11169226	10727.994	3607.0188	21189.654	291.0625	84.18515	36.54522	274.5366	1.9055318
9	9999	985.6553707122803	428.94562	99.72417	531.9782	277.76157	280.0	311.0984	0.0	311.0984	311.0984	129.0	184.73743	59.22421	261.92593	-43.37748	34.534485	0.24942283	2.628416	19.81474	-10.256174	-192.2259	0.4242223	0.038744185	0.49348468	0.3622967	-0.6474859	0.94221544	0.7328565	6.184242	3.6507845e-07	118.63623	47.65603	169.65689	2.518145	124.7885	50.335705	179.93225	2.518145	173.65501	59.05781	242.83537	9.922917	48.866516	20.248007	92.60997	-55.73593	50.05781	17.091919	92.60997	0.22027855	0.5185779	0.65886706	9.260997	-0.5111112	2797.9182	1570.0762	8576.606	0.048522636	29.013096	54.410122	857.66064	0.00078638055
10	10999	1178.7178025245667	288.84625	37.0327	331.58066	214.8217	129.875	304.55368	0.0	304.55368	304.55368	139.0	183.59285	56.4692	253.74576	-46.309223	36.638317	0.72013986	2.7773023	20.961494	-9.366248	-190.55988	0.3401073	0.011551816	0.36221403	0.31653938	-0.30189142	1.0088501	0.78166956	7.3168736	8.419156e-07	107.968124	51.78505	165.85678	0.08111022	116.50789	56.328518	180.67303	-3.3726857	161.27206	66.074745	238.18661	-38.599426	44.764164	24.342735	123.30797	-39.768684	45.074383	23.763401	123.30797	0.3011772	0.65363955	0.9670141	6.745667	-3.9768684	2596.3992	2623.3396	15204.855	0.0907077	37.219402	69.03122	515.8198	0.002040049
11	11999	1373.0800228118896	334.54495	27.602932	363.5968	293.86557	149.66667	276.09067	0.0	276.09067	276.09067	115.0	171.06874	55.140083	242.97755	-129.95943	28.938992	0.674403	2.7882223	22.230326	-10.195169	-176.99162	0.2888434	0.01783686	0.3164794	0.25803813	-0.40702447	0.9939292	0.78594315	7.1403155	1.7285347e-06	118.07329	47.678017	167.35979	2.0182536	124.429855	50.32346	176.29066	2.0182536	149.18524	59.005634	210.53459	10.296131	24.755394	10.526503	42.878937	-4.60696	24.80705	10.404183	42.878937	0.060786754	0.24682483	0.24358633	2.2542782	-0.070912756	723.6368	472.34537	1838.603	0.0036950293	5.886879	4.3381166	50.8177	6.893951e-05
12	12999	1566.3896009922028	292.8602	82.98341	448.11212	156.10803	126.44444	291.05148	0.0	291.05148	291.05148	121.0	158.81203	51.99232	214.05524	-70.572685	25.968416	0.7768973	2.876477	24.905998	-13.588452	-163.87941	0.23641776	0.011319072	0.25797948	0.21905626	-0.3198036	1.0335726	0.807101	7.5803375	1.6540289e-06	114.6364	47.41988	168.1481	1.7459364	121.637184	50.93508	180.51907	1.7459364	129.5632	58.671158	199.35406	4.006635	7.9260287	15.180968	59.14978	-35.11094	11.885448	12.329634	59.14978	0.0036624458	0.058569755	0.14356606	0.7434602	-0.4854648	293.28372	567.8239	3498.6965	1.3413509e-05	2.1589522	4.147211	26.312681	1.2058594e-07
13	13999	1761.7708718776703	316.19635	44.28548	351.56174	222.80957	138.71428	318.23224	0.0	318.23224	318.23224	137.0	150.83127	49.673523	201.73149	-37.684193	23.622187	0.8260022	2.8808992	25.089207	-10.832118	-155.25017	0.20174472	0.008121297	0.21901812	0.18773118	-0.27711535	1.0361873	0.8052992	8.443075	1.9073486e-06	124.3554	46.661068	178.15323	2.4644399	127.19132	48.526337	183.86668	2.4644399	132.52643	51.38357	192.59149	3.4854717	5.3351064	23.170704	119.51507	-60.450924	14.629928	18.743267	119.51507	0.0064322804	0.13060789	0.8919995	11.951507	-0.4814436	565.345	1563.0723	14283.852	4.1374235e-05	14.220967	98.57162	1428.3851	3.87883e-07
14	14999	1956.8681545257568	308.4331	70.837814	391.93973	196.74646	128.375	405.16043	0.0	405.16043	405.16043	159.0	145.48492	47.407654	197.37982	-39.622337	23.328268	0.9203003	2.8939047	29.2732	-12.721012	-149.545	0.17733127	0.0046453574	0.18769808	0.17187645	-0.13656363	1.0262178	0.80708337	8.586896	4.351139e-06	134.89517	51.169746	199.07242	3.5613735	132.59242	51.526695	198.64703	3.5613735	139.3467	44.437527	187.65909	11.277132	6.7542887	20.974493	59.626705	-52.296135	17.39938	13.520774	59.626705	0.014648676	0.16144966	0.4755113	5.372167	-0.37198922	485.54977	676.62756	3555.3438	0.0002145837	7.022767	19.331419	288.6018	2.3266707e-06
15	15999	2153.565460205078	349.71814	32.352703	390.59293	304.08307	147.83333	323.5783	0.0	323.5783	323.5783	134.0	145.79121	47.249157	195.94504	-42.32308	22.698273	1.0324637	2.9247248	27.233023	-11.693086	-149.67383	0.17663315	0.0023630802	0.17991236	0.17239171	0.0564842	1.0589123	0.82753897	10.389569	2.3543835e-06	125.135284	54.28175	185.07346	2.3805	124.97849	56.58269	185.55806	2.3805	139.12666	50.810135	193.65768	-4.738101	14.148173	15.980937	62.97845	-14.496385	15.0594635	15.125268	62.97845	0.007948846	0.2517666	0.53308576	3.9590921	-0.78373384	455.56116	791.7249	3966.2852	6.318414e-05	10.156731	24.819801	160.64742	3.489814e-07
16	16999	2348.4219064712524	342.11993	26.342669	400.01004	317.11917	142.28572	299.52252	0.0	299.52252	299.52252	131.0	148.29132	48.49891	198.39119	-36.629578	23.781195	1.0148442	2.9399786	28.579824	-11.228202	-151.96234	0.18210855	0.001345996	0.18374507	0.17930111	0.025376944	1.072746	0.8339144	10.0757065	1.4901161e-07	126.057236	53.442974	188.87558	2.238476	124.92683	54.159214	187.49669	2.238476	143.73401	48.16989	192.27155	-0.24621215	18.807175	21.391317	77.59709	-43.870914	21.56427	18.608614	77.59709	0.00031686472	0.31632984	0.5605114	5.1803765	-0.28971314	811.2984	1173.1012	6021.309	1.0040325e-07	13.65893	26.14663	268.363	6.0674554e-10
17	17999	2543.779047012329	307.26773	38.163326	337.4082	218.58911	139.57143	331.65277	0.0	331.65277	331.65277	148.0	147.62596	48.18288	197.04903	-40.917152	22.620378	0.99166715	2.9140081	29.215897	-12.687134	-151.09436	0.18218702	0.0010185004	0.18401057	0.18038033	-0.014115534	1.0681398	0.8302772	10.783134	4.0698797e-07	119.48795	45.372967	175.30351	2.5116537	124.526985	49.29642	181.80966	2.5116537	133.30092	54.122166	193.93872	2.6712801	8.773934	8.538194	29.44992	-31.807316	10.454828	6.3701835	31.807316	0.0147614	0.06689609	0.093921795	0.7540961	-0.52681565	149.88268	156.98248	1011.70526	0.00021789895	1.2051493	1.4569672	13.386013	1.8518455e-06
18	18999	2740.032817363739	323.30453	20.045362	354.88675	288.5323	141.875	316.64645	0.0	316.64645	316.64645	134.0	145.79942	48.066433	195.95784	-40.046303	23.742977	0.9725963	2.9141884	29.841158	-11.781576	-149.12881	0.18035701	0.0025742708	0.18310206	0.17401806	-0.047258254	1.0674344	0.83486694	10.6293745	3.5762787e-06	130.29066	52.66101	186.10281	2.8082654	131.08574	53.1918	188.45343	2.8082654	139.87117	49.67375	190.66418	2.0198784	8.785431	15.711792	50.698437	-57.328514	13.424379	11.992924	57.328514	0.02776435	0.124290146	0.22558622	1.6528013	-0.46994373	324.04416	527.93005	3286.5586	0.0007708592	3.866491	7.142506	58.73612	4.2046036e-06
19	19999	2936.2267773151398	331.70505	16.942871	350.25912	296.9422	137.28572	350.52133	0.0	350.52133	350.52133	136.0	143.88286	47.35519	191.84329	-39.714024	20.702524	0.99155706	2.9266515	28.807476	-10.894897	-147.05782	0.17179702	0.00090048596	0.17424223	0.17070138	-0.014754425	1.0592289	0.8388419	9.21256	2.399087e-06	125.21436	52.615566	183.74951	2.5151305	122.66885	52.3005	182.34393	2.5151305	136.94055	52.83751	189.20903	1.6516721	14.271682	14.369957	52.85271	-28.152296	16.530966	11.700588	52.85271	0.030449493	0.15265106	0.19446649	1.3711156	-0.33006346	410.17657	513.13104	2793.409	0.0009271716	4.275775	5.862706	37.9793	5.231019e-06
20	20999	3132.2211439609528	342.39484	26.209932	378.1996	290.56668	135.85715	392.03235	0.0	392.03235	392.03235	151.0	143.98438	47.707203	192.00764	-38.33498	21.28691	0.9804184	2.8980207	27.98627	-10.681233	-146.96019	0.16876025	0.0017947466	0.17202108	0.16604927	-0.034688476	1.0490805	0.8317171	10.544998	4.7683716e-07	141.17207	55.644405	202.21269	2.6031327	142.4109	56.85645	199.81241	2.6031327	134.28697	50.53915	186.85417	2.4353924	-8.123939	12.752314	25.810705	-42.999054	13.107544	7.5373816	42.999054	0.020138107	-0.0050769616	0.2186431	1.5818933	-0.4817295	228.61986	249.25928	1848.9185	0.00040554334	2.0692239	3.0143702	25.023865	2.591728e-05
21	21999	3329.6328558921814	346.15067	22.403442	379.14597	314.13806	138.0	360.64136	0.0	360.64136	360.64136	137.0	142.04373	47.906128	190.4573	-40.571865	21.930027	0.9587591	2.8958473	29.413496	-12.268958	-144.84924	0.16118072	0.0033726527	0.16700116	0.15671472	-0.07495647	1.0378443	0.82767403	9.264008	8.940697e-08	132.42668	53.457092	183.93028	2.580342	132.8142	54.701954	187.65483	2.580342	126.46848	51.79348	182.88683	1.2676661	-6.3456993	8.871986	19.182955	-33.799397	8.603679	6.704982	33.799397	0.004513239	-0.028245764	0.13759048	1.5440444	-0.3822858	118.980064	162.73434	1142.3993	2.0369327e-05	0.99712676	1.5945286	23.840729	1.12670506e-07
22	22999	3526.2635428905487	347.59167	28.069382	400.99637	304.72736	133.375	395.10526	0.0	395.10526	395.10526	152.0	139.93765	47.57078	187.79872	-38.23687	19.677122	0.98454505	2.8850737	27.591331	-11.701654	-142.56895	0.15414426	0.001203479	0.15715337	0.15218586	-0.028697425	1.0480123	0.8342948	9.566996	6.2584877e-07	142.49377	56.509037	198.8451	3.1914613	142.29073	56.73102	199.12395	3.1914613	134.90594	46.75881	181.77513	17.095797	-7.3847847	12.552936	27.850939	-36.576977	13.107806	6.3479652	36.576977	0.0012700153	0.037231997	0.34949154	2.7367501	-0.3018859	212.11122	173.44664	1337.8754	1.6129388e-06	2.7098424	7.033421	74.89801	1.4654325e-08
23	23999	3721.255836248398	377.73297	14.838361	401.75415	360.68137	140.42857	419.61075	0.0	419.61075	419.61075	156.0	140.38467	47.80923	192.85425	-41.242558	19.500685	1.0265808	2.8672676	29.815872	-14.539003	-142.9324	0.15653534	0.0019050064	0.15963307	0.1536216	0.04935615	1.0616577	0.84117806	9.763358	2.5331974e-07	151.80417	59.404858	213.72113	2.4119418	147.68675	56.494293	204.99182	2.4119418	133.93364	51.315037	185.50636	5.338258	-13.753127	12.307395	24.274271	-47.4851	16.054174	9.104063	47.4851	0.040456794	-0.068448536	0.17519586	1.4007226	-0.3890235	340.62045	316.50302	2254.8347	0.0016367523	2.5229578	2.6352484	22.754383	9.10266e-06
24	24999	3917.4240171909332	383.1667	58.531704	456.02753	252.42162	143.42857	392.18497	0.0	392.18497	392.18497	146.0	142.63242	49.17048	194.17793	-40.781742	20.119535	0.98816085	2.8195157	27.704802	-12.233612	-145.15771	0.16012938	0.0012520374	0.1618967	0.15677574	-0.021771641	1.0584273	0.83382165	8.293468	4.954636e-07	152.14148	59.38358	223.68005	3.4298117	149.5357	57.90431	214.02533	3.4298117	137.52742	45.21536	187.67932	3.4395192	-12.008292	17.740322	39.250523	-50.92453	18.610514	10.6097555	50.92453	0.04639448	0.027083736	0.43024555	3.509533	-0.3480312	458.9181	486.92566	2593.3079	0.0021524478	4.9848285	11.04535	123.16822	1.7669701e-05
25	25999	4114.878612279892	407.9248	21.991388	444.031	368.3563	151.57143	410.72656	0.0	410.72656	410.72656	160.0	142.19882	48.854477	194.85703	-44.41438	21.365614	1.0028567	2.8028312	27.248123	-11.161575	-144.6453	0.15654585	0.000825544	0.15775466	0.15478528	0.0053415373	1.0502626	0.82952696	7.7444067	1.6838312e-06	143.23671	57.277027	211.31522	2.6267872	144.77913	57.359562	208.60971	2.6267872	134.91719	49.78229	189.48015	-2.1737869	-9.86196	12.56906	36.412376	-41.234642	13.19924	9.00109	41.234642	0.00017637662	-0.024653805	0.24526148	3.6412375	-0.4800574	255.23953	289.29935	1700.2955	3.1108712e-08	2.1661005	5.8160915	132.5861	3.1108713e-09
26	26999	4310.998336553574	451.594	43.14098	510.53455	400.55658	159.33333	441.28036	0.0	441.28036	441.28036	166.0	143.95297	49.28619	197.99684	-43.367878	20.045261	1.0207752	2.7598598	27.479546	-14.197081	-146.3835	0.15992565	0.0017498224	0.16230774	0.15728274	0.038136993	1.0470736	0.8270368	8.931265	2.0042062e-06	177.47571	62.517513	253.43553	3.5244937	167.59117	56.952843	230.03542	3.5244937	140.38882	51.179604	197.41518	-18.810875	-27.20234	15.815225	22.274418	-75.41863	27.601198	15.1083555	75.41863	0.08804734	-0.17078504	0.20880832	2.2274418	-2.261542	990.0886	985.05133	5687.97	0.007752334	6.0431504	6.2107644	51.145725	4.7127018e-05
27	27999	4507.024401187897	462.1555	41.30343	531.9601	398.05325	161.5	522.24023	0.0	522.24023	522.24023	177.0	147.59477	50.380177	203.67587	-40.805714	21.403141	1.0358653	2.731916	27.596607	-10.851523	-150.00148	0.1686873	0.0030056667	0.1722286	0.16233124	0.06424515	1.0465233	0.8295669	7.8548903	9.275973e-07	196.31474	69.43983	286.6391	3.491717	183.66765	64.81945	259.3501	3.491717	145.28404	49.818424	201.93356	-17.177118	-38.383614	24.815428	23.409075	-115.43381	39.12017	23.637247	115.43381	0.018885149	-0.18684812	0.24327539	2.3409073	-2.2154117	2089.1072	2182.9688	13324.963	0.00035664882	10.322036	9.774175	58.49459	2.4489163e-06
28	28999	4703.3836097717285	533.55054	42.977398	589.03595	482.49896	180.83333	520.4385	0.0	520.4385	520.4385	172.0	150.03589	51.773285	207.06102	-47.898964	22.300737	1.0193374	2.703595	26.322105	-12.284376	-152.4555	0.17470856	0.0017624339	0.1774422	0.1715657	0.033815887	1.0479323	0.8284387	7.752864	5.1259995e-06	180.68327	64.04677	242.87267	3.635557	170.49155	63.543873	234.99544	-2.762201	146.24338	55.475513	206.10507	-268.78687	-24.24818	21.436838	40.537125	-272.46527	27.7691	16.624964	272.46527	0.17418307	-0.17483923	1.3265802	3.0616164	-27.246529	1047.5125	2822.2158	74237.33	0.030339744	22.646667	279.31793	7423.733	0.00024544442
29	29999	4900.960801362991	551.2982	36.045647	614.3894	514.99695	185.4	743.5342	0.0	743.5342	743.5342	245.0	152.59729	52.66604	213.5724	-42.330563	21.180586	1.0123184	2.6723323	27.947216	-13.021225	-154.97163	0.17763604	0.0014238674	0.18090318	0.175836	0.021249851	1.0370361	0.8226362	8.104774	5.662441e-07	189.1344	65.593506	253.69148	4.0980496	181.32304	64.12495	244.23317	4.0980496	152.4981	52.92138	213.29803	3.794798	-28.824936	15.47308	19.301655	-63.28436	29.634974	13.858622	63.28436	0.00038245966	-0.1471424	0.12721322	1.3244966	-0.486878	1070.293	784.34424	4004.9102	1.4627541e-07	5.399027	3.4026248	17.542913	4.3512345e-09
30	30999	5096.668995141983	601.7033	81.692375	742.05865	523.16504	202.0	766.60315	0.0	766.60315	766.60315	245.0	156.38963	54.510487	238.70221	-41.34141	23.037083	1.0292426	2.6519978	26.669884	-11.578545	-158.7719	0.18488574	0.002525846	0.1895624	0.18064897	0.049408678	1.0452276	0.8206578	7.239197	9.536743e-07	186.39818	78.45279	282.28793	2.394947	169.98941	75.85786	257.17203	2.394947	169.89749	49.622185	252.46176	-7.457658	-0.09190462	69.10847	240.40501	-92.376785	54.67377	42.270172	240.40501	0.08200174	0.59591115	2.6948998	24.040503	-1.187439	4775.989	8385.937	57794.574	0.0067242854	129.15034	536.5253	5779.4575	0.0005123197
31	31999	5293.728362083435	530.76306	167.54167	776.03754	249.6128	188.0	693.32556	0.0	693.32556	693.32556	222.0	159.63768	56.17812	245.10532	-46.838497	23.41682	1.0076281	2.6286147	26.681135	-10.700183	-162.0684	0.19184646	0.000914129	0.19317141	0.18943155	0.012698153	1.0328499	0.8128206	6.885856	2.3841858e-06	208.14824	69.45535	273.18225	3.6903534	195.6016	66.12464	256.46423	3.6903534	163.96129	54.34554	235.58911	14.0494	-31.64031	17.115906	28.130823	-65.20946	32.804245	14.762963	65.20946	0.09997713	-0.12000795	0.26046684	2.7057605	-0.3149027	1294.0634	966.9524	4252.2734	0.009995426	6.593227	5.9633226	73.2114	0.00024392093
32	32999	5490.624076843262	665.8099	59.525074	742.279	561.5073	215.4	693.66156	0.0	693.66156	693.66156	218.0	162.7502	56.53649	250.21587	-51.525887	23.302776	1.0088311	2.6350176	25.098257	-12.2966795	-165.19931	0.19190662	0.00081327755	0.19435935	0.19077052	0.014572102	1.0292528	0.8108904	7.506461	1.9073486e-06	214.42433	70.29492	276.62628	4.0016603	202.88765	65.630165	264.40143	4.0016603	170.18437	54.55269	236.74332	-3.4294224	-32.70328	15.244912	23.214216	-70.69391	33.393826	13.66617	70.69391	0.21607894	-0.13952099	0.17803708	2.3214216	-0.8758977	1301.9119	898.85077	4997.6284	0.046690106	6.0803614	4.02846	53.889988	0.00046438197
33	33999	5687.2427661418915	766.55963	54.619522	822.571	707.7854	244.75	732.7851	0.0	732.7851	732.7851	227.0	166.93803	58.66182	254.07727	-53.32813	24.792376	1.0313303	2.6367543	26.409748	-12.716074	-169.44603	0.1991232	0.0037969667	0.20479502	0.1939298	0.05058532	1.0377702	0.8132537	7.393529	3.3453107e-06	211.80644	68.44137	282.12457	4.123305	204.03314	65.184265	272.1531	4.123305	172.98892	55.935387	232.15248	3.8344479	-31.04421	20.312876	16.358784	-95.694244	31.342695	19.849216	95.694244	0.000447712	-0.13733135	0.13904183	1.6358783	-0.38882637	1376.356	1563.5312	9157.388	2.0044602e-07	6.1600323	6.2221794	37.208443	2.0589992e-09
34	34999	5885.4151747226715	764.12976	42.88615	824.7748	703.61426	240.25	731.38257	0.0	731.38257	731.38257	227.0	171.16855	60.552208	262.45917	-48.15661	24.944618	1.0249485	2.6169453	25.011353	-11.288352	-173.666	0.20767583	0.003062788	0.21362786	0.20405391	0.039144274	1.0327052	0.8105924	7.1541624	1.4305115e-06	220.47795	68.37493	286.25632	4.867045	211.73964	66.62515	277.83182	4.867045	180.49274	56.602455	238.90427	-1.7785155	-31.246904	15.925611	22.821442	-67.27762	31.76006	14.875912	67.27762	0.13641292	-0.13025673	0.150383	2.282144	-0.8247835	1229.9941	922.3833	4526.278	0.018608484	5.439711	3.796872	52.08182	7.9639125e-05
35	35999	6080.3307275772095	697.82227	50.449036	783.12067	652.30615	222.5	151.50786	0.0	151.50786	151.50786	86.0	174.86955	62.015224	264.24008	-55.219906	25.000093	1.0281292	2.596007	23.597086	-11.838684	-177.372	0.21738522	0.0026717936	0.22282612	0.21309178	0.04289614	1.0350044	0.80877197	7.2166085	5.364418e-07	218.0064	66.52007	287.7659	4.310964	207.71573	62.02891	275.07053	4.310964	183.62212	53.092648	247.71323	1.4844737	-24.093624	19.208282	15.522092	-76.01316	26.399199	15.891605	76.01316	0.2773156	-0.09629714	0.1371844	1.4801189	-0.39132965	949.46094	925.33136	5778.001	0.07690394	4.1999784	3.782019	23.40072	0.001413196
36	36999	6276.544027328491	796.3242	43.273273	870.8257	764.2542	249.25	838.6984	0.0	838.6984	838.6984	280.0	177.2257	62.117207	264.7653	-55.282654	23.89659	0.98717487	2.5575924	27.556608	-9.959401	-179.71017	0.2210107	0.0012041522	0.22337389	0.21868885	-0.019327994	1.0208193	0.80208105	8.050754	6.660819e-06	214.53351	65.88355	276.50912	4.0684657	204.25708	62.40373	267.49667	4.0684657	187.38536	57.78975	259.16083	-1.1814178	-16.871708	15.022238	19.091427	-68.13399	19.32502	11.698963	68.13399	0.11308099	-0.071068	0.13410752	1.3349831	-1.0054785	510.32214	536.08484	4642.24	0.01278731	2.4901137	2.430547	19.236244	7.954116e-05
37	37999	6471.955356359482	751.97595	71.97466	856.6533	655.99335	232.0	780.4996	0.0	780.4996	780.4996	238.0	179.01524	62.625713	264.9083	-52.996254	24.57537	1.0177411	2.55641	26.05362	-10.361719	-181.43962	0.22250815	0.0024285687	0.22594827	0.2181401	0.026769651	1.024267	0.8023323	6.7950015	2.9802322e-08	227.13216	70.873405	291.65576	4.478778	218.3537	67.3379	277.36798	4.478778	191.95624	57.415176	243.13947	-4.2370996	-26.397482	12.979324	26.898	-54.010033	27.055458	11.5452175	54.010033	0.12844886	-0.11433668	0.10636469	1.3607802	-0.88263345	865.2899	609.42194	2917.0837	0.01649911	3.684723	2.2385576	18.51723	0.00029158872
38	38999	6666.868119955063	758.56555	94.26836	881.9789	616.92706	228.75	777.25336	0.0	777.25336	777.25336	235.0	181.74995	63.031666	264.2393	-53.34977	25.020754	1.0209664	2.5506704	25.982656	-12.315475	-184.1821	0.22835346	0.0026789098	0.23349325	0.22465418	0.030954018	1.0224167	0.8001194	6.6090727	5.6624413e-06	226.11751	73.34987	293.7938	5.141018	219.79382	70.117905	278.78717	5.141018	190.47945	59.008842	241.61145	1.4700167	-29.314363	13.497305	16.197172	-58.510117	29.69457	12.638898	58.510117	0.038600747	-0.115971215	0.12763679	1.6197172	-0.36710012	1041.5092	703.66235	3423.4338	0.0014900175	4.344476	2.6158004	26.234838	4.9434315e-05
39	39999	6863.360476732254	730.3325	47.719173	778.6499	639.00525	223.6	754.71484	0.0	754.71484	754.71484	231.0	184.31091	64.00024	267.05435	-48.33023	26.376608	1.0097189	2.5153103	23.179422	-11.4919615	-186.73744	0.2364728	0.0013248591	0.23880923	0.2331016	0.014123663	1.020102	0.7945451	6.926832	7.4505806e-08	229.6465	71.659996	297.1469	4.411354	222.88306	67.636505	285.11304	4.411354	197.03816	58.876087	251.57582	6.362126	-25.844868	14.411101	14.157243	-68.39983	26.343554	13.477919	68.39983	0.007291671	-0.10532784	0.091261074	1.251211	-0.33225167	875.63696	882.9581	4678.5376	5.3168467e-05	3.6121712	3.2534096	19.028326	4.9381315e-06
40	40999	7058.768967628479	785.30414	75.38695	911.4801	711.77515	240.5	883.52203	0.0	883.52203	883.52203	262.0	186.7823	64.642265	267.89902	-55.31386	25.293722	1.0071492	2.4970243	24.727448	-11.596918	-189.14143	0.23863606	0.0018142045	0.24137323	0.23546755	0.010296843	1.0148146	0.7892613	6.8922844	4.3958426e-06	229.16469	73.18809	298.44382	4.488789	224.23386	70.59845	289.66403	4.488789	191.69856	55.564316	243.68771	3.5015073	-32.535282	19.70865	18.603685	-70.98455	33.6667	17.706741	70.98455	0.08063493	-0.12052688	0.13485475	1.5595076	-0.3647784	1446.9753	1168.8649	5038.8066	0.006501992	5.748677	4.137627	24.32064	5.1796113e-05
41	41999	7255.5405786037445	777.8052	90.37821	920.7762	692.77936	237.5	810.8325	0.0	810.8325	810.8325	242.0	188.94414	65.26459	268.794	-60.278427	24.724348	0.9982656	2.4959025	23.20103	-11.994072	-191.30898	0.24028368	0.0005861802	0.2415174	0.23912837	-0.00243782	1.0154327	0.7887661	6.3205028	4.634261e-06	238.23357	73.00296	303.18716	5.0889306	230.1639	69.26319	289.7799	5.0889306	197.14204	57.350864	245.67563	4.993714	-33.02186	15.720617	22.864733	-69.395706	33.762608	14.05942	69.395706	0.064797424	-0.120539024	0.17555387	2.2864733	-0.5351036	1337.581	943.54205	4815.764	0.0041987067	5.54865	3.9694014	52.279594	7.645393e-05
42	42999	7452.239185094833	831.5153	59.144512	907.7544	741.6558	249.0	796.886	0.0	796.886	796.886	239.0	191.85443	66.31325	271.52823	-59.953724	25.945812	1.0146599	2.4997177	23.27264	-14.682279	-194.21634	0.24125579	0.0029071695	0.24608764	0.23750404	0.020828659	1.0155044	0.7859908	6.4904594	0.0	243.2468	74.4338	315.7067	4.170258	235.07199	70.737885	302.78152	4.170258	200.5725	57.245907	253.62868	5.5582304	-34.49949	19.775654	29.260578	-85.63728	35.435898	18.044056	85.63728	0.0148197515	-0.12172708	0.16321096	2.1852958	-0.29944497	1581.291	1434.4775	7333.744	0.00021962504	6.213733	5.4049296	53.440556	5.2958558e-06
43	43999	7648.546726703644	820.0691	87.24172	970.8856	761.7728	244.75	682.2705	0.0	682.2705	682.2705	211.0	193.9052	66.69568	273.8438	-52.998207	25.686188	0.9916194	2.4820945	19.517216	-11.127349	-196.24222	0.24297065	0.0013853469	0.2456362	0.24079196	-0.011792849	1.0044521	0.78189766	7.696636	1.2218952e-06	231.10022	77.00055	319.586	3.6446562	222.82559	73.46661	310.561	3.6446562	199.42172	55.42949	248.01968	-4.3898816	-23.403873	27.611076	57.40148	-83.04897	29.53413	20.92482	83.04897	0.012107562	-0.071621515	0.19169426	2.2735715	-0.9342113	1310.1129	1448.2162	6897.132	0.00014659305	5.533663	6.401719	51.691273	7.0458816e-07
44	44999	7845.785918951035	1089.0975	278.33972	1477.921	841.566	327.66666	854.5499	0.0	854.5499	854.5499	254.0	195.75421	67.16112	276.50903	-49.412323	24.925676	0.99500114	2.4696493	20.825413	-13.140375	-198.06125	0.24214001	0.0009084318	0.24331796	0.24015717	-0.007068216	1.0064343	0.7827871	7.1463337	3.5762787e-07	268.119	73.55217	331.8044	3.4825509	261.0323	72.01563	329.26428	3.4825509	223.347	51.69097	265.50183	8.415005	-37.685284	26.568007	32.58126	-90.400925	41.477135	20.14167	90.400925	0.11242149	-0.111322746	0.1540917	1.95263	-0.28970373	2126.0396	1856.2168	8172.3276	0.01263859	7.4471493	5.6752353	38.12764	6.448891e-05
45	45999	8041.986764431	950.289	92.02378	1099.8384	868.0056	281.5	1310.9	0.0	1310.9	1310.9	387.0	197.13115	68.33102	279.14856	-51.65834	27.267859	1.0054883	2.4872167	20.981232	-10.988321	-199.44127	0.24233527	0.0015616326	0.24493758	0.23972903	0.007851041	1.0055543	0.78477585	7.393182	5.930662e-06	251.6063	74.88595	323.44104	4.030093	244.18867	72.045876	312.41608	4.030093	216.22096	59.291664	276.86673	1.4439676	-27.96773	20.573511	30.573412	-69.11944	29.957256	17.550669	69.11944	0.0031467548	-0.09999437	0.11869318	1.2925413	-0.5968594	1205.4633	1156.9109	4777.4966	9.902065e-06	4.4839754	3.7631369	16.706629	1.5195785e-07
46	46999	8241.287723779678	1071.9409	98.25093	1176.3628	940.34534	318.33334	2327.301	0.0	2327.301	2327.301	738.0	198.4752	68.673775	281.1357	-58.042175	26.666721	1.0021799	2.4623334	20.125696	-11.988747	-200.71532	0.24184075	0.0003914466	0.24279474	0.24081573	0.0031247889	1.0014108	0.7818675	6.7079754	1.385808e-06	293.32117	41.991615	327.82428	5.82304	284.00156	40.89258	322.2915	5.82304	245.7909	33.1958	281.0848	23.861992	-38.210636	15.416112	18.038952	-79.73619	38.417152	14.894016	79.73619	0.05205795	-0.12645501	0.092500895	1.8038952	-0.26620767	1697.709	1149.2195	6357.8604	0.0027100302	5.8049397	3.8468642	32.54038	2.0532654e-05
47	47999	8442.710983753204	1251.6566	397.08945	1648.7461	854.5672	378.0	2643.066	0.0	2643.066	2643.066	1000.0	200.26018	69.30126	283.7977	-60.86919	24.933586	1.005163	2.4483354	19.71833	-10.487415	-202.45262	0.24442506	0.0008836904	0.24626991	0.24270482	0.0073226467	1.0035018	0.78287566	7.08672	1.7136335e-06	269.42697	20.593885	314.09467	207.58011	264.77783	21.321913	306.99493	206.37233	253.30128	10.136242	283.4265	227.88956	-11.476539	19.09818	29.831434	-60.886185	19.848467	10.123722	60.886185	0.047329154	-0.038239274	0.07243474	0.12924793	-0.20221059	496.45148	484.59616	3707.1277	0.0022400487	1.8182796	1.6656076	12.311831	9.261675e-06
48	48999	8641.21818971634	1579.8489	0.0	1579.8489	1579.8489	501.0	2772.8027	0.0	2772.8027	2772.8027	1000.0	201.85966	69.69022	284.0981	-50.441643	27.61443	1.0011702	2.4539409	19.036673	-10.628763	-204.06047	0.24473545	0.00086228515	0.24644245	0.24293226	0.0016916957	1.0067099	0.78455985	7.091155	1.9967556e-06	262.511	61.56123	308.7525	4.013851	257.34326	61.360676	303.69595	4.013851	237.37018	52.5212	272.7843	-5.7200246	-19.973093	21.28671	55.936268	-50.20679	27.010653	11.06676	55.936268	0.47050288	-0.08488991	0.15220813	0.35112426	-1.3496697	852.0485	576.7662	3128.8662	0.22137296	3.5218997	3.0427547	25.243305	0.0019733354
49	49999	8840.346187353134	2817.0803	0.0	2817.0803	2817.0803	913.0	2892.0767	0.0	2892.0767	2892.0767	1000.0	203.87686	69.45428	285.24738	-62.52143	24.910027	0.9957615	2.4383461	18.874441	-11.432447	-206.081	0.24476571	0.0013122336	0.24737309	0.24263632	-0.00592158	1.0046705	0.7825969	6.87845	2.1457672e-06	281.05435	48.101334	319.62653	4.7713265	275.95135	47.12167	315.35492	4.7713265	245.19742	37.042656	283.04544	5.638529	-30.75396	15.848753	17.217655	-61.467045	32.146915	12.7892475	61.467045	0.3099727	-0.10659527	0.056210313	0.107374914	-0.26406857	1196.989	776.7149	3778.1978	0.09608307	4.0972633	2.4850028	13.571454	0.00039190438
50	50999	9040.314190864563	2842.9263	0.0	2842.9263	2842.9263	1000.0	3024.767	0.0	3024.767	3024.767	1000.0	205.88812	69.9336	285.98996	-50.49291	25.726648	0.99990356	2.4391363	19.38737	-12.892086	-208.04121	0.24476859	0.0009116098	0.24637286	0.24308202	-8.251858e-05	1.0087337	0.78344965	6.5996923	1.013279e-06	299.66522	14.883811	320.91495	235.94482	295.50446	15.005404	313.69058	236.08284	261.87845	8.874089	281.32654	229.63846	-33.62602	10.091606	-2.189049	-58.3328	33.62602	10.091606	58.3328	2.189049	-0.11256118	0.031097587	-0.009169286	-0.18787321	1232.5497	620.2403	3402.7156	4.791936	4.0976095	1.9897023	10.959171	0.020072019
51	51999	9237.306456565857	2932.988	0.0	2932.988	2932.988	1000.0	911.91064	0.0	911.91064	911.91064	269.0	208.2175	69.76942	285.47946	-52.015385	27.136198	1.005483	2.4495885	19.335098	-10.215348	-210.34428	0.24431552	0.00087475334	0.24642564	0.24284829	0.0077504255	1.0061885	0.78381926	5.7929163	1.5497208e-06	266.58737	62.683342	319.35968	4.963037	259.97623	60.31959	311.50662	4.963037	233.38452	50.134136	269.2251	13.34884	-26.591742	15.779019	10.278532	-52.559513	26.850952	15.333773	52.559513	0.27438286	-0.092672825	0.07694096	1.0278531	-0.23268136	956.0982	837.41284	2762.5022	0.07528595	3.3288515	2.6864972	10.564821	0.0003637199
52	52999	9437.430666208267	1675.499	936.42975	2995.6233	924.3065	542.6667	2861.017	0.0	2861.017	2861.017	1000.0	210.21979	69.98233	288.08582	-47.068466	28.196	0.99521416	2.4374607	19.022713	-10.770045	-212.33307	0.24529225	0.0012593303	0.24771546	0.24334647	-0.0066837855	1.0050263	0.7825478	6.5353794	4.61936e-07	276.73923	39.481323	311.99442	5.3336554	268.18216	38.18281	304.0118	5.3336554	254.74364	33.001797	281.81738	14.86739	-13.438515	12.160753	19.445213	-59.53145	14.959341	10.232093	59.53145	0.046770617	-0.043666612	0.06575402	0.95337343	-0.20465657	328.4776	436.85022	3543.9934	0.0021874907	1.2029748	1.5385166	12.183502	8.761733e-06
53	53999	9634.992048025131	961.9719	30.440613	992.41254	931.5313	286.5	1092.293	0.0	1092.293	1092.293	334.0	211.42555	70.308975	288.64716	-51.387688	25.999243	0.99396	2.42045	19.83972	-10.51325	-213.52138	0.24288203	0.001880203	0.24639104	0.24051017	-0.0085105365	0.99710083	0.78156555	6.4988995	6.4373016e-06	280.2163	44.318283	320.83658	5.0406265	271.411	42.72659	310.72876	5.0406265	252.50632	36.8437	280.43185	8.333162	-18.904705	12.645883	28.18858	-48.25605	20.77829	9.250345	48.25605	0.15672706	-0.06731066	0.055778634	0.32925358	-0.30491054	517.3062	414.23468	2328.6465	0.02456337	1.8754755	1.4210334	8.092876	0.00010795689
54	54999	9831.966212272644	2830.039	0.0	2830.039	2830.039	1000.0	952.05115	0.0	952.05115	952.05115	282.0	213.11871	70.32332	290.45508	-60.665253	26.169899	1.0081137	2.4249673	19.518238	-10.86422	-215.21606	0.2427576	0.00077088625	0.24462716	0.24094374	0.0115111545	0.99989814	0.78183967	6.0992627	2.1457672e-06	261.5784	70.08802	328.3251	3.8588588	254.18356	67.066864	318.19827	3.8588588	231.7675	56.144993	277.16916	9.982943	-22.416077	17.989626	16.334135	-66.48472	23.659403	16.319921	66.48472	0.07207376	-0.06977837	0.114107355	1.6334136	-0.21902737	826.1072	956.31665	4420.2183	0.0051946263	2.9341288	3.2211359	26.680399	7.492788e-05
55	55999	10030.273067235947	1684.0182	946.40704	3021.2383	966.30396	522.6667	1860.1902	0.0	1860.1902	1860.1902	603.0	214.68216	70.59683	290.38983	-48.437874	27.317692	0.99700683	2.4097018	19.658512	-13.498841	-216.73396	0.2446417	0.0008065659	0.24623175	0.24305327	-0.0041844808	1.0001645	0.7814876	5.7991605	1.0691583e-06	276.8876	43.511112	307.62686	5.310073	272.11887	42.17356	304.36142	5.310073	253.99925	39.110447	286.3994	9.684671	-18.119602	8.893924	4.3745985	-64.70016	18.169283	8.791984	64.70016	0.113985136	-0.0667883	0.04059512	0.43745986	-0.3492676	407.42188	376.69354	4186.1104	0.01299261	1.4679536	1.3222605	14.292993	5.216995e-05
56	56999	10227.072887182236	1454.5933	0.0	1454.5933	1454.5933	459.0	1885.082	0.0	1885.082	1885.082	587.0	215.66394	70.94252	291.5328	-46.862118	26.956053	0.9953459	2.4189916	19.604618	-11.558185	-217.70627	0.2446184	0.001561433	0.24762572	0.24182008	-0.006538482	1.0037917	0.7818405	6.442036	5.9604645e-07	290.87048	45.60546	352.5065	6.0521307	285.00015	44.065075	342.37476	6.0521307	254.2855	37.655075	291.48578	17.361263	-30.71465	14.956762	11.309133	-64.68913	30.889658	14.591894	64.68913	0.13486792	-0.10469202	0.06338654	1.1309133	-0.29011488	1167.0944	934.438	4184.6836	0.018189356	3.9400053	3.0280204	17.8233	7.118323e-05
57	57999	10425.173257827759	1695.8888	968.492	3064.8823	974.54144	535.3333	1479.7294	0.0	1479.7294	1479.7294	471.0	217.25679	70.79724	296.2026	-51.220367	27.107246	1.0050853	2.4194124	18.599613	-13.953472	-219.22552	0.24150608	0.001391411	0.24438186	0.23944242	0.007235042	1.0053053	0.783433	6.296797	2.2500753e-06	279.22568	55.38764	322.60065	5.2154717	271.5778	53.88385	313.6671	5.2154717	250.58032	45.996216	286.73135	11.111507	-20.997458	12.76166	12.771652	-53.381027	22.201117	10.529176	53.381027	0.056722723	-0.06868127	0.07528217	1.2381191	-0.22910213	603.7531	464.1335	2849.5342	0.0032174676	2.1079907	1.5967273	15.329391	4.4617867e-05
58	58999	10623.545757293701	1377.2634	150.25165	1527.5151	1227.0118	413.5	949.9977	0.0	949.9977	949.9977	301.0	218.69438	71.085335	298.59055	-52.931057	27.962883	0.9991921	2.4131968	18.955082	-10.331848	-220.67804	0.24359293	0.00068263104	0.24514522	0.24213186	-0.0010969948	0.99943125	0.7823318	5.8599415	3.0994415e-06	277.02353	43.655064	326.7026	5.1506395	270.81067	42.22917	313.46188	5.1506395	265.01535	32.705402	301.15094	10.698072	-5.7953324	18.373856	61.611206	-37.419598	14.79772	12.337418	61.611206	0.02450742	-0.010541654	0.0997843	0.58860123	-0.21964759	371.1844	678.15375	3795.9404	0.00060061365	1.7789035	4.47036	35.54969	2.39183e-06
59	59999	10820.028264760971	1632.2959	440.33344	2072.6294	1191.9625	569.0	947.84393	0.0	947.84393	947.84393	290.0	219.75258	71.18512	305.21112	-57.678673	26.217121	0.9970473	2.4177911	20.30399	-13.466344	-221.69643	0.2425989	0.00046094827	0.24379328	0.24165422	-0.00414481	1.0022513	0.7844467	6.2118855	2.3841858e-07	273.04196	51.106087	316.5867	4.698842	268.05374	49.481342	309.60126	4.698842	250.37831	42.18724	288.15036	10.431425	-17.67543	15.327022	27.87577	-66.87059	19.535952	12.871864	66.87059	0.011881542	-0.060369983	0.059556596	0.57325834	-0.22174972	547.3383	606.86346	4471.6763	0.00014117105	1.9073126	2.0258894	14.828535	5.045245e-07
60	60999	11017.672492742538	991.3911	17.744268	1016.45	977.709	293.33334	995.0185	0.0	995.0185	995.0185	290.0	220.6884	71.30047	300.07477	-52.88275	27.01098	1.0018976	2.4216077	18.911125	-12.118765	-222.58951	0.24398735	0.000971827	0.24586658	0.24212351	0.002739315	1.0020508	0.7834036	6.1840134	2.6896596e-06	297.42462	30.217943	324.2738	123.71616	291.1506	29.721027	320.627	124.231064	266.30496	23.583618	290.78854	119.50099	-24.845644	10.861869	12.924427	-60.309357	25.019781	10.454514	60.309357	0.21000853	-0.083221085	0.034116436	0.052895103	-0.20128962	735.2862	555.35815	3637.2185	0.044103585	2.4328442	1.770168	12.1396475	0.00025797248
61	61999	11214.938007831573	1194.9055	239.80597	1508.1885	925.7887	370.66666	1307.5916	0.0	1307.5916	1307.5916	405.0	221.25728	71.86578	298.5248	-49.343143	27.517483	0.9973756	2.421726	19.161688	-10.407625	-223.1755	0.24233676	0.000404383	0.24336936	0.24137808	-0.0036824474	1.0035005	0.78427005	6.2711573	7.748604e-07	282.14447	18.32086	326.94714	195.9723	277.86774	17.473486	314.96606	188.79295	269.56915	12.372205	291.49274	207.95883	-8.2985935	10.528063	24.887236	-35.63563	11.074898	7.5533705	35.63563	0.04100867	-0.028125934	0.038462803	0.105884604	-0.115518324	179.70679	232.01912	1269.8982	0.0016817111	0.6359497	0.7906328	4.0778565	6.660156e-06
62	62999	11413.647441387177	854.80194	56.450256	911.2522	798.3517	261.5	1657.9075	0.0	1657.9075	1657.9075	531.0	221.79301	71.74038	296.75717	-56.55058	28.269512	0.9928397	2.4070497	19.124075	-11.31197	-223.66943	0.24034415	0.00069922477	0.24218434	0.23905495	-0.010159584	0.9957439	0.781259	6.278501	2.5629997e-06	297.04993	13.080522	323.1379	243.53574	293.52655	11.503834	311.9801	245.97893	273.0338	9.070775	290.4593	238.9278	-20.492727	8.323838	3.3787336	-62.41971	20.502748	8.299119	62.41971	0.15223707	-0.06920905	0.026873175	0.01202958	-0.20265332	489.2381	363.01962	3896.22	0.023176126	1.6414357	1.1899049	12.649561	8.248509e-05
63	63999	11609.662955284119	1744.5538	203.87158	1948.4254	1540.6823	550.5	1527.3177	0.0	1527.3177	1527.3177	520.0	222.58746	71.55226	298.4554	-50.99988	30.124973	0.99799436	2.4210007	20.143764	-9.998483	-224.47314	0.23926854	0.0007922009	0.24100947	0.2379489	-0.002840532	1.0005215	0.7834957	6.541608	2.1457672e-06	239.99683	61.794777	316.78186	2.5057204	231.74583	60.994587	302.84396	2.5057204	268.73508	10.604282	290.27545	238.32063	36.98923	59.206066	273.80667	-42.54196	39.36703	57.652393	273.80667	0.31278253	0.5898909	2.436143	26.953224	-0.14244455	4873.5615	12528.369	74970.1	0.0978329	122.12517	634.30646	7264.763	0.00037326722
64	64999	11807.910563468933	1462.6377	749.30975	2522.3137	929.2164	477.0	911.6367	0.0	911.6367	911.6367	275.0	223.55818	71.898705	299.60168	-54.688393	30.855362	1.010569	2.429985	18.853542	-10.598363	-225.45357	0.24105984	0.0014246722	0.24299736	0.2379956	0.01511653	1.0031729	0.7847109	5.967232	3.2782555e-06	275.2065	57.6636	322.6461	4.83871	270.88458	56.42105	320.56436	4.83871	254.77507	50.35663	293.0337	15.84693	-16.109531	15.180687	21.685457	-51.662724	18.782198	11.713211	51.662724	0.14435636	-0.050592333	0.08208746	1.2364743	-0.16737792	489.97028	563.7409	2669.037	0.020838756	1.6923394	1.8605231	15.288687	0.00017725264
65	65999	12008.620141506195	1283.9497	201.14276	1485.0925	1082.807	401.5	1743.0894	0.0	1743.0894	1743.0894	568.0	224.66338	71.25506	297.12613	-45.535885	29.913473	0.99641997	2.4277873	20.323805	-10.523256	-226.53604	0.24166507	0.0007404139	0.2432449	0.23993002	-0.005044005	1.0035361	0.7838868	6.658587	3.3024698e-06	289.7569	14.523517	325.87183	240.90247	283.72556	14.1225815	318.97864	231.59508	272.95648	9.7193775	295.74872	238.10664	-10.769089	8.802998	9.860466	-36.194904	11.47554	7.859898	36.194904	0.0036499477	-0.036911286	0.029469904	0.04257632	-0.1146882	193.46603	247.55963	1310.071	1.3322117e-05	0.6562414	0.8076164	4.151129	4.6319816e-08
66	66999	12205.413856506348	1424.6239	51.20923	1475.8331	1373.4147	460.0	2498.983	0.0	2498.983	2498.983	791.0	225.15186	71.29448	297.68365	-46.268715	28.763777	0.99686897	2.4217012	20.43069	-12.045582	-227.007	0.24099168	0.0007277881	0.24237044	0.23923989	-0.0044104126	1.0029464	0.78334194	6.6194177	8.940697e-07	283.72177	45.803486	318.00388	4.5612574	278.87555	43.699726	313.1459	4.5612574	262.24673	42.598236	291.6724	6.2867475	-16.628796	10.079046	20.269402	-44.8596	17.63658	8.188719	44.8596	0.040989473	-0.06445107	0.06471994	0.172549	-0.45177662	378.104	318.30807	2012.3839	0.001680137	1.5021527	1.8798492	15.736622	6.5439685e-06
67	67999	12404.186698675156	1952.5695	238.45178	2191.0212	1714.1177	637.5	1707.242	0.0	1707.242	1707.242	545.0	225.61417	70.749054	299.33548	-44.295494	27.8053	0.9995668	2.4098728	19.78547	-11.930296	-227.46497	0.23909998	0.00056460284	0.2404097	0.23803589	-0.0005820489	1.0001386	0.78182113	7.1080813	5.9604645e-08	275.63712	43.756554	319.85867	40.805817	269.01022	42.047287	313.9031	41.17629	263.1037	33.11496	290.12543	33.33883	-5.90653	16.910358	64.41421	-40.51706	14.939516	9.8822155	64.41421	0.006224854	-0.014219651	0.070705846	0.34518108	-0.19033915	320.84732	378.99527	4149.19	3.874881e-05	1.2451489	1.7375594	22.155754	1.4073969e-07
68	68999	12600.383959770203	1164.8993	0.0	1164.8993	1164.8993	343.0	1426.0242	0.0	1426.0242	1426.0242	463.0	226.65047	70.41635	299.81635	-34.420525	28.938473	0.99387	2.401848	20.748514	-11.123691	-228.48729	0.23691127	0.0012166036	0.23977745	0.23475961	-0.008751921	1.0013906	0.7801865	5.943282	2.3394823e-06	287.86298	14.186904	310.96194	244.33142	282.44565	13.158065	304.75122	242.7124	268.1121	11.270101	293.30673	219.87318	-14.333618	8.493224	10.467356	-36.297844	14.63992	7.953627	36.297844	0.013225269	-0.050105948	0.029562082	0.03962578	-0.13553879	277.58743	239.48451	1317.5336	0.00017490773	0.9683855	0.8411356	4.8913507	6.180014e-07
69	69999	12798.829802751541	1789.3038	706.0724	2682.3608	955.93646	568.0	2837.737	0.0	2837.737	2837.737	1000.0	227.76642	70.26867	301.13782	-29.951454	29.645737	1.0114167	2.3969033	20.404802	-10.850682	-229.58481	0.23857087	0.0014337883	0.24173483	0.23597957	0.016384719	1.0091423	0.78269035	6.8839207	3.874302e-07	267.28726	56.445663	323.8104	3.7198493	258.85486	54.450348	311.82748	3.7198493	258.94873	50.118336	293.84204	5.995021	0.09385879	16.453	65.34674	-31.766853	11.331582	11.929177	65.34674	0.0041476944	0.0044660266	0.09824951	0.5357437	-0.3733933	270.71002	615.37744	4270.197	1.7203369e-05	1.4375294	3.979078	34.887005	6.763438e-08
70	70999	13000.521548748016	1518.6276	185.84253	1704.4701	1332.785	482.5	2887.0654	0.0	2887.0654	2887.0654	1000.0	229.41902	70.08435	303.9612	-23.812145	30.266949	0.9974144	2.3874693	20.866457	-12.034033	-231.23354	0.24015397	0.00059788756	0.24171749	0.23884535	-0.0036291098	1.0040547	0.7766769	7.524888	4.6491623e-06	279.9282	45.63688	318.3002	3.5137706	278.13843	45.004982	313.2124	3.5137706	268.99207	36.031593	299.3298	2.4951086	-9.146354	16.075207	76.20496	-36.081116	15.521907	10.056761	76.20496	0.017340604	-0.02349103	0.09267426	0.507931	-0.3509195	342.068	521.1827	5807.1963	0.00030069656	1.5624897	3.3922002	29.250593	1.1644979e-06
71	71999	13201.432968139648	1618.2144	375.57684	1993.7913	1242.6376	508.5	2893.282	0.0	2893.282	2893.282	1000.0	230.61264	70.648735	303.33414	-24.58878	31.169231	1.002448	2.3848813	19.748295	-12.054648	-232.43575	0.24003029	0.0010029832	0.24171832	0.23771335	0.0035210971	1.0065067	0.77850646	6.2048674	2.130866e-06	291.54086	15.052277	324.5399	231.93602	286.4356	14.159401	313.88364	225.55052	275.37	9.567657	295.4444	246.77914	-11.0655985	11.821815	24.447292	-43.45266	13.535461	8.88786	43.45266	0.05304809	-0.037131384	0.041017424	0.107406594	-0.1389495	262.20273	308.54868	1888.1335	0.0028141	0.89470226	1.0258847	6.037725	1.0238344e-05
72	72999	13400.900644779205	2833.8423	0.0	2833.8423	2833.8423	914.0	958.95636	0.0	958.95636	958.95636	278.0	231.9117	70.79859	303.26105	-23.951551	33.50394	1.0115625	2.3836863	22.779608	-11.713499	-233.7937	0.2442035	0.0009728308	0.246557	0.24166873	0.016342815	1.0048139	0.77668244	6.7087183	2.9802322e-08	279.8308	53.22306	335.01846	5.8452554	275.98004	51.769993	324.50287	5.8452554	259.25888	50.607666	299.9303	24.292467	-16.721136	13.137713	24.855722	-58.56585	17.60884	11.921605	58.56585	0.02129193	-0.05080595	0.14147477	2.1547256	-0.23702109	452.19595	583.2493	3429.959	0.00045334632	1.9227695	3.4001253	49.123062	1.7201493e-06
73	73999	13596.743602514267	1028.1926	22.759325	1060.1782	1009.08966	301.33334	1146.7618	0.0	1146.7618	1146.7618	344.0	233.02733	70.77729	305.51166	-21.571068	29.69377	0.9884817	2.3817804	20.656475	-11.152826	-234.84912	0.24355972	0.0008943235	0.24666029	0.24141996	-0.01619968	0.99891424	0.7740036	7.3481073	2.3841858e-07	255.04408	75.4368	317.04504	5.2546763	249.9258	72.6161	309.8947	5.2546763	240.06992	66.66291	300.22565	11.527632	-9.855886	12.40891	36.10012	-44.966682	14.043271	7.3420753	44.966682	0.042219684	-0.0235169	0.113673024	1.7175466	-0.22472352	251.11952	256.35413	2022.0026	0.0017825016	1.1172918	1.6178513	29.49966	7.0651026e-06
74	74999	13792.403520584106	1094.6776	139.63306	1285.1301	954.26337	324.66666	1041.5997	0.0	1041.5997	1041.5997	296.0	233.56558	71.214035	305.8861	-17.689766	32.234577	1.0042474	2.3893938	19.777922	-12.840608	-235.3804	0.24204868	0.001134259	0.24463953	0.2405327	0.0060529616	1.0044669	0.7758428	6.819396	3.6209822e-06	249.9879	75.79637	325.1432	4.6099524	243.95947	72.244316	312.2954	4.6099524	237.60878	70.15728	300.02295	15.854373	-6.3507094	11.659057	21.293736	-54.756855	8.942641	9.812964	54.756855	0.011602319	-0.011401946	0.12686324	2.1293736	-0.22021115	176.26515	363.19193	2998.3132	0.0001346138	0.86745465	2.2357464	45.34231	4.852501e-07
75	75999	13991.90081000328	1479.1925	354.97998	1834.1725	1124.2125	446.5	1299.6589	0.0	1299.6589	1299.6589	386.0	234.29654	71.14184	307.04944	-15.747153	31.663221	1.0068256	2.389134	19.681778	-12.054428	-236.12366	0.24420749	0.0013962392	0.2465071	0.241684	0.009649935	1.0010316	0.7751527	6.2966623	2.7418137e-06	288.8044	18.737713	327.12164	222.40257	283.46204	18.740849	317.88254	218.87267	281.35876	10.183341	307.19763	252.29868	-2.10329	13.006483	36.97128	-27.317427	9.776199	8.832799	36.97128	0.007947277	-0.004685966	0.048187885	0.16642478	-0.08970942	173.5924	260.36838	1366.8755	6.315922e-05	0.6336109	1.0229362	6.11744	2.2405126e-07
76	76999	14188.912185668945	1642.1594	616.6829	2258.8423	1025.4764	491.0	960.5467	0.0	960.5467	960.5467	277.0	235.4166	70.87663	309.14542	-17.06944	29.113554	0.9932895	2.3835895	19.97258	-14.316841	-237.18369	0.24371026	0.001438707	0.24686995	0.24202138	-0.009398071	0.9982476	0.77384275	6.1811395	7.8976154e-07	255.18195	75.54486	328.4216	5.093559	249.08589	72.882416	315.74042	5.093559	240.91612	67.1976	297.87317	11.944688	-8.169779	10.707994	26.11195	-57.74381	10.676252	8.211218	57.74381	0.0009661715	-0.0043672887	0.18028282	2.5739274	-0.19319305	181.40643	281.5238	3334.3474	9.334874e-07	1.1021923	3.7021964	66.25102	5.898719e-09
77	77999	14385.24882221222	2011.1985	957.07135	2968.2698	1054.1271	650.5	2896.7544	0.0	2896.7544	2896.7544	1000.0	236.69211	71.174416	309.83545	-15.502357	29.88299	0.989473	2.3805609	19.507793	-11.294344	-238.45218	0.24021646	0.0016740774	0.24371532	0.23833016	-0.014938343	0.9952068	0.7747763	6.2030444	9.23872e-07	277.90173	69.41958	348.85873	5.214804	270.73495	66.78743	338.3505	5.214804	248.77449	58.66888	301.2824	13.442114	-21.960455	20.751835	23.93375	-107.06954	24.033789	18.310581	107.06954	0.039356705	-0.065836266	0.11487409	1.5291116	-0.33392444	912.9003	1429.9211	11463.886	0.0015489503	3.1977649	4.6614146	35.753136	5.6314516e-06
78	78999	14583.93770813942	1764.1672	474.03687	2238.204	1290.1304	514.5	1330.8451	0.0	1330.8451	1330.8451	381.0	237.47423	70.91579	310.18622	-15.808137	28.49432	1.0003225	2.3952472	20.192247	-11.509053	-239.23152	0.23914553	0.0006384071	0.24036765	0.23770317	0.00050361635	0.9967231	0.7761986	7.068457	1.1324883e-06	297.51822	21.513824	347.34216	227.91599	286.2862	21.004322	329.20993	213.3813	278.4335	15.83886	310.2827	212.2564	-7.852685	17.83459	38.840225	-64.629814	15.099887	12.317903	64.629814	0.03127074	-0.024225583	0.06446234	0.17277598	-0.22853501	379.7373	604.4216	4177.013	0.0009778591	1.3352882	2.1273983	14.770175	3.5594082e-06
79	79999	14782.819555997849	1661.8701	0.0	1661.8701	1661.8701	475.0	2964.0488	0.0	2964.0488	2964.0488	1000.0	237.88542	70.66772	312.12445	-15.383989	30.420605	1.0018649	2.3800032	20.861305	-11.705487	-239.61794	0.24079776	0.0013031418	0.24311352	0.23841216	0.0027165746	0.9977314	0.77537036	6.1914625	2.9802322e-06	303.36835	19.158035	350.38995	235.81981	297.25754	18.455221	339.67374	229.63489	283.00894	11.032332	312.39148	243.54529	-14.248618	13.832386	23.46901	-66.92033	16.601027	10.897886	66.92033	0.037112806	-0.045667622	0.04550437	0.10135702	-0.21554828	394.35803	537.5707	4478.3306	0.0013773603	1.2779822	1.6961905	14.4245615	4.9635937e-06
80	80999	14980.950003385544	2051.8027	958.6116	3010.4143	1093.1912	661.5	1762.2251	0.0	1762.2251	1762.2251	507.0	238.01842	70.42995	313.10092	-14.232244	30.286274	0.9937444	2.3822284	20.373787	-11.748054	-239.71402	0.23888522	0.0011133322	0.24074946	0.23681435	-0.008932238	0.9948158	0.77749276	6.509472	2.6784837e-06	273.29385	75.39763	351.4256	2.1501873	263.15643	74.3308	340.9418	2.1501873	270.7724	36.937347	311.11523	16.6063	7.6159816	66.519844	282.41174	-82.753204	41.438587	52.590275	282.41174	0.12432206	0.4574496	2.6094136	28.241173	-0.27301627	4482.8936	12330.382	79756.39	0.015455974	119.20879	688.98	7975.6387	5.808435e-05
81	81999	15178.17000412941	1790.8301	248.92816	2039.7583	1541.902	533.5	2930.2004	0.0	2930.2004	2930.2004	1000.0	238.61125	70.13279	311.64655	-13.085694	29.477835	0.99907637	2.3890066	19.991386	-11.204445	-240.26581	0.23689719	0.0006475926	0.23828349	0.23564638	-0.001287247	0.9982631	0.77912194	6.4479036	8.419156e-07	273.72037	66.72199	345.6064	4.9958076	269.69946	64.86997	337.29733	4.9958076	256.65866	60.090446	309.07544	10.888943	-13.040791	12.283096	23.975338	-44.47936	15.539247	8.914509	44.47936	0.095901884	-0.04056295	0.099564895	2.138775	-0.2527134	320.93668	320.67194	1978.4135	0.009197171	1.2224764	1.8738072	45.74359	3.4832356e-05
82	82999	15375.491432905197	2268.8777	0.0	2268.8777	2268.8777	729.0	1570.3856	0.0	1570.3856	1570.3856	483.0	239.4612	70.279015	312.4559	-13.26708	29.44807	0.9960338	2.3878822	22.051441	-10.868183	-241.10347	0.23636676	0.0005379167	0.23747742	0.23478633	-0.0056917313	0.99775726	0.77722645	6.919052	2.7120113e-06	312.05215	26.472462	360.40076	236.97983	301.99863	24.631687	343.5133	227.70697	283.81387	11.781877	312.19788	242.21927	-18.184782	20.364614	25.34708	-70.12345	21.70224	16.565523	70.12345	0.041492455	-0.055611767	0.064543925	0.109211	-0.20632017	745.40375	829.1974	4917.2983	0.0017216237	2.32196	2.5292122	14.467882	5.9152935e-06
83	83999	15574.28592991829	2293.022	855.2096	3148.2317	1437.8125	702.5	2909.5667	0.0	2909.5667	2909.5667	911.0	240.7411	70.52367	313.7131	-12.063351	31.852844	1.0069144	2.4027622	20.077553	-12.396162	-242.4321	0.23676167	0.0012016734	0.23889402	0.23452479	0.010024549	0.9992076	0.7776066	6.0944557	7.301569e-07	294.76453	21.463465	344.56015	226.54257	288.38165	20.431866	328.44485	218.30133	285.60114	11.817021	320.50775	251.06805	-2.7805703	13.435136	38.345318	-41.758503	11.047437	8.135636	41.758503	0.02885273	-0.006631941	0.05005804	0.17450488	-0.12867287	188.23447	242.54564	1743.7725	0.00083248	0.68827707	0.9528229	6.6914454	2.761843e-06
84	84999	15770.331617832184	1346.673	89.72815	1436.4011	1256.9448	398.5	841.0959	0.0	841.0959	841.0959	252.0	241.1513	70.68048	314.2468	-10.500707	27.666367	0.99129325	2.385201	19.142391	-12.0282345	-242.77913	0.23640077	0.0012967221	0.23855726	0.23420215	-0.012544116	0.995817	0.77760947	6.4251328	3.5017729e-06	250.92343	71.74073	331.66016	4.1802664	242.38707	68.67545	323.743	4.1802664	241.48088	60.383766	299.99692	26.875057	-0.9061814	23.537527	79.2531	-67.42703	18.755629	14.250007	79.2531	0.13311286	0.04556545	0.3332497	5.0478053	-0.23560365	554.83636	798.17017	6281.0537	0.017719032	3.610623	13.676511	254.80336	6.316293e-05
85	85999	15967.245089054108	1364.2423	484.80658	2003.032	829.1696	411.0	928.0999	0.0	928.0999	928.0999	272.0	241.74826	70.60097	315.483	-9.454092	27.65018	1.0023415	2.3932414	19.75853	-10.9150505	-243.3722	0.23388368	0.0008224408	0.23557818	0.23267044	0.0034343374	0.99997437	0.7769909	8.327187	2.026558e-06	236.2183	77.37618	318.12988	4.2447453	226.83969	73.783325	311.03885	4.2447453	232.38658	67.15343	300.78934	27.175968	5.546865	23.20276	86.80542	-67.845985	19.684793	13.477561	86.80542	0.066719055	0.08431648	0.32187137	4.340328	-0.24379689	569.1358	863.8544	7535.181	0.0044514327	3.9051793	10.7330475	188.38448	1.6687583e-05
86	86999	16163.13740825653	1001.75806	52.97233	1049.2236	927.832	287.66666	877.5982	0.0	877.5982	877.5982	262.0	242.25075	70.88685	317.19803	-9.139632	28.651766	0.9933228	2.3951168	19.334286	-11.54043	-243.87753	0.23337659	0.0013944311	0.2357023	0.23097116	-0.009666962	1.0005136	0.7764474	6.611455	3.695488e-06	247.79285	76.052376	319.4501	3.9718206	238.8258	72.526024	311.73422	3.9718206	238.61815	71.06858	300.9615	12.82313	-0.2076646	15.744991	48.865097	-67.440605	12.55208	9.507532	67.440605	0.013593036	0.012209999	0.13654459	2.2015264	-0.3278454	247.94789	424.68942	4548.2354	0.00018477062	1.2114902	2.4796715	48.467186	6.399809e-07
87	87999	16358.758793830872	1061.5717	0.0	1061.5717	1061.5717	318.0	955.56146	0.0	955.56146	955.56146	270.0	242.78056	70.90432	316.87943	-7.3820567	27.989698	0.9901272	2.3804622	19.646055	-11.412153	-244.34258	0.23210643	0.0020262322	0.23460391	0.22807264	-0.014467991	1.0006955	0.775148	6.16354	9.536743e-07	257.61414	70.78034	329.1353	4.642945	252.43275	67.744446	323.81882	4.642945	243.01318	66.33177	302.7428	7.1326323	-9.419581	17.247776	33.540386	-51.116714	16.369644	10.874238	51.116714	0.0049638883	-0.03765292	0.1271618	2.0017562	-0.6123382	386.2143	426.74783	2612.9185	2.4640185e-05	1.7540457	2.7141516	43.9912	1.03941126e-07
88	88999	16555.401020765305	1437.1187	909.0778	2932.5315	647.1731	440.75	923.5023	0.0	923.5023	923.5023	281.0	243.409	70.62171	317.32187	-6.642483	28.3041	0.99637806	2.4023502	22.346937	-11.681353	-244.96332	0.2283638	0.0014129947	0.23069169	0.2260868	-0.005329801	1.0048707	0.77964216	6.5013394	6.556511e-07	256.84982	69.013725	326.1939	5.444701	246.99083	66.40605	316.69577	5.444701	247.01826	61.372932	306.41296	28.496279	0.02745614	15.981096	40.07132	-68.65273	12.691481	9.711978	68.65273	0.0249707	0.032749474	0.22419125	3.1063116	-0.24597058	255.3962	383.8065	4713.1978	0.0006235358	1.7105148	5.510826	96.49172	2.129128e-06
89	89999	16749.563925027847	915.57324	58.23683	997.27155	865.7058	265.33334	1184.6439	0.0	1184.6439	1184.6439	359.0	243.0035	71.07889	319.36758	-6.4935913	30.061708	0.9987689	2.4086468	20.3429	-10.370335	-244.56404	0.22779074	0.0013683379	0.22986124	0.22512385	-0.0017841997	1.0035117	0.7798642	6.61857	1.4603138e-06	287.5658	47.734238	334.46988	4.9194984	281.20667	45.886066	324.54715	4.9194984	276.61652	43.350266	310.73758	10.488749	-4.590166	14.307766	32.521847	-61.650383	11.574503	9.581893	61.650383	0.058458008	-0.016408853	0.071023695	0.556925	-0.35616046	225.78178	345.19516	3800.7698	0.0034173385	0.9277584	1.5158923	13.408683	1.1733637e-05
90	90999	16947.364350795746	1147.0896	453.2893	1787.956	813.4506	350.33334	1225.8376	0.0	1225.8376	1225.8376	388.0	243.36363	70.83317	319.3681	-5.277272	30.03623	0.99718934	2.4083529	19.893566	-13.475279	-244.9012	0.22625586	0.00086028787	0.22764102	0.22462623	-0.0041487296	0.999222	0.77816576	6.917116	5.2452087e-06	294.37744	28.473772	338.46518	209.5919	287.57202	27.70674	330.92813	208.74475	284.29834	12.911619	313.75574	229.04785	-3.27371	21.989174	46.485176	-52.933407	19.261894	11.1004715	52.933407	0.0029491	-0.0044637015	0.08013253	0.20939818	-0.1877196	494.241	541.18695	2801.9456	8.697191e-06	1.7653238	2.0813053	9.936638	2.9108513e-08
91	91999	17144.421853542328	995.1421	54.054195	1061.2968	924.5974	294.0	891.9897	0.0	891.9897	891.9897	268.0	242.8331	71.04296	320.36252	-4.722763	27.495586	0.99952626	2.395345	21.37328	-10.621658	-244.3246	0.22492051	0.0008155488	0.22679162	0.2232092	-0.00065792224	0.99957335	0.7785325	6.2593985	1.0430813e-06	272.60504	70.0103	336.69046	4.514803	265.71503	66.75339	323.65756	4.514803	258.47382	63.466717	309.62613	12.145966	-7.241205	16.94174	53.587887	-41.978607	14.79401	10.98157	53.587887	0.009829284	-0.023213023	0.104201764	1.1053594	-0.45636383	339.45764	465.06128	2871.6619	9.661481e-05	1.5345707	2.6091723	20.93547	3.2683445e-07
92	92999	17342.19572377205	1483.2078	336.39966	1819.6074	1146.8081	457.0	1134.0883	0.0	1134.0883	1134.0883	338.0	243.25496	70.49842	322.11694	-4.143237	27.846998	0.99702764	2.4009767	18.925709	-10.627953	-244.75348	0.22389194	0.0012017725	0.22619781	0.22165793	-0.0044097565	0.9984703	0.7783317	6.434058	1.4901161e-07	311.46918	20.719196	340.8319	237.48381	302.92358	18.218506	327.87506	234.85597	289.4384	12.108208	312.71533	242.7706	-13.48516	11.16826	17.789104	-48.349087	15.005555	9.022907	48.349087	0.004648836	-0.042832714	0.036668025	0.072015345	-0.15159343	306.57956	333.84387	2337.634	2.1611677e-05	0.98615557	1.0595148	7.3294034	7.4778725e-08
93	93999	17539.009300470352	1219.6544	417.84622	1804.2589	852.7105	370.33334	920.3352	0.0	920.3352	920.3352	276.0	243.42523	70.328735	320.22592	-3.851572	27.84487	0.99986356	2.3924818	19.688433	-11.247305	-244.9081	0.22247967	0.000865952	0.2239833	0.2207369	-0.00016428423	1.0008848	0.77838326	7.019334	3.874302e-06	256.81827	76.657166	334.68204	4.38467	249.61116	73.3931	321.6696	4.38467	246.12508	75.41778	309.55487	7.7940664	-3.4860864	17.386526	69.66311	-37.254177	14.610123	10.049302	69.66311	0.042815126	-0.027027925	0.13272725	1.4018115	-0.57704574	314.44415	405.0649	4852.948	0.0018331351	1.7308428	2.881866	24.858349	7.3025017e-06
94	94999	17737.208561182022	1336.7622	225.01971	1561.7819	1111.7424	407.0	3111.433	0.0	3111.433	3111.433	1000.0	243.5608	70.42552	318.93695	-3.6568177	28.818642	0.99832135	2.4045963	19.699339	-11.69726	-245.02812	0.22224829	0.00071754755	0.22341594	0.2205038	-0.0024667394	1.0007877	0.7781418	6.2841105	4.7683716e-07	293.0517	49.320545	332.0396	4.740147	288.61972	47.827866	320.55603	4.740147	274.17517	45.280823	306.145	8.658461	-14.444533	10.835999	21.348108	-65.34338	16.319986	7.727965	65.34338	0.01327856	-0.053249445	0.06343321	0.39183137	-0.48002777	326.06342	302.25497	4269.7573	0.00017632014	1.2339691	1.5082082	15.089688	6.374995e-07
95	95999	17936.44971060753	1297.5251	296.9497	1620.4125	903.5379	392.33334	1705.1444	0.0	1705.1444	1705.1444	525.0	243.67493	70.37855	318.6527	-3.6244287	27.00275	0.9805116	2.4019604	18.725492	-13.150764	-245.11313	0.2175546	0.0020631996	0.22249243	0.21429732	-0.029570835	1.0024362	0.77896935	6.6567316	1.9520521e-06	285.25452	58.479523	340.75687	5.153964	277.93808	56.10929	325.91733	5.153964	270.44925	51.51113	306.10358	10.152517	-7.488826	13.53633	48.86223	-34.908943	12.417463	9.226122	48.86223	0.009577194	-0.024027145	0.07750248	0.8133316	-0.28352687	239.31476	334.1576	2387.5173	9.172266e-05	1.0311552	1.9301518	18.566856	3.2702397e-07
96	96999	18131.86541724205	1085.1573	60.227375	1169.8789	1035.2003	308.0	1038.7777	0.0	1038.7777	1038.7777	309.0	243.96056	70.6261	318.64893	-3.2132096	26.2186	1.0048836	2.42606	18.924541	-14.283445	-245.4405	0.2151996	0.0015585971	0.21845984	0.21246706	0.007561063	1.0010039	0.7797575	6.736041	1.1026859e-06	262.03873	76.53074	327.81586	4.958837	254.73859	73.66868	317.21918	4.958837	246.62834	70.67674	304.0497	9.790291	-8.110271	14.191721	45.13126	-46.710278	13.764971	8.815158	46.710278	0.036893297	-0.02416532	0.116666935	1.3892369	-0.38169327	267.18143	297.018	2181.85	0.0013611154	1.2781677	1.8057137	21.7348	6.1738883e-06
97	97999	18328.043754816055	937.44916	61.567368	1042.9479	890.9633	274.25	976.3142	0.0	976.3142	976.3142	295.0	244.47633	70.11044	317.0859	-2.9277155	27.93642	1.0002115	2.41493	19.078754	-10.143445	-245.90924	0.21707083	0.0009873187	0.21869873	0.215232	0.00037267923	1.0020412	0.77951443	6.5025344	3.606081e-06	253.3155	75.75323	324.00085	4.4575825	245.98819	72.97323	313.89383	4.4575825	243.05069	69.88629	305.21698	14.046745	-2.9375036	14.253696	53.762638	-37.24831	11.246499	9.2365055	53.762638	7.010259e-05	0.02531563	0.30096588	5.3118944	-0.602926	211.79677	315.27573	2890.4214	4.914374e-09	2.4645693	12.506992	285.58145	1.7828131e-11
98	98999	18525.49601840973	1022.1231	111.71447	1134.3157	869.69507	302.33334	1084.3661	0.0	1084.3661	1084.3661	320.0	244.20282	70.13205	317.6918	-2.8166327	28.343126	0.9984519	2.4188633	18.552269	-11.541203	-245.6522	0.21651433	0.0006331748	0.21810013	0.215411	-0.0023151443	1.0023736	0.7786334	6.66228	3.5259873e-06	270.72214	67.00852	326.9914	5.1031485	262.4241	63.61307	318.1713	5.1031485	255.79637	62.26055	302.28595	12.11174	-6.6277275	8.934777	20.666714	-31.228197	9.013312	6.5205216	31.228197	0.005349883	-0.021131344	0.10853647	2.0666714	-0.25042716	123.75702	152.14818	975.20026	2.8621247e-05	0.611429	1.8121157	42.711308	1.02737715e-07
99	99999	18723.13876104355	3026.764	0.0	3026.764	3026.764	1000.0	3021.3828	0.0	3021.3828	3021.3828	1000.0	244.21426	69.853096	317.47763	-2.434201	27.04869	0.9969351	2.4161074	21.363628	-11.470995	-245.62173	0.2149195	0.00047758603	0.21612558	0.21407692	-0.0046658767	1.0008626	0.7775145	6.6322074	2.7725473e-06	267.44583	71.0417	335.81256	5.9439683	257.06323	67.84984	317.8631	5.9439683	249.21324	65.33151	305.55045	16.947163	-7.849998	9.772196	36.63743	-35.91478	10.23817	7.2317467	36.63743	0.0066795386	-0.011714453	0.20303996	3.663743	-0.24480659	157.11827	190.99394	1342.3013	4.4616238e-05	1.1648886	6.182655	134.23013	1.5267794e-07
100	100999	18922.875933408737	935.8794	68.35031	1004.2297	867.52905	275.0	3071.3538	0.0	3071.3538	3071.3538	1000.0	244.64801	69.685295	317.12912	-2.2195356	27.492407	1.00523	2.4117591	19.752853	-12.259487	-246.04416	0.2167565	0.0013766264	0.21962097	0.21394679	0.008078294	1.0028744	0.7780769	6.148822	4.0428713e-06	303.11353	42.080765	334.96817	5.890131	294.6367	40.30679	320.3969	5.890131	277.66205	37.986416	305.56354	27.17592	-16.974628	8.706819	21.28579	-45.916092	17.28385	8.075595	45.916092	0.112178855	-0.05304041	0.0849856	2.128579	-0.1775762	363.94666	307.42984	2108.2876	0.012584096	1.2955077	1.8020282	45.308483	4.743623e-05
101	101999	19121.203022241592	1631.1302	885.11957	2878.7456	919.3058	506.66666	1420.8762	0.0	1420.8762	1420.8762	454.0	245.2089	69.316795	316.563	-1.8306874	24.975586	0.98984283	2.4198325	19.264868	-11.438535	-246.57658	0.21451169	0.0010622633	0.21690583	0.21276401	-0.015572597	1.002458	0.77764535	6.763297	2.9802322e-08	301.63513	42.63051	344.66098	5.9509444	293.367	41.09278	331.7898	5.9509444	279.53195	38.02246	306.44763	23.205107	-13.835032	10.437402	28.942326	-42.14801	14.9555435	8.756669	42.14801	0.002719727	-0.04066196	0.09493031	1.7254162	-0.16958302	300.3475	330.3313	1776.4548	7.3969154e-06	1.1259714	2.1205995	46.67782	2.7281493e-08
102	102999	19318.840032339096	1093.0316	217.36447	1389.8701	875.4303	319.0	1674.7587	0.0	1674.7587	1674.7587	496.0	245.44836	69.6921	317.02148	-1.4205484	25.734634	1.013336	2.419529	19.005497	-11.925525	-246.84975	0.21566609	0.0017264953	0.2190054	0.21280706	0.020517565	1.0071464	0.7792012	6.51129	3.6768615e-06	276.47156	63.980114	341.74982	4.968928	269.45673	62.1999	332.44043	4.968928	259.0509	55.891335	305.66696	25.503765	-10.405824	12.449763	27.403982	-37.608814	13.182906	9.45985	37.608814	0.0032292753	-0.018199392	0.16402437	2.7403982	-0.15344945	263.27777	306.0782	1414.4229	1.042822e-05	1.2337047	3.6625457	75.097824	4.094143e-08
103	103999	19517.009237527847	1646.4692	477.85156	2124.3208	1168.6177	507.5	2920.7092	0.0	2920.7092	2920.7092	1000.0	246.31476	69.84938	316.85	-1.191559	26.468395	1.0016656	2.4128926	20.229313	-11.175863	-247.69553	0.21753761	0.0013082403	0.22016405	0.21582966	0.0025768576	1.0035269	0.77737606	5.8296876	2.5629997e-06	295.91782	47.27772	344.9405	6.048967	287.2922	45.447025	329.09482	6.048967	274.83838	43.32548	307.37335	42.705254	-12.453809	14.821286	48.510147	-63.24751	15.268354	11.901479	63.24751	0.0142865265	-0.03085881	0.21591514	4.8510146	-0.2115833	374.76788	635.6807	4000.2473	0.00020410484	1.7663271	9.419245	235.32343	7.513846e-07
104	104999	19715.771781921387	1271.8607	270.1106	1541.9713	1001.7501	375.0	1180.0591	0.0	1180.0591	1180.0591	358.0	246.94843	69.95208	317.0084	-0.91796315	26.844536	0.99788654	2.425339	21.091568	-10.721229	-248.30656	0.21892719	0.00071338145	0.22097288	0.21779938	-0.0031694132	1.0064905	0.77881	6.609654	2.0861626e-06	289.8559	46.31444	337.89105	4.2663145	283.63544	45.321056	321.50677	4.2663145	280.27945	40.48857	314.58826	11.54285	-3.355974	13.5474615	46.864315	-40.675636	11.305319	8.184499	46.864315	0.000641148	-0.006089014	0.059485696	0.7276535	-0.14867164	194.79626	268.35034	2196.264	4.110708e-07	0.75175667	1.1665865	11.370517	1.5301466e-09
105	105999	19914.692450284958	1186.874	130.06685	1370.791	1092.2748	344.66666	2838.0808	0.0	2838.0808	2838.0808	1000.0	247.29478	69.833206	318.4474	-0.6372582	25.278563	1.0009289	2.402476	18.259964	-11.309237	-248.65196	0.21604894	0.0012447395	0.21845606	0.21441461	0.001462058	1.0033668	0.7761186	7.467936	3.9339066e-06	305.79428	16.355062	328.02087	239.79146	300.4188	14.736163	319.5243	239.69666	291.12982	10.039323	310.1233	251.73822	-9.288945	8.925369	19.464895	-22.71261	11.895789	4.9433746	22.71261	0.06965412	-0.029831016	0.030091451	0.071169734	-0.07263077	165.94673	111.20558	515.8626	0.004851697	0.54528093	0.3606244	1.6496344	1.7732687e-05
106	106999	20111.306667089462	1386.2567	253.36464	1714.605	1097.861	409.66666	902.07153	0.0	902.07153	902.07153	268.0	247.7674	70.57414	319.384	-0.31665134	23.967546	0.99494493	2.4034817	17.933628	-12.42642	-249.09831	0.21610162	0.0009560843	0.21827582	0.2144743	-0.0076749306	0.99974114	0.7755487	8.497118	6.854534e-07	285.59555	69.82758	344.84427	4.2330694	276.03345	66.97375	329.56485	4.2330694	259.9569	62.35852	309.2063	18.007076	-16.076557	15.548323	24.243986	-72.53201	18.35092	12.78475	72.53201	0.0054968786	-0.046933383	0.12741652	2.024397	-0.4021449	500.2061	730.76355	5260.8926	3.0215675e-05	1.9048475	2.9713383	40.981827	5.407841e-07
107	107999	20309.87361264229	2927.4463	0.0	2927.4463	2927.4463	913.0	3042.0999	0.0	3042.0999	3042.0999	1000.0	248.64668	70.086876	318.75677	-0.032198958	28.527699	1.0032725	2.4120865	18.287313	-11.768651	-250.00697	0.21680541	0.0008375359	0.21813376	0.21494372	0.005042972	1.0004977	0.7771473	6.4721165	2.0712614e-06	287.6647	59.18516	344.30417	5.055197	279.94427	57.021843	329.9637	5.055197	273.28378	53.471504	311.16333	13.209522	-6.6605062	10.9400015	29.001656	-33.5864	10.649573	7.1156554	33.5864	0.038455717	-0.018719891	0.075339966	1.0778544	-0.30887252	164.04597	193.57048	1128.0461	0.0014788421	0.65874726	1.1249973	22.01486	5.0988924e-06
108	108999	20507.97505736351	1164.7577	109.59352	1319.5872	1081.262	338.0	1147.2094	0.0	1147.2094	1147.2094	338.0	248.98012	69.73118	318.4819	0.08579039	27.54305	0.99371487	2.411206	18.886662	-11.730621	-250.31653	0.2172089	0.0011634586	0.21910077	0.2152612	-0.009577753	0.99778426	0.7767078	8.3168335	2.9802322e-07	284.33136	69.79672	345.86813	5.0108666	275.49826	66.86297	330.27283	5.0108666	263.64142	61.58039	313.1471	12.558068	-11.856828	10.812253	25.599358	-36.48186	13.975927	7.88433	36.48186	0.09925114	-0.034518655	0.09500198	1.5812778	-0.30468357	257.4892	244.02531	1330.9261	0.00985079	1.0089557	1.4715774	25.004396	5.4469107e-05
109	109999	20707.39547228813	1274.4333	423.13324	1868.0747	912.38196	371.66666	2897.1604	0.0	2897.1604	2897.1604	929.0	249.0903	69.87692	319.2177	0.08612686	25.211071	0.9994638	2.4011414	18.988714	-10.89071	-250.41687	0.21626559	0.000621373	0.21757193	0.21502687	-0.00077436445	0.9983366	0.7761282	6.746702	2.0861626e-06	301.03653	43.8742	341.32312	5.4145255	291.0114	40.73379	328.15237	5.4145255	281.1889	37.28455	315.41382	13.580196	-9.822499	12.838213	23.124485	-36.484974	13.699165	8.581031	36.484974	0.033852983	-0.029416969	0.05601725	0.8165671	-0.11648555	261.3012	282.31955	1331.1534	0.0011460244	0.8751062	0.9279482	6.6678185	3.976531e-06
110	110999	20906.065871715546	1221.7488	0.0	1221.7488	1221.7488	352.0	3054.787	0.0	3054.787	3054.787	1000.0	249.41376	69.26847	318.034	0.08498652	24.713402	0.99133825	2.4026585	19.57837	-12.152894	-250.71088	0.2136433	0.0016060837	0.21625678	0.21037738	-0.013338203	0.9983714	0.7765455	6.882519	9.536743e-07	302.21375	51.730347	341.72528	4.726364	294.29453	48.51423	328.5824	4.726364	281.52942	44.084183	310.46606	13.450714	-12.765115	9.664109	15.708367	-37.929905	14.372467	7.055166	37.929905	0.05623067	-0.039325032	0.061915174	1.0533744	-0.18558595	256.34317	204.99776	1438.6777	0.0031618883	0.8714499	0.764937	11.095976	1.23203545e-05
111	111999	21102.265679597855	1548.1019	733.2537	2585.0608	1024.2426	465.0	3091.7559	0.0	3091.7559	3091.7559	1000.0	249.39401	69.55355	318.76913	0.08604202	25.4158	1.0062312	2.41322	18.656721	-12.69303	-250.70425	0.21292734	0.00073210127	0.21432024	0.21137935	0.009692816	0.9994959	0.77687794	5.865736	2.771616e-06	270.35803	69.04482	332.90466	5.073285	261.03372	65.63925	318.8194	5.073285	258.43295	61.557983	311.82196	10.626441	-2.6007934	15.524622	35.490868	-41.815224	12.500319	9.566611	41.815224	0.039073255	-0.0011132092	0.117479675	2.3099854	-0.2193373	247.77802	334.39172	1748.513	0.0015267193	1.1910135	2.3654692	53.360332	6.3019666e-06
112	112999	21297.497486829758	1201.4088	249.21718	1513.4105	903.43964	357.0	1077.0475	0.0	1077.0475	1077.0475	296.0	249.73135	69.64017	317.77252	0.08629031	24.636856	1.0023053	2.4120018	18.220032	-10.703259	-251.03328	0.21469556	0.0006012069	0.21624646	0.21358292	0.0035907845	0.9985926	0.7770332	7.1439524	2.503395e-06	272.03717	68.635994	338.7951	4.990984	262.65482	65.63391	322.77405	4.990984	256.95093	61.123947	309.05237	10.132101	-5.703892	10.5444765	33.361553	-28.645903	9.864517	6.8126116	33.361553	0.002965993	-0.004221173	0.16730158	3.3361552	-0.2151072	143.72037	170.84178	1112.9932	8.797114e-06	0.96255237	4.7340417	111.29932	5.4954054e-08
113	113999	21497.83534884453	1169.114	207.43004	1462.4601	1021.0638	343.0	3001.0974	0.0	3001.0974	3001.0974	1000.0	249.92303	69.66168	317.92575	0.086340405	27.700388	0.99647534	2.4018593	19.120289	-11.025201	-251.22041	0.21591021	0.00062532694	0.21706763	0.21379223	-0.0053918324	0.9991449	0.77585304	6.568424	4.172325e-07	288.01108	58.999058	341.2147	4.844641	279.25482	55.42758	327.51184	4.844641	272.25208	52.56754	314.2213	10.002766	-7.002734	16.26263	36.922432	-32.948734	15.136403	9.186987	36.922432	0.0035986418	-0.021442872	0.07700021	1.0522428	-0.19609784	313.51144	307.22897	1363.266	1.2950223e-05	1.160682	1.193093	11.072147	4.6789975e-08
114	114999	21696.45471096039	990.92456	58.856667	1051.3291	899.1233	284.5	2910.0356	0.0	2910.0356	2910.0356	1000.0	250.39142	69.47033	317.95776	0.08751754	26.825636	1.0074359	2.4141426	20.399559	-10.23948	-251.6739	0.21378472	0.0008300279	0.21679296	0.21255314	0.011478806	1.0009775	0.7779288	6.2880473	1.5422702e-06	310.5791	19.421606	336.76437	239.61165	301.355	17.336235	328.13647	234.33968	293.0336	10.970863	309.27203	236.66806	-8.321405	10.161144	23.307745	-44.266216	11.258566	6.763084	44.266216	0.0433769	-0.02603209	0.034055427	0.096331246	-0.15756787	172.49464	188.01662	1959.4978	0.0018815555	0.5616101	0.608982	6.974933	6.3569037e-06
115	115999	21896.709013462067	2052.6926	0.0	2052.6926	2052.6926	646.0	2855.4673	0.0	2855.4673	2855.4673	1000.0	250.32288	69.61203	317.9662	0.08769023	25.657112	0.99098074	2.4003036	19.494507	-10.701304	-251.581	0.21257281	0.0014173653	0.21660572	0.21097592	-0.013840214	0.99938303	0.77652043	6.2621384	1.7881393e-06	302.11987	21.747374	342.79147	235.45332	292.3828	18.045176	322.64517	234.98619	291.8878	11.995942	311.3968	243.67143	-0.4949742	12.605571	35.983257	-30.526115	10.197489	7.4267516	35.983257	0.016933054	0.0003618331	0.044185422	0.13699923	-0.11080997	159.14542	200.21959	1294.7948	0.0002867283	0.5557044	0.726032	4.929679	9.673842e-07
116	116999	22093.22748732567	1618.0203	262.59576	1880.616	1355.4244	472.0	2947.428	0.0	2947.428	2947.428	1000.0	250.60995	69.52719	319.05292	0.088980384	27.069387	0.9944653	2.4160762	19.781975	-11.286999	-251.8923	0.21139517	0.0008260328	0.21299723	0.20961979	-0.008542842	0.99753594	0.7758208	6.352755	1.1920929e-06	288.1035	51.92789	333.56427	4.713871	277.84497	48.57324	320.53403	4.713871	273.21548	44.797573	308.17377	8.204629	-4.629487	12.1548395	34.981422	-31.587984	11.06623	6.834533	34.981422	0.020862943	-0.016915089	0.067292295	0.34907576	-0.44401607	169.17227	196.54872	1223.6998	0.00043526237	0.73456866	1.0924718	7.1481614	1.5479486e-06
117	117999	22292.103942394257	2052.495	988.85034	3041.3455	1063.6448	648.5	2846.5098	0.0	2846.5098	2846.5098	1000.0	250.92728	69.600784	317.8163	0.087873794	25.65999	0.9957974	2.39377	20.394062	-12.313535	-252.15373	0.21050906	0.0008374705	0.21188344	0.20893852	-0.00652588	0.9922763	0.7728338	5.8082414	0.0	308.22122	49.062775	352.2254	12.532693	294.824	45.416103	332.62686	12.62544	280.59744	42.179745	308.1939	45.56736	-14.226557	11.873184	32.94192	-42.270832	15.08713	10.758529	42.270832	0.042476565	-0.040657137	0.11756973	2.60917	-0.23912598	343.36743	392.22726	1786.8232	0.0018042587	1.352831	3.431028	85.95107	6.697226e-06
118	118999	22489.062360286713	1551.0497	572.4335	2123.4832	978.6162	461.5	1084.7605	0.0	1084.7605	1084.7605	301.0	251.41663	69.0679	318.08893	0.08747733	26.794285	0.994458	2.4085786	20.72507	-10.32679	-252.6745	0.20779131	0.0008601285	0.20931146	0.20628205	-0.008668266	0.9943975	0.7738578	6.1840463	4.7683716e-07	299.27145	47.004627	342.98853	5.606043	290.56906	45.246853	333.66592	5.606043	278.26718	39.274696	307.14496	21.726904	-12.301878	12.192235	27.934275	-42.086735	15.013749	8.635633	42.086735	0.017123733	-0.034778126	0.078537256	1.612086	-0.12934613	299.98682	305.09058	1771.2933	0.00029322226	1.0470904	1.3545077	25.988216	1.0151049e-06
119	119999	22684.63850903511	1321.7533	329.35083	1651.1041	992.40247	396.0	1039.1692	0.0	1039.1692	1039.1692	296.0	251.87294	69.01784	319.33957	0.087607905	25.40029	0.9995336	2.4007998	20.975948	-11.122165	-253.12724	0.20789072	0.00070347777	0.2091873	0.20666206	-0.000689239	0.99725163	0.774702	6.8454914	4.351139e-06	272.45715	70.73941	341.5175	5.0970635	261.77194	67.5167	329.25082	5.0970635	259.21262	60.686573	308.8836	13.255188	-2.5592828	15.087698	41.81984	-46.445896	12.242308	9.18229	46.445896	0.03624193	0.01157801	0.13846545	2.204714	-0.14409629	234.18857	296.08084	2157.2212	0.0013134775	1.1343246	2.5631876	48.607643	4.564418e-06
120	120999	22880.70676088333	1857.918	199.78839	2057.7063	1658.1295	564.5	722.0604	0.0	722.0604	722.0604	210.0	252.65353	69.31546	319.793	0.08858739	24.379612	1.0041988	2.4064138	19.97147	-11.850729	-253.89278	0.20809068	0.0008848323	0.20935367	0.2066213	0.006640922	0.99587804	0.77240646	6.52048	7.1525574e-07	260.18646	74.66324	325.99017	5.470072	249.93771	70.578514	311.97977	5.470072	243.75822	66.57325	307.95596	15.271699	-6.1795244	15.016284	40.28375	-85.14058	13.029139	9.6910715	85.14058	0.01508493	0.004719475	0.19791606	2.5731168	-0.28220052	263.6753	547.5132	7248.918	0.00022755512	1.608586	4.7622223	66.2093	7.899766e-07
121	121999	23077.18638086319	1404.5127	483.26215	2087.3079	1037.4929	413.0	741.82855	0.0	741.82855	741.82855	216.0	253.51768	69.326866	319.18506	0.08830481	24.816124	1.0002468	2.406107	18.97418	-10.414988	-254.7491	0.20833139	0.0005245808	0.20978512	0.20740172	0.00042941666	0.9954645	0.772587	6.655696	5.9604645e-08	268.59012	68.269646	334.08078	4.899912	260.21732	65.7001	323.92728	4.899912	263.1624	61.66592	312.644	9.515692	2.9451034	16.841978	51.6193	-75.37635	12.810594	11.323187	75.37635	0.029153695	0.015294697	0.09725426	0.5013386	-0.30791616	292.3259	526.2476	5681.5938	0.00084993796	1.4683852	2.9236407	19.726534	2.819555e-06
122	122999	23273.3952126503	1509.5182	240.68738	1750.2056	1268.8308	441.0	3008.866	0.0	3008.866	3008.866	1000.0	253.85379	69.320244	318.6924	0.088119976	24.451128	0.9968601	2.4113526	21.047934	-10.718656	-255.103	0.20789835	0.00094667263	0.20970044	0.20656833	-0.0048854374	0.9937688	0.7735355	6.5061903	1.8030405e-06	290.5445	51.43893	335.54303	4.356048	282.8987	49.043945	324.29544	4.356048	283.66006	42.83096	315.6405	8.393431	0.76135904	17.461443	53.64314	-26.027891	13.540545	11.051483	53.64314	0.040676247	0.0073829596	0.08494814	0.4037383	-0.37883484	305.4817	537.51105	2877.5862	0.0016545572	1.3509502	2.8377745	18.476936	5.3944286e-06
123	123999	23469.79933166504	1075.0507	70.22784	1174.1597	1019.92975	305.33334	1207.7507	0.0	1207.7507	1207.7507	365.0	254.18816	69.265854	321.52994	0.08580501	25.625462	0.997228	2.407118	19.38334	-12.725352	-255.39557	0.20654489	0.00050757156	0.20752203	0.20563355	-0.0043390696	0.98980665	0.7708748	7.2314196	1.6316772e-06	254.97865	87.82982	339.9242	1.9538572	246.31812	84.671936	326.3932	1.9538572	265.7824	55.6987	308.8111	12.62904	19.46429	69.58683	282.48422	-72.79206	35.962784	62.672676	282.48422	0.028925182	0.510458	2.4797137	28.193512	-0.2558255	5221.1855	14459.802	79797.336	0.00083666615	124.892334	663.09357	7948.7407	2.916004e-06
124	124999	23665.802242040634	1274.9069	208.86185	1562.3633	1072.344	375.66666	1048.0667	0.0	1048.0667	1048.0667	308.0	254.18422	69.40388	319.794	0.08729029	25.496418	1.0020484	2.4090502	17.593826	-10.871976	-255.42003	0.207499	0.0007393991	0.2088569	0.2059511	0.0032812252	0.98997355	0.7731199	6.060148	1.0728836e-06	287.3021	69.129814	343.83936	5.0529995	276.81	65.60858	331.5862	5.0529995	259.96106	62.380367	310.7761	11.088189	-16.848915	15.263782	22.406364	-51.055847	19.255959	12.086234	51.055847	0.1248657	-0.047864214	0.13959448	2.2406363	-0.19548804	516.86896	573.2647	2606.6997	0.015591444	2.0231626	3.0451846	50.204517	0.00017176273
