Epoch	TotalEnvInteracts	Time	AverageEpRet	StdEpRet	MaxEpRet	MinEpRet	EpLen	AverageTestEpRet	StdTestEpRet	MaxTestEpRet	MinTestEpRet	TestEpLen	AverageQ1Vals	StdQ1Vals	MaxQ1Vals	MinQ1Vals	LossQ1	AverageLogPi	StdLogPi	MaxLogPi	MinLogPi	LossPi	AverageAlpha	StdAlpha	MaxAlpha	MinAlpha	LossAlpha	AveragePreTanh	StdPreTanh	MaxPreTanh	MinPreTanh	AverageMCDisRet	StdMCDisRet	MaxMCDisRet	MinMCDisRet	AverageMCDisRetEnt	StdMCDisRetEnt	MaxMCDisRetEnt	MinMCDisRetEnt	AverageQPred	StdQPred	MaxQPred	MinQPred	AverageQBias	StdQBias	MaxQBias	MinQBias	AverageQBiasAbs	StdQBiasAbs	MaxQBiasAbs	MinQBiasAbs	AverageNormQBias	StdNormQBias	MaxNormQBias	MinNormQBias	AverageQBiasSqr	StdQBiasSqr	MaxQBiasSqr	MinQBiasSqr	AverageNormQBiasSqr	StdNormQBiasSqr	MaxNormQBiasSqr	MinNormQBiasSqr
0	999	15.39592170715332	22.293045	23.317293	132.62253	5.2394886	24.625	60.34344	0.0	60.34344	60.34344	53.0	0.0	0.0	0.0	0.0	0.0	0.0	0.0	0.0	0.0	0.0	0.0	0.0	0.0	0.0	0.0	0.0	0.0	0.0	0.0	7.096712	5.535892	27.360485	-2.5761926	10.059441	7.585509	36.065235	-0.9156942	0.009748735	0.035171185	0.099477746	-0.12866113	-10.049692	7.5858088	1.002498	-36.069637	10.061951	7.56954	36.069637	0.014999996	-0.69061977	0.35094285	0.100249805	-1.0071068	158.54079	207.09332	1301.0189	0.0002249999	9.143098	8.244936	36.074043	2.249999e-05
1	1999	22.03499746322632	20.814556	20.167421	124.153015	5.428253	23.5	60.34344	0.0	60.34344	60.34344	53.0	0.0	0.0	0.0	0.0	0.0	0.0	0.0	0.0	0.0	0.0	0.0	0.0	0.0	0.0	0.0	0.0	0.0	0.0	0.0	7.096712	5.535892	27.360485	-2.5761926	10.059441	7.585509	36.065235	-0.9156942	0.009780718	0.03514755	0.0994506	-0.12853196	-10.04966	7.585814	1.0024629	-36.069603	10.06192	7.5695443	36.069603	0.01501014	-0.690617	0.3509439	0.10024628	-1.0070965	158.54024	207.09299	1301.0162	0.0002253043	9.143059	8.244923	36.07397	2.253043e-05
2	2999	28.576454877853394	17.460537	16.582548	105.42657	5.3510084	20.979591	59.399616	0.0	59.399616	59.399616	53.0	0.0	0.0	0.0	0.0	0.0	0.0	0.0	0.0	0.0	0.0	0.0	0.0	0.0	0.0	0.0	0.0	0.0	0.0	0.0	8.233373	8.929823	41.937675	-3.47486	11.577597	11.154159	53.84074	-1.2010777	0.008586171	0.036366098	0.11322056	-0.15377514	-11.569011	11.157715	1.2397009	-53.869762	11.590458	11.135435	53.869762	0.0017163542	-0.676717	0.3640336	0.12397009	-1.0067596	258.3366	481.35855	2901.9514	2.9458718e-06	10.705821	11.711615	53.898804	2.9458718e-07
3	3999	35.05570316314697	17.077888	8.235182	38.263966	5.8786683	22.044445	59.796833	0.0	59.796833	59.796833	53.0	0.0	0.0	0.0	0.0	0.0	0.0	0.0	0.0	0.0	0.0	0.0	0.0	0.0	0.0	0.0	0.0	0.0	0.0	0.0	9.046069	10.344884	58.180862	-0.5064567	12.620604	12.953299	71.834915	-0.72630024	0.010119505	0.036470752	0.123780385	-0.1340792	-12.610485	12.9557085	0.6779802	-71.85502	12.615066	12.951248	71.85502	0.02414786	-0.69742775	0.35136372	0.06779802	-1.0063032	326.87473	733.9819	5163.144	0.00058311917	11.733473	13.508446	71.87514	5.8311914e-05
4	4999	41.57323241233826	22.184013	22.71988	109.465385	6.3513336	23.47619	60.312557	0.0	60.312557	60.312557	54.0	0.0	0.0	0.0	0.0	0.0	0.0	0.0	0.0	0.0	0.0	0.0	0.0	0.0	0.0	0.0	0.0	0.0	0.0	0.0	9.693829	9.1059	39.994812	-2.6318586	13.355648	11.939544	52.037384	-1.4091913	0.009107904	0.03490857	0.11266193	-0.12024984	-13.34654	11.939049	1.45722	-51.990433	13.37435	11.907887	51.990433	0.00056620815	-0.7176459	0.35354063	0.14572199	-1.0065048	320.671	510.72592	2703.0051	3.2059168e-07	12.568083	12.511234	51.943527	3.2059166e-08
5	5999	446.6940088272095	132.75497	90.033485	317.73242	45.465137	69.21429	233.06415	0.0	233.06415	233.06415	101.0	116.304596	69.94244	248.68208	-90.06164	117.53339	0.030346597	2.3573203	14.545119	-10.978166	-124.15529	0.9153155	0.03796289	0.99970007	0.8534929	-0.061527316	1.021517	0.6865246	5.5511584	2.9802322e-07	100.81812	41.330982	148.18109	2.585609	109.54089	45.391205	164.44507	2.585609	199.42064	34.104984	250.42365	105.40413	89.87976	25.039715	168.3534	30.905275	89.87976	25.039715	168.3534	30.905275	1.5867788	2.438678	15.811339	0.21054365	8705.358	4987.1436	28342.865	955.1361	179.9706	328.65634	2499.9846	6.5069094
6	6999	844.7243413925171	251.31569	27.451385	297.98193	212.31638	120.625	323.14	0.0	323.14	323.14	172.0	228.47856	61.136612	286.1828	-99.00473	236.99759	0.29056907	2.8783758	17.59438	-10.113119	-240.06529	0.7680538	0.054040138	0.8533437	0.67115796	-0.19528595	1.0352467	0.7486777	6.0308304	2.026558e-06	101.446396	35.853336	143.0169	2.2103052	112.5485	41.193657	160.7935	2.2103052	234.65752	50.552498	281.37036	20.670006	122.109	26.94426	176.08943	18.459702	122.109	26.94426	176.08943	18.459702	1.4403999	1.1654906	10.421821	0.4085022	15636.6045	6332.6494	31007.486	340.76056	174.80779	128.75586	1086.1434	24.261246
7	7999	1245.6816432476044	302.58792	24.397226	336.07043	254.4195	167.83333	287.0107	0.0	287.0107	287.0107	143.0	231.55872	68.411354	298.98795	-117.91753	145.13591	0.4602971	2.7940838	17.167908	-10.1107235	-242.28682	0.60471374	0.034234658	0.67097425	0.5416324	-0.27048853	1.0159097	0.7526395	6.4206276	4.5895576e-06	103.97982	41.49133	156.9661	1.9419308	110.36124	44.89896	165.6386	1.9419308	210.17758	74.09989	281.40204	-98.48419	99.81634	37.430676	152.21587	-107.412	103.25918	26.49338	152.21587	3.1409574	1.083866	1.2414639	8.003433	-10.7412	11364.357	4705.0254	23169.672	9.865614	119.123535	84.410835	1153.7339	0.12451687
8	8999	1647.8169956207275	292.85306	47.52786	349.73807	204.21301	159.16667	375.29077	0.0	375.29077	375.29077	186.0	202.01822	67.58616	282.54904	-99.278	75.60627	0.21116601	2.6919696	20.245697	-10.111309	-210.50012	0.4613574	0.044202723	0.54147613	0.39225873	-0.6134963	0.90630984	0.7274499	6.6567802	7.1525574e-07	119.92749	45.251003	164.99202	1.1696599	119.07348	45.29199	169.40305	1.1696599	150.07053	76.24297	239.95343	-80.56527	30.997053	55.014145	217.7986	-90.85039	46.017338	43.240932	217.7986	0.008682181	0.5035142	2.9462533	21.77986	-8.506221	3987.3738	8254.308	47436.227	7.538027e-05	134.36458	585.53784	4743.6226	7.4809054e-07
9	9999	2043.511800289154	340.82697	136.46175	541.51135	166.67139	250.0	382.2255	0.0	382.2255	382.2255	209.0	181.55937	52.311554	241.3376	-56.015736	41.053196	0.5288403	2.6507325	21.183321	-11.33922	-188.85304	0.3564261	0.020441901	0.39215952	0.3176455	-0.4889132	0.91390204	0.7253822	6.8062387	2.3841858e-07	113.65844	36.950356	157.84735	2.867521	119.99584	40.20094	167.0684	2.867521	183.93393	32.172752	217.5038	23.173456	63.938095	23.239033	121.902176	20.305935	63.938095	23.239033	121.902176	20.305935	0.78684	0.81268466	6.154641	0.1324356	4628.1323	3424.5554	14860.141	412.331	59.200867	68.90977	378.79605	2.8120582
10	10999	2440.8095026016235	299.81152	22.69054	354.39044	281.5619	134.0	61.91215	0.0	61.91215	61.91215	36.0	178.92525	49.724464	236.41304	-54.65572	30.214815	0.5478391	2.6065753	22.059914	-11.313053	-185.39613	0.28209525	0.017231101	0.3175392	0.25230792	-0.5689093	0.8894444	0.7063859	6.973522	1.7881393e-06	65.19104	45.823784	161.56502	1.9031981	68.021164	48.012787	173.03896	1.9031981	177.52655	49.129883	218.4507	-39.17782	109.50539	67.96536	197.01408	-45.653343	113.57825	60.91554	197.01408	0.3948469	3.786187	4.6720634	19.701408	-4.5072503	16610.72	11858.048	38814.547	0.15590405	621.2113	823.09296	3881.4548	0.0014409649
11	11999	2840.317497253418	314.38657	120.6598	537.8539	140.08311	168.0	553.03235	0.0	553.03235	553.03235	382.0	163.05615	51.045128	218.78326	-50.39742	18.890743	0.75952333	2.5734034	23.767647	-9.914263	-168.89627	0.2334531	0.009260123	0.25225517	0.2163694	-0.34866923	0.8747117	0.7036438	9.54223	6.057322e-06	110.4303	35.191692	154.23515	1.7463237	116.40604	37.493366	164.74547	1.7463237	155.91911	45.211452	196.21703	-4.2097445	39.51308	39.038002	152.32632	-15.676617	41.38076	37.05242	152.32632	0.040772755	0.5413301	1.4522402	15.232633	-0.9304893	3085.249	5014.1733	23203.31	0.0016624174	59.48125	212.6063	2320.331	1.5893198e-05
12	12999	3242.897884130478	324.39688	31.295439	372.44052	288.24078	159.33333	51.448353	0.0	51.448353	51.448353	38.0	152.51015	47.042118	201.54137	-59.19117	12.369849	0.94976604	2.5066788	24.265377	-14.093051	-157.63919	0.20791958	0.0026165089	0.21632099	0.20364478	-0.07772054	0.89940405	0.71598357	9.112961	5.155802e-06	106.00407	49.687805	157.75108	1.3690721	107.60618	50.25834	165.14372	1.3690721	143.18874	55.24494	195.93857	-9.792755	35.582546	41.125553	186.55048	-12.727844	36.481388	40.330353	186.55048	0.07015506	1.0009425	3.1153052	18.655048	-1.2727845	2957.429	7344.596	34801.08	0.0049217325	146.70624	542.9584	3480.108	0.00011519293
13	13999	3637.482880115509	276.1538	59.855698	334.70078	126.6769	129.5	303.35068	0.0	303.35068	303.35068	146.0	150.1753	46.39148	199.08388	-60.41774	10.420553	0.92309093	2.4830422	21.713377	-10.200531	-154.83694	0.20361426	0.0043284404	0.21020964	0.19263044	-0.123320095	0.9234139	0.7208298	7.9438	4.7683716e-07	111.17874	42.731243	157.63104	2.606838	115.094086	45.292942	166.58824	2.606838	135.73808	51.879475	194.04753	5.318542	20.644024	8.524431	41.84802	-5.106388	20.683853	8.427332	41.84802	0.18844889	0.20441666	0.13753803	1.3954548	-0.06975251	498.84164	318.9283	1751.2566	0.035512988	4.207857	2.451054	19.479498	0.0005800498
14	14999	4030.946972846985	309.90817	26.193056	353.8339	265.39468	140.85715	316.07803	0.0	316.07803	316.07803	133.0	143.79764	44.649548	194.22418	-59.685154	7.30989	0.8316309	2.4916646	20.618832	-11.362765	-147.964	0.17422235	0.009443655	0.19260103	0.16014826	-0.29236096	0.9052608	0.70268613	7.171863	1.5199184e-06	119.824036	45.7167	177.31792	2.6471982	124.04192	47.75773	182.57324	2.6471982	125.727585	50.902977	186.84015	2.616039	1.6856611	6.723446	20.935253	-16.048618	5.954647	3.5480082	20.935253	0.0063497904	-0.0017708802	0.09893949	0.6064391	-0.5542623	48.046185	50.569565	438.28485	4.0319836e-05	0.49960586	0.6792135	6.361631	2.7644222e-07
15	15999	4430.260531902313	297.45944	17.406076	313.0112	264.85916	133.0	290.9468	0.0	290.9468	290.9468	129.0	139.42822	42.59082	184.49847	-55.313274	5.292746	0.94884914	2.562055	22.424385	-12.834825	-143.21797	0.15543438	0.002783412	0.1601827	0.15016483	-0.09524505	0.9145551	0.71004564	6.7732973	4.7683716e-07	108.699196	45.447517	160.66852	2.6176405	112.831566	48.05035	168.48172	2.6176405	127.17193	48.675102	174.95576	-1.6631587	14.340354	8.372208	38.677856	-4.4178166	14.360279	8.337985	38.677856	0.05712382	0.16422409	0.1259238	0.8240428	-0.44178167	275.73962	283.50937	1495.9764	0.003263131	2.8960345	3.1997576	19.620281	2.020753e-05
16	16999	4827.791159152985	284.23596	68.873665	389.16345	122.60347	125.125	344.0022	0.0	344.0022	344.0022	152.0	132.45456	42.24476	175.56442	-56.147724	3.656587	0.8137541	2.5162327	22.461315	-10.998528	-135.69856	0.1348094	0.009231228	0.15013236	0.11815976	-0.37619707	0.90119815	0.7031139	6.8939543	6.7055225e-07	119.24287	43.44896	164.77129	2.744937	121.78886	45.111973	168.44365	2.744937	109.49244	44.280235	158.17639	-6.1099777	-12.296423	8.644067	4.3961797	-42.72674	12.448209	8.424015	42.72674	0.0039565815	-0.115216225	0.12680402	0.20460136	-1.2996075	225.92192	314.11893	1825.5745	1.5654536e-05	2.0753	3.092358	18.682032	3.5811993e-07
17	17999	5230.067183017731	311.75494	9.660472	327.10568	295.84088	139.0	295.3299	0.0	295.3299	295.3299	135.0	126.68884	38.227665	165.39934	-53.37332	3.8211122	0.79264855	2.6024241	24.505774	-12.234956	-129.57411	0.10420093	0.0074726576	0.118122615	0.09368795	-0.4669446	0.87473196	0.7026196	6.424137	1.7881393e-07	113.50191	45.19337	166.35863	2.546063	116.03767	46.45156	169.54868	2.546063	114.27593	43.03869	160.05179	0.41432065	-1.7617342	6.1561956	19.58583	-24.495398	4.9566097	4.053945	24.495398	0.006715273	0.006995102	0.084216416	0.543136	-0.21352626	41.002445	61.51708	600.0245	4.5094894e-05	0.39495695	0.6137039	4.7406797	5.071632e-07
18	18999	5628.3038992881775	312.85037	14.168504	342.90607	296.23804	144.14285	302.1612	0.0	302.1612	302.1612	127.0	128.0795	40.367573	168.3758	-52.120235	3.252253	0.9267787	2.6525269	26.097282	-12.59276	-130.90005	0.09022071	0.0022215575	0.093870126	0.08586525	-0.17642686	0.9010096	0.72210383	6.808128	1.758337e-06	114.48057	44.432392	166.91109	2.5494432	118.46241	47.411045	171.94057	2.5494432	116.108604	44.300148	164.02228	0.061548114	-2.3538089	6.307342	13.463267	-24.838629	5.547455	3.8142788	24.838629	0.008485791	-0.0046542594	0.09119561	0.94681317	-0.38430822	45.32298	59.87373	616.9575	7.2008654e-05	0.45151663	0.7738514	10.307223	3.0235499e-06
19	19999	6035.552965164185	304.22266	17.158669	343.68048	289.43277	128.57143	365.82193	0.0	365.82193	365.82193	138.0	127.19269	40.481884	166.63873	-53.436256	2.8953052	0.97753894	2.659334	23.739931	-11.786587	-129.92026	0.08099013	0.002313129	0.08583735	0.078111984	-0.055322524	0.8936893	0.71818334	6.1979437	5.9604645e-08	133.62244	52.282722	191.78322	2.9504883	124.85264	51.33803	185.61748	2.9504883	117.233795	43.42521	161.32874	-9.632651	-7.6188593	22.635963	94.18156	-41.0086	19.528929	13.749722	94.18156	0.09463938	0.0069024116	0.74872625	9.418156	-1.6226314	570.4339	1029.8647	8870.166	0.008956612	11.230073	58.39364	887.0166	6.589085e-05
20	20999	6430.870892047882	332.64188	13.844231	361.2141	317.14072	138.125	322.96915	0.0	322.96915	322.96915	139.0	128.05038	39.7216	166.4764	-50.54793	2.3286598	0.99204564	2.625813	21.670418	-10.289437	-130.59999	0.08352312	0.0020500126	0.08690274	0.08089181	-0.019648453	0.89434886	0.7275631	6.6240754	1.7881393e-07	120.57449	48.563694	170.05582	2.598047	127.69093	52.15348	181.15094	2.598047	118.229324	45.84307	163.0447	1.616748	-9.461613	7.141079	7.173887	-34.060863	10.051496	6.2836733	34.060863	0.024717173	-0.05417165	0.072351255	0.4717398	-0.27069685	140.51712	139.88057	1160.1425	0.00061093864	0.89235884	0.75843984	6.565142	1.7548988e-05
21	21999	6829.302408695221	338.71317	13.120792	362.8984	321.77985	137.14285	408.77142	0.0	408.77142	408.77142	142.0	129.97757	41.272896	169.4709	-55.30002	2.2747016	0.9374877	2.5997136	23.771393	-11.910027	-132.483	0.07978604	0.002117034	0.082317	0.0751331	-0.15885814	0.87285215	0.7096623	6.6754947	4.172325e-07	154.98428	59.31971	213.66945	3.3985717	147.71597	57.14633	204.86772	3.3985717	117.50563	48.04974	165.64725	-11.1574745	-30.210348	13.517957	6.50155	-61.40292	30.33341	13.2395115	61.40292	0.044238556	-0.24070877	0.18224998	0.09281624	-1.5653703	1095.4004	745.48315	3770.3184	0.0019570498	7.220643	4.249906	25.053093	2.495053e-05
22	22999	7227.251531362534	394.2143	106.81798	541.58813	184.37134	146.28572	500.38794	0.0	500.38794	500.38794	175.0	131.17227	41.338413	172.58842	-58.36464	1.9977266	1.0415198	2.6301808	32.725227	-11.889424	-133.63434	0.07578463	0.0014237519	0.079859965	0.07454669	0.10630466	0.8848888	0.7260858	7.9974756	2.2351742e-06	154.96849	58.92845	223.74538	3.2018917	148.98428	56.83799	213.85187	3.2018917	134.24173	43.6858	172.41618	-16.29905	-14.742566	22.069279	47.1776	-51.662548	23.968016	11.398706	51.662548	0.38167408	-0.06976038	0.30353504	2.6072896	-1.9823166	704.39624	568.11053	2669.019	0.14567511	5.3061657	6.447432	83.32462	0.0039702696
23	23999	7623.34054517746	673.5137	172.98463	939.0642	454.31595	227.75	622.5986	0.0	622.5986	622.5986	207.0	141.59459	44.566616	205.34087	-67.52712	2.739885	1.2668762	2.709957	30.508345	-10.837505	-144.35252	0.092992455	0.008582638	0.10958317	0.079868004	0.6299212	0.9568514	0.77619123	7.7066526	9.685755e-07	186.25012	64.78236	250.23375	3.8377185	173.88936	59.73447	232.45345	3.8377185	155.26184	52.060707	199.644	-3.9138005	-18.627525	14.513266	14.597955	-48.692238	19.618824	13.142352	48.692238	0.021645956	-0.10040862	0.094721355	0.74442136	-0.7751519	557.6196	568.667	2370.934	0.00046854737	2.8356645	2.5463517	10.389923	2.9962523e-06
24	24999	8019.823906183243	611.20514	190.04797	969.7667	454.63083	205.6	660.945	0.0	660.945	660.945	210.0	159.45906	51.715343	226.34518	-78.48293	3.9363437	1.2629329	2.6431792	29.339725	-11.773327	-162.67137	0.12634328	0.008539637	0.14033687	0.10962448	0.54899824	0.9811117	0.76987725	7.6372232	3.7550926e-06	204.84525	70.37101	274.58038	4.0400395	185.01457	64.981766	250.28926	4.0400395	170.67743	57.23362	213.45244	-49.008045	-14.337156	22.972683	53.668274	-56.817616	24.369688	11.807477	56.817616	0.013882775	-0.14907295	0.5866816	0.42181066	-5.328531	733.29816	586.1807	3228.2417	0.00019273144	7.987257	25.78831	283.9324	1.0979411e-06
25	25999	8419.727301597595	613.0376	48.532173	687.22394	564.6092	198.8	477.99606	0.0	477.99606	477.99606	161.0	166.71103	56.135193	235.86014	-82.91557	4.5027432	1.0835938	2.5862312	30.505672	-11.770174	-170.02391	0.14767048	0.0037781063	0.15398192	0.14036196	0.16054833	0.9573125	0.7568024	8.153606	9.23872e-07	161.40515	61.555687	240.18782	3.2708435	160.02895	61.04187	234.71156	3.2708435	171.53813	56.736584	225.45076	-33.79489	11.50918	23.814003	96.96021	-56.272038	19.653793	17.70018	96.96021	0.0016831051	0.12130387	0.5060594	5.2861843	-3.7065735	699.5679	1241.1077	9401.283	2.832843e-06	9.402245	30.8872	324.56418	1.3928221e-08
26	26999	8824.48885512352	551.5094	112.4139	677.2409	399.05093	180.66667	702.2079	0.0	702.2079	702.2079	232.0	169.03758	57.036392	238.68272	-83.646576	4.902423	1.0292152	2.5916736	27.385565	-10.51762	-172.29697	0.15612413	0.0022262451	0.1599653	0.15355611	0.054215804	0.96271175	0.75866634	8.368931	3.0994415e-06	196.0953	71.32979	273.78986	3.357082	188.30585	67.81355	257.2459	3.357082	185.03189	51.749706	235.40009	6.8707914	-3.2739413	34.559902	90.22238	-67.73485	29.30408	18.611197	90.22238	0.05415421	0.06932868	0.34918755	1.7777505	-0.5264215	1205.1056	1460.1321	8140.0776	0.0029326784	9.984425	18.769676	127.576706	0.00022723415
27	27999	9219.898989200592	590.95386	96.23915	687.9996	451.98666	196.0	461.83786	0.0	461.83786	461.83786	158.0	171.4815	57.724648	246.46925	-91.609795	4.4283895	1.0287133	2.580218	28.148708	-11.409304	-174.65846	0.16263507	0.0028743728	0.16751912	0.15915318	0.052099	0.96199495	0.7610974	8.76161	2.2090971e-06	173.90082	68.0031	266.28406	3.456406	168.08704	65.339836	254.9651	3.456406	171.33722	65.00495	231.23859	-17.642557	3.250169	20.202497	39.063576	-49.611565	17.889147	9.933928	49.611565	0.0060933544	0.008300663	0.22081527	0.5993159	-1.9860222	418.7045	371.98187	2461.3074	3.712897e-05	3.152037	6.0068274	70.58958	1.7753776e-07
28	28999	9622.169009685516	569.8824	117.6515	675.28864	399.93317	189.2	674.58563	0.0	674.58563	674.58563	214.0	173.09378	58.242393	250.3274	-90.93896	4.05093	0.96673864	2.520177	27.3974	-11.310567	-176.22386	0.16294467	0.0030577567	0.16701993	0.15780309	-0.060344376	0.9451955	0.7512059	8.063991	9.834766e-07	210.12308	69.470474	271.58047	4.121017	198.41779	64.331665	255.09999	4.121017	187.64009	63.474323	253.81195	2.183599	-10.77771	16.619858	44.97684	-43.45551	17.060072	10.066412	44.97684	0.011931737	-0.058663163	0.114739046	1.2765771	-0.44894925	392.37872	372.49075	2022.9164	0.00014236635	1.9932234	1.868147	16.29649	2.3467958e-06
29	29999	10014.945209026337	628.3058	105.8468	700.0705	418.8619	199.4	711.3718	0.0	711.3718	711.3718	224.0	174.21313	57.561817	253.87917	-92.18024	3.8945885	1.0271528	2.5268605	28.048414	-9.417384	-177.28197	0.1590849	0.0025063984	0.16543809	0.15632612	0.049510952	0.9692771	0.7660393	8.389788	2.861023e-06	218.60402	72.10882	284.17206	4.1445484	212.65053	68.77036	277.8634	4.1445484	192.65154	62.051857	253.57347	-8.919998	-19.998991	14.689785	16.008207	-45.144154	21.052046	13.136243	45.144154	0.02682383	-0.09304466	0.120139696	1.3677213	-1.3064547	615.74945	558.0665	2037.9945	0.0007195178	2.7750964	2.4356027	18.706617	1.4312071e-05
30	30999	10413.197633981705	676.3546	38.861374	730.90265	625.06213	220.0	696.72076	0.0	696.72076	696.72076	218.0	178.06169	57.877926	253.92107	-92.72266	3.7717247	0.9730506	2.5252874	28.807724	-10.069325	-181.0655	0.16265827	0.002764117	0.16638666	0.15869488	-0.048980866	0.97125506	0.76769966	8.068311	4.8056245e-07	213.07578	71.72996	278.8304	4.0696535	209.05663	69.13896	271.6816	4.0696535	188.4839	61.106316	248.6691	0.69292533	-20.572742	13.247056	10.763165	-45.126575	20.776022	12.92591	45.126575	0.009841741	-0.0970814	0.06581785	0.3606308	-0.59872013	598.7222	557.93756	2036.4078	9.685987e-05	2.519132	2.080712	7.8016787	4.2928204e-07
31	31999	10816.960250139236	687.5665	33.656807	715.22266	626.21265	223.8	673.3763	0.0	673.3763	673.3763	209.0	178.20325	58.450653	242.47946	-102.05667	3.853005	0.958244	2.5492706	27.746029	-12.487185	-181.10034	0.15290932	0.003313948	0.1586746	0.14787251	-0.07831573	0.96608424	0.76314557	8.6182785	9.23872e-07	213.16618	73.65924	279.7884	4.0044637	208.14058	70.438995	268.99246	4.0044637	185.20392	60.165848	240.96835	-35.468243	-22.936668	15.942463	11.161153	-77.56824	23.583395	14.969176	77.56824	0.016052492	-0.10568372	0.11679369	0.5077531	-1.8424762	780.2528	686.1946	6016.831	0.00025768252	3.4541144	5.137586	142.91763	1.6295294e-06
32	32999	11216.914812803268	698.42285	11.172565	716.5484	687.2397	223.0	699.88104	0.0	699.88104	699.88104	218.0	179.6245	59.16582	245.57756	-99.25963	3.4103594	0.9893716	2.5484805	25.945108	-12.014443	-182.46939	0.14604971	0.0006973766	0.1478658	0.1445891	-0.020355683	0.9617731	0.76227427	7.7524185	8.046627e-07	213.33629	73.0243	285.22333	4.07129	209.81389	70.75702	273.40842	4.07129	187.90115	58.955353	239.98166	-9.557636	-21.912737	16.16796	22.227797	-47.227833	24.009802	12.849141	47.227833	0.104685724	-0.08490798	0.15531798	1.6570685	-1.3784285	741.571	593.54596	2230.4683	0.010959101	3.3047605	2.6487627	27.45876	0.00010042462
33	33999	11615.219390153885	728.26324	55.476326	829.093	675.55786	226.6	793.168	0.0	793.168	793.168	239.0	180.71753	59.878883	246.76965	-101.26587	3.3913214	1.0148091	2.5475628	24.650917	-11.848218	-183.53247	0.14712164	0.0009876362	0.14891666	0.14510551	0.028455937	0.9628084	0.7668904	7.7250576	5.9604645e-07	225.67886	75.23506	303.50485	4.467977	216.38435	70.264824	287.19363	4.467977	187.13962	57.55995	242.66579	1.8851385	-29.244738	16.150663	13.803673	-66.23747	29.83819	15.026021	66.23747	0.033600286	-0.115772195	0.09522401	0.5965622	-0.362719	1116.0988	854.30756	4387.4023	0.0011289793	4.572914	3.134039	19.98434	1.7867696e-05
34	34999	12010.76055598259	768.55115	84.04111	880.51135	659.1226	238.25	846.316	0.0	846.316	846.316	253.0	181.32072	60.52987	245.88208	-100.59496	3.225874	0.9933628	2.5552082	25.377983	-10.359467	-184.00145	0.1471467	0.0010080145	0.14914094	0.14573765	-0.012636975	0.94777304	0.76292974	7.5001965	2.6375055e-06	236.96074	75.1984	303.92374	4.448374	231.31343	71.95106	297.2358	4.448374	196.66139	60.64946	244.26852	-2.202197	-34.65206	14.28662	6.120224	-56.17195	34.674263	14.232642	56.17195	0.16430806	-0.15250553	0.06700469	0.6120224	-0.6803095	1404.8726	899.033	3155.288	0.026997136	5.5317864	2.8816576	11.097588	0.001512424
35	35999	12413.646592140198	902.16736	244.1732	1295.1178	658.3939	276.5	951.5323	0.0	951.5323	951.5323	285.0	183.75958	60.472572	257.5127	-103.806755	3.353637	1.000673	2.5487702	24.475498	-11.045179	-186.42928	0.14712799	0.0006965844	0.14854003	0.14583285	0.0013399133	0.93804014	0.7614025	7.7812877	2.9206276e-06	242.67154	77.38153	308.98737	4.380494	234.59477	74.43571	304.0424	4.380494	202.60286	59.44464	251.5517	6.08027	-31.99191	20.081924	22.68306	-59.499973	32.73458	18.8471	59.499973	0.063928336	-0.11490622	0.14470737	2.268306	-0.32604817	1426.7661	1138.7662	3540.2468	0.0040868325	5.424236	4.2676573	51.45212	5.4117503e-05
36	36999	12811.363348007202	1003.978	123.21843	1178.1451	912.0417	301.66666	1947.5243	0.0	1947.5243	1947.5243	561.0	187.12756	61.501957	264.06097	-116.22631	3.3115616	0.9975952	2.5579975	25.388676	-10.714749	-189.80379	0.1457928	0.00062976027	0.14730395	0.14487876	-0.0045578764	0.931833	0.76245487	7.143021	1.0430813e-06	273.0788	72.95728	346.17245	5.051777	265.1679	72.14995	337.87262	5.051777	222.0637	53.37374	264.25143	1.0913718	-43.10423	24.766367	13.374759	-87.19984	43.497128	24.069633	87.19984	0.0043137628	-0.14336918	0.111752644	1.3374759	-0.69001776	2471.3474	1985.6558	7603.8115	1.860855e-05	8.193318	5.9649725	22.776056	1.1487827e-07
37	37999	13206.566602945328	1121.6359	194.04486	1341.6527	869.5903	330.0	845.3405	0.0	845.3405	845.3405	244.0	190.8402	63.260647	271.9749	-127.43685	3.5289297	1.0189017	2.5708344	26.989592	-9.711287	-193.50986	0.14823571	0.0014044959	0.15141636	0.1466502	0.036031637	0.939196	0.7634622	7.956749	1.5795231e-06	242.8482	77.36778	317.33606	4.507974	235.49774	76.06993	316.50613	4.507974	205.73589	61.49833	260.35925	-4.574879	-29.761848	19.247719	19.934896	-64.96062	30.555208	17.961674	64.96062	0.1833914	-0.10702028	0.16544141	1.9934896	-1.1408385	1256.2424	1148.9155	4219.882	0.03363241	4.8113775	4.1100063	39.74001	0.00018378872
38	38999	13604.82020664215	1230.8829	470.2682	1701.1511	760.61475	360.5	1802.2831	0.0	1802.2831	1802.2831	527.0	194.16342	64.20522	275.93704	-131.6286	3.6037486	1.0195261	2.5821016	25.39788	-9.865257	-196.80994	0.15436037	0.0013452965	0.15680288	0.15141858	0.036574483	0.9449421	0.769617	7.6619005	6.854534e-07	284.56436	61.638355	344.2922	4.4428887	280.3373	62.857887	340.85867	4.4428887	236.75043	45.160862	268.75317	5.123601	-43.586876	23.20354	25.676975	-84.79484	44.611877	21.166016	84.79484	0.13316476	-0.13793859	0.12725869	2.138431	-0.25916138	2438.2197	1741.6409	7190.1646	0.017732853	7.985493	5.2952957	45.728878	0.000143059
39	39999	13999.900038003922	1408.2189	514.26904	2121.2607	927.65173	415.0	774.8901	0.0	774.8901	774.8901	229.0	196.69534	64.53748	280.25864	-138.08212	3.6716504	0.97548133	2.5416505	25.286179	-10.936722	-199.33916	0.15314505	0.0020548212	0.15652661	0.15049674	-0.045905143	0.9409258	0.7657546	8.980121	3.427267e-07	223.95284	75.030136	298.66498	4.286467	211.02869	74.40968	282.8107	4.286467	204.50165	63.36543	261.88815	-2.3616767	-6.5270567	20.822231	44.639378	-38.90318	19.052963	10.637309	44.639378	0.0076299277	0.0063410285	0.17908822	1.8527013	-0.79012734	476.16782	419.58258	1992.6738	5.8215795e-05	2.534128	2.9788234	34.325024	2.3767633e-07
40	40999	14402.712941169739	870.8982	168.6497	1130.7156	686.0681	263.0	1439.5276	0.0	1439.5276	1439.5276	416.0	198.31372	65.69112	284.4159	-140.00209	3.6294458	0.9846388	2.5586052	25.620846	-12.979828	-200.82855	0.14753339	0.0008945651	0.15047584	0.14659566	-0.029256267	0.94253117	0.7701921	8.241481	3.5762787e-07	270.1965	74.98687	345.02808	4.258754	260.00204	74.78394	338.0575	4.258754	223.37761	56.429184	273.12018	-1.2344776	-36.624435	23.91892	11.234201	-76.85653	37.397038	22.691969	76.85653	0.035341676	-0.12588608	0.08122073	0.2800694	-0.62383604	1913.4641	1633.5759	5906.9263	0.001249034	6.310686	5.0417833	17.584637	7.5540624e-06
41	41999	14800.306260347366	1594.2234	986.50854	2580.732	607.71484	482.5	1025.3408	0.0	1025.3408	1025.3408	304.0	200.25699	66.30511	287.43375	-140.8271	3.5368931	1.0191995	2.549936	22.219753	-12.862201	-202.78519	0.14833792	0.0019273747	0.15154962	0.14533624	0.03663138	0.95320785	0.7713742	7.7048173	4.7022477e-06	238.18932	77.93721	312.26535	4.4044423	231.48665	75.30772	306.62308	4.4044423	213.26872	63.892776	273.927	0.15326628	-18.217928	17.912342	28.157589	-46.41383	21.46567	13.855319	46.41383	0.03837002	-0.050430708	0.19609073	2.815759	-0.5035954	652.7449	613.98315	2154.2437	0.0014722586	2.8463683	4.501873	79.28498	7.3807078e-06
42	42999	15216.114843130112	887.73254	167.06895	1133.9558	678.67	271.75	3091.8757	0.0	3091.8757	3091.8757	1000.0	202.6115	66.58396	288.7824	-85.99318	3.82066	1.0103431	2.5133398	22.740911	-10.664468	-205.14424	0.1522169	0.0010001957	0.15429221	0.15069039	0.019481326	0.94690996	0.763624	7.7819333	1.8887222e-06	304.55594	52.221687	340.17746	4.405491	303.96445	53.24351	338.78015	4.405491	258.59467	41.25863	291.502	7.91042	-45.369797	16.621393	3.504929	-67.23167	45.387463	16.573095	67.23167	0.08075765	-0.14355008	0.04913316	0.3504929	-0.20297313	2334.6892	1166.2473	4520.0967	0.0065217973	7.274741	3.522709	13.507211	4.681723e-05
43	43999	15621.20639038086	3116.1292	0.0	3116.1292	3116.1292	1000.0	3188.8818	0.0	3188.8818	3188.8818	1000.0	205.42346	67.563385	288.8949	-144.25073	3.6077216	0.990405	2.495973	25.971481	-12.353137	-207.91031	0.15343207	0.0007005671	0.15449442	0.15163858	-0.017978398	0.94119245	0.76086915	8.017	5.364418e-07	298.98026	58.913162	348.05893	4.1808147	297.16415	60.335865	345.62848	4.1808147	264.88315	16.605474	284.9524	198.94278	-32.281033	50.004875	198.21329	-70.24685	53.57619	25.925741	198.21329	0.04303135	0.03983683	1.1640606	19.70795	-0.21254575	3542.552	4993.5205	39288.508	0.0018516971	35.574856	218.68056	3884.0332	8.590286e-06
44	44999	16034.47703075409	1434.179	0.0	1434.179	1434.179	426.0	2990.0327	0.0	2990.0327	2990.0327	1000.0	207.8557	67.7722	287.70853	-146.79959	3.5977452	0.9776764	2.5277224	22.844639	-10.562059	-210.36261	0.1480738	0.001610534	0.15161064	0.14538403	-0.042521864	0.94957834	0.7683187	8.22626	2.2351742e-06	321.93463	17.479828	343.2273	250.48187	324.70236	16.980421	340.93826	259.0469	271.31747	15.263404	289.0699	214.56639	-53.384865	6.2215686	-40.537094	-68.405785	53.384865	6.2215686	68.405785	40.537094	-0.16443446	0.016936377	-0.12335992	-0.20396143	2888.6523	675.2099	4679.351	1643.2561	8.871391	1.885756	13.952141	5.000653
45	45999	16439.437171459198	2488.4438	352.3938	2840.8376	2136.05	746.5	3260.7148	0.0	3260.7148	3260.7148	1000.0	209.9734	68.43963	290.469	-143.62657	3.4123638	1.0098233	2.5459802	22.337044	-12.930102	-212.49103	0.14646618	0.0010871204	0.14850086	0.14463875	0.018900234	0.95283824	0.7695454	8.615285	1.6540289e-06	317.1237	24.881113	350.20224	241.44565	313.13718	24.698503	343.96542	232.17789	264.6498	13.86175	283.42236	215.01367	-48.48736	15.898614	-4.759498	-70.41535	48.48736	15.898614	70.41535	4.759498	-0.15216728	0.04443324	-0.01964773	-0.21213485	2603.7898	1305.8961	4958.322	22.652822	8.073934	3.7960336	14.833996	0.09351334
46	46999	16845.230791568756	980.2539	55.152252	1052.7975	919.1682	292.0	3263.8113	0.0	3263.8113	3263.8113	1000.0	211.67496	68.818886	291.7042	-150.2107	3.3989165	0.9972472	2.5497003	24.192917	-10.408014	-214.08087	0.1474686	0.0005343899	0.14844857	0.14648369	-0.005224947	0.9573171	0.7660952	7.431336	2.6673079e-06	290.1274	70.67507	345.50183	4.7207146	287.33185	71.15479	347.76608	4.7207146	242.70299	54.433037	285.04468	5.0036297	-44.62884	21.41939	7.3643203	-78.338646	44.776627	21.108711	78.338646	0.12009281	-0.14404324	0.06700287	0.2754643	-0.43740663	2450.524	1719.3292	6136.943	0.014422283	7.6690397	4.9029465	17.972208	0.00028804812
47	47999	17254.38726401329	1255.8558	0.0	1255.8558	1255.8558	377.0	3241.2932	0.0	3241.2932	3241.2932	1000.0	213.16766	69.18	293.15076	-146.79935	3.2778478	0.9915496	2.5483158	23.341316	-12.243502	-215.53844	0.14716262	0.00095677294	0.14915833	0.14535305	-0.016188394	0.962669	0.7702256	6.8020396	2.1234155e-07	274.7591	76.77303	344.41675	4.3060927	271.60718	76.449135	343.91125	4.3060927	239.66737	59.374004	284.73538	-1.4235301	-31.939796	23.51831	20.28102	-73.6671	33.02373	21.970318	73.6671	0.0031211353	-0.100952744	0.08826494	0.58721584	-0.6547286	1573.2616	1512.2472	5426.8413	9.741485e-06	4.973911	4.46369	16.178806	4.006984e-08
48	48999	17651.80963563919	1865.0693	1056.998	3266.3164	713.6163	567.6667	1814.0409	0.0	1814.0409	1814.0409	529.0	215.41646	69.22938	293.61716	-144.61058	3.2309515	0.98445135	2.5484345	21.615974	-10.478159	-217.81017	0.14258477	0.0012401782	0.1453426	0.14042984	-0.030142872	0.9673008	0.77700466	7.575783	1.1138618e-06	259.50726	78.63176	331.09055	4.0910244	256.9505	78.33305	329.64932	4.0910244	233.24393	65.15435	287.7434	-1.6284999	-23.706596	18.978802	30.936428	-49.638855	26.326889	15.135802	49.638855	0.08210423	-0.06964204	0.15307797	2.4392893	-0.6024584	922.1975	779.4616	2464.0159	0.006741104	3.4489026	3.7100742	59.501324	4.4792418e-05
49	49999	18064.084570407867	964.285	313.46756	1363.2567	597.4401	290.66666	3287.9124	0.0	3287.9124	3287.9124	1000.0	216.24036	69.850815	295.60764	-136.17612	3.197382	0.99767554	2.5603316	23.134315	-10.979077	-218.60788	0.14091179	0.0005990154	0.14167404	0.13897432	-0.0044826195	0.9674097	0.77878535	7.281472	2.771616e-06	290.54712	65.76874	347.58762	4.2195463	287.20206	65.51119	347.21436	4.2195463	250.46114	52.437893	290.1133	-3.3609679	-36.740948	19.122606	18.003263	-64.162025	37.42473	17.747139	64.162025	0.014345765	-0.12408275	0.06658971	0.09597353	-0.7580514	1715.571	1217.0187	4116.765	0.00020580097	5.462133	3.5067544	12.464463	8.005058e-06
50	50999	18464.165540456772	1081.3721	112.56622	1193.9382	968.8058	323.0	968.91205	0.0	968.91205	968.91205	285.0	217.60414	69.94707	298.08133	-139.59805	3.2193315	1.0145929	2.5682085	22.666153	-11.458082	-219.9289	0.14207685	0.0015557507	0.14431594	0.13965456	0.028471839	0.97325635	0.78088444	7.43152	4.61936e-06	259.1397	78.23652	336.9427	4.27151	255.05602	77.47167	330.62457	4.27151	227.62378	69.29358	292.57333	-3.2912538	-27.432232	11.990891	21.417046	-48.58868	27.70956	11.335302	48.58868	0.258685	-0.113484055	0.08131355	0.28481898	-1.0466297	896.3088	560.12	2360.8599	0.06691792	3.3697357	2.0812771	23.14434	0.0003474797
51	51999	18860.97116804123	1704.2352	1080.02	3231.1382	907.76495	518.6667	1248.0026	0.0	1248.0026	1248.0026	363.0	219.7278	70.30715	299.4018	-148.59718	3.092972	1.001128	2.578739	26.0386	-11.152258	-222.03383	0.14580862	0.0009485327	0.14742991	0.14398365	0.0022315101	0.972633	0.7828529	7.7480803	2.3841858e-07	257.75812	78.39608	338.74896	4.307091	254.19936	77.18344	331.45267	4.307091	229.4546	69.91784	289.9344	0.310413	-24.74474	11.193557	9.047296	-51.5659	24.88935	10.868213	51.5659	0.114892624	-0.09649849	0.05763334	0.8568057	-0.45573407	737.5979	541.1986	2659.0417	0.013200316	2.6976905	1.6326107	8.480079	0.00013040898
52	52999	19258.32084465027	908.14465	147.28343	1066.15	666.65466	268.0	975.40796	0.0	975.40796	975.40796	284.0	220.53043	70.183	301.4602	-146.1515	3.0441377	0.9690613	2.5871754	23.295553	-14.793749	-222.77934	0.14000574	0.0022355712	0.14463913	0.1371112	-0.06058329	0.9611491	0.7797791	6.7403064	1.1324883e-06	274.2337	72.880356	348.02942	4.2893076	271.19165	72.868866	345.48102	4.2893076	241.9275	65.724556	297.592	-1.5331284	-29.264153	12.850454	5.4415517	-59.365223	29.284048	12.805049	59.365223	0.09090891	-0.11020858	0.053782705	0.16488287	-0.7908594	1021.5248	758.0568	3524.2295	0.00826443	3.5663393	2.4682944	14.069079	0.00017258005
53	53999	19656.12179541588	977.8543	0.0	977.8543	977.8543	294.0	974.9564	0.0	974.9564	974.9564	287.0	221.15733	70.23381	301.21844	-152.87357	3.03127	1.0018368	2.6189325	22.10075	-10.797932	-223.37852	0.13691519	0.00048676945	0.1378839	0.13581903	0.0037123107	0.96426076	0.7860734	8.106839	2.861023e-06	250.5734	79.18551	317.24524	4.3981214	248.51991	77.96752	317.59708	4.3981214	223.3092	70.993805	291.2854	2.7853847	-25.210726	9.634297	4.3079348	-40.42547	25.28812	9.429278	40.42547	0.003012202	-0.09973891	0.048370957	0.43079346	-0.25493282	728.4003	432.3491	1634.2185	9.073361e-06	2.744384	1.3551602	5.440217	5.0189885e-07
54	54999	20067.19167304039	3145.7378	0.0	3145.7378	3145.7378	1000.0	3217.3342	0.0	3217.3342	3217.3342	1000.0	223.08536	69.950554	298.55582	-147.3039	2.9787447	0.99450153	2.6046307	24.185688	-10.684782	-225.29565	0.13816956	0.0009908554	0.1394966	0.13639766	-0.010867039	0.9665672	0.78586066	7.580509	6.7800283e-07	276.56772	71.581375	341.1184	4.550585	273.76465	72.12731	339.46765	4.550585	250.57112	60.420074	297.6137	15.143742	-23.193516	17.372723	24.485653	-48.929657	26.168383	12.448549	48.929657	0.084947184	-0.0643978	0.12508447	1.6489519	-0.15051031	839.75055	629.03577	2394.111	0.0072160247	2.9792793	2.2994263	27.190424	2.6529104e-05
55	55999	20466.02138018608	2166.1162	1097.09	3263.2063	1069.0264	655.0	939.7811	0.0	939.7811	939.7811	269.0	224.92282	70.69012	300.01025	-151.46588	2.9641724	1.0136735	2.6062045	24.921686	-12.923348	-227.12563	0.13827118	0.00092729565	0.13955574	0.13633674	0.027127754	0.96668416	0.7865085	8.060093	0.0	310.51038	57.5405	357.76712	5.8629246	308.7141	59.168392	354.58035	5.8629246	266.82986	44.586975	297.51678	14.122374	-41.884254	17.897877	24.227005	-76.51909	42.307266	16.873646	76.51909	0.40441194	-0.12315993	0.08173494	0.8259449	-0.21783951	2074.6248	1278.542	5855.1704	0.16354902	6.29189	3.510935	16.591705	0.001840205
56	56999	20868.79954814911	1191.7854	198.44441	1520.3654	1023.7095	351.25	961.5807	0.0	961.5807	961.5807	286.0	225.4374	70.61718	301.24615	-138.11995	2.9018373	0.9890892	2.5948446	23.32907	-10.541048	-227.59656	0.13777548	0.00084870524	0.13952708	0.13647383	-0.021534108	0.9608776	0.78083247	8.031935	1.2516975e-06	256.769	78.419754	333.45566	4.2564483	254.39778	78.19645	331.89514	4.2564483	232.93683	70.872444	293.34283	-1.1583992	-21.460928	11.075574	6.1088734	-42.76015	21.57899	10.843751	42.76015	0.19139613	-0.08223898	0.054817516	0.4557429	-0.5414847	583.2398	488.40167	1828.4307	0.036632482	2.0843387	1.5135964	5.797859	0.0023449678
57	57999	21274.682921886444	1149.303	0.0	1149.303	1149.303	333.0	1178.2946	0.0	1178.2946	1178.2946	340.0	226.48605	70.351364	302.43503	-139.11835	2.8335814	0.99659294	2.604236	22.31857	-13.246187	-228.5887	0.1356391	0.00056740106	0.13683596	0.13447198	-0.00672546	0.9650558	0.78622663	9.413721	1.4603138e-06	312.76263	56.880455	360.136	4.466594	310.27948	57.407246	354.82953	4.466594	269.49774	47.21087	298.9593	-2.101816	-40.781734	14.1033535	-3.6362832	-60.79406	40.781734	14.1033535	60.79406	3.6362832	-0.130022	0.03916503	-0.032028154	-0.65684104	1862.0544	992.429	3695.9177	13.222556	5.665099	2.7083995	10.855367	0.15277553
58	58999	21686.434835910797	2329.9565	883.4552	3213.4116	1446.5012	710.5	1455.4312	0.0	1455.4312	1455.4312	416.0	228.35847	70.39812	303.31567	-145.5371	2.8545902	1.000925	2.5949495	22.527252	-10.435389	-230.47874	0.13614294	0.00039902152	0.13675287	0.13510375	0.001887126	0.96686053	0.785046	7.761587	5.736947e-06	311.90198	57.39555	355.02402	5.855911	308.92627	59.104393	354.46838	5.855911	267.42523	45.1601	299.407	19.763676	-41.501015	16.652132	18.431492	-65.9225	41.853413	15.745464	65.9225	0.47528785	-0.121379435	0.09224548	1.3907765	-0.19000642	1999.6274	1128.5652	4345.7764	0.22589853	6.096341	3.1574306	19.342592	0.0025321315
59	59999	22094.889972686768	1557.5857	277.76642	1835.3522	1279.8193	462.5	3223.4536	0.0	3223.4536	3223.4536	1000.0	229.73439	69.92657	303.40295	-143.72496	2.8985884	0.9826322	2.5856867	21.904636	-13.1786995	-231.78831	0.13397156	0.0009203411	0.13641198	0.13251577	-0.034800563	0.96797675	0.78310055	6.783575	2.3245811e-06	286.9273	70.36584	349.1487	4.480007	285.2921	71.93907	350.23825	4.480007	254.73157	61.236412	299.92133	4.1560173	-30.560535	13.673789	2.508832	-55.344715	30.57175	13.648695	55.344715	0.015838487	-0.10317736	0.033647332	0.038447633	-0.23464721	1120.9187	823.7355	3063.0376	0.00025085764	3.5324616	2.2989175	8.832679	2.7625915e-06
60	60999	22503.09275817871	3250.72	0.0	3250.72	3250.72	1000.0	3226.0693	0.0	3226.0693	3226.0693	1000.0	230.97328	70.142586	303.5884	-138.04718	2.7140434	0.99585545	2.5672019	21.54728	-10.53984	-232.96193	0.13165814	0.00050186616	0.13275589	0.13048978	-0.008353376	0.9688387	0.7792054	7.0484657	8.404255e-06	308.29	56.53341	349.1564	4.3279295	310.33575	58.840824	352.25623	4.3279295	272.6434	46.68759	301.48062	7.399895	-37.692394	14.824532	6.7004256	-58.551483	37.92364	14.222543	58.551483	0.009041803	-0.1133207	0.050709616	0.52695376	-0.16877732	1640.4833	869.0746	3428.2764	8.17542e-05	4.9462743	2.437514	9.882163	1.9027432e-06
61	61999	22917.543271303177	3434.4607	0.0	3434.4607	3434.4607	1000.0	3251.1228	0.0	3251.1228	3251.1228	1000.0	232.9344	70.565674	305.04782	-138.77315	2.7426078	0.98517674	2.579248	23.841774	-10.801043	-234.97244	0.13038388	0.0014123863	0.13209215	0.12761202	-0.030202663	0.9695167	0.78098	7.555173	8.940697e-08	322.26556	20.51956	346.25253	245.50375	327.1701	20.090935	349.2106	256.5962	288.99225	15.825558	303.8211	227.10077	-38.17784	5.8913617	-25.151398	-49.472897	38.17784	5.8913617	49.472897	25.151398	-0.116242096	0.013107877	-0.08234036	-0.14334644	1492.2556	443.472	2447.5674	632.5928	4.5109897	1.1581256	7.091764	2.070975
62	62999	23318.816584587097	3245.3127	0.0	3245.3127	3245.3127	1000.0	1156.6793	0.0	1156.6793	1156.6793	327.0	235.73932	71.36226	309.14972	-142.21832	2.6829667	0.99754775	2.5938451	24.040089	-12.337637	-237.74928	0.12819743	0.00037841956	0.12904452	0.12733166	-0.0049990006	0.9697614	0.7816246	7.6927996	6.3329935e-08	315.31534	56.97018	364.1619	5.2124014	314.06976	57.77851	361.2541	5.2124014	273.40723	45.076157	307.14267	17.13705	-40.662544	16.343029	11.924649	-65.66262	40.920914	15.684902	65.66262	1.377355	-0.11888067	0.0835772	1.192465	-0.1878861	1920.5372	1200.0626	4311.5796	1.8971069	5.745715	3.226684	14.219726	0.019831875
63	63999	23731.075186014175	3288.393	0.0	3288.393	3288.393	1000.0	3330.839	0.0	3330.839	3330.839	1000.0	238.1053	71.22303	311.26883	-138.27254	2.6046474	0.9671747	2.608368	22.458942	-11.510751	-240.10828	0.12417741	0.002400315	0.12789436	0.12044155	-0.06839174	0.96709764	0.781505	7.0136366	7.212162e-06	332.32574	20.679703	355.98965	250.93861	334.33994	19.565056	353.78305	258.96548	292.91846	16.8863	309.3626	228.99942	-41.42151	5.309403	-29.552675	-52.264137	41.42151	5.309403	52.264137	29.552675	-0.123752035	0.013100385	-0.09223874	-0.15246364	1743.9312	428.8998	2731.5398	873.3606	5.187937	1.1499672	7.9421	2.7982838
64	64999	24141.424126148224	2196.1943	1106.7926	3302.9868	1089.4017	657.5	1314.9235	0.0	1314.9235	1314.9235	373.0	239.99174	71.304436	313.4752	-145.77692	2.5283833	0.97885555	2.6394892	23.961845	-11.583605	-241.97322	0.11919429	0.00096046354	0.120962076	0.11679533	-0.04498095	0.96954167	0.7812585	7.259486	1.7508864e-06	299.49332	69.562996	356.2192	4.569892	299.89703	70.15885	356.49384	4.569892	271.6046	53.732185	306.052	4.9282618	-28.292446	25.378069	39.19269	-60.347206	33.798054	17.383911	60.347206	0.050628338	-0.078074366	0.0953041	0.6171707	-0.328342	1444.5088	1076.5444	3641.7852	0.0025632286	4.437098	2.9911356	10.640231	9.082089e-06
65	65999	24536.613765001297	1190.0366	0.0	1190.0366	1190.0366	346.0	1134.5481	0.0	1134.5481	1134.5481	324.0	242.24535	71.51203	315.72992	-137.11372	2.4541397	0.9695851	2.6611338	24.133078	-11.425426	-244.16776	0.113765135	0.0014881622	0.11679505	0.1112725	-0.06598587	0.96582204	0.7818305	7.943595	4.23193e-06	271.64062	73.05987	342.266	4.6278524	272.26614	73.04563	344.03107	4.6278524	259.63058	64.362686	307.82397	0.797773	-12.635584	20.12441	29.433603	-52.54032	20.299877	12.351716	52.54032	0.021678075	-0.037603855	0.08733469	0.67284745	-0.671453	564.64984	574.1224	2760.485	0.0004699389	1.9447972	1.7685221	8.202463	3.1521488e-06
66	66999	24940.6513402462	2065.1426	469.20642	2534.3489	1595.936	602.5	3304.5107	0.0	3304.5107	3304.5107	1000.0	243.53946	71.50254	318.51974	-144.8002	2.4449444	0.99619555	2.6369007	24.516884	-12.228783	-245.4228	0.11042154	0.00037461758	0.111264914	0.10976385	-0.008321452	0.9613016	0.782191	6.930636	1.013279e-06	276.47357	78.37165	352.9749	4.411625	274.88367	79.15846	352.67178	4.411625	255.57094	69.48842	311.50592	-3.3893642	-19.312723	16.48227	18.167128	-48.037792	20.789669	14.57519	48.037792	0.08385645	-0.071704306	0.08430718	0.12448734	-0.93880486	644.64655	684.4823	2307.6296	0.0070319045	2.1099622	1.989806	11.550492	2.4839033e-05
67	67999	25338.216121912003	1557.6488	250.13586	1807.7847	1307.513	452.0	3334.7473	0.0	3334.7473	3334.7473	1000.0	243.94934	71.8564	317.54584	-111.898125	2.332852	0.99900293	2.6126072	21.792969	-10.196643	-245.82965	0.11006519	0.0003911132	0.11077098	0.10930076	-0.0021453323	0.95889544	0.7826438	7.062793	2.2053719e-06	300.9764	59.70441	353.29828	4.858569	298.8765	62.121624	355.71982	4.858569	273.52316	54.744057	313.24136	6.0617824	-25.353348	12.789102	2.5307858	-44.915264	25.390097	12.715989	44.915264	0.027278353	-0.08327419	0.03601074	0.120321326	-0.2678311	806.35333	628.69763	2017.3807	0.0007441086	2.4967341	1.7622266	5.7265944	2.5199354e-06
68	68999	25737.846575260162	2217.9163	1094.6066	3312.523	1123.3097	660.5	1252.0482	0.0	1252.0482	1252.0482	361.0	244.86375	71.686264	319.1799	-139.60739	2.2387671	0.9917787	2.5929809	23.432487	-10.904184	-246.72343	0.109359235	0.0006061213	0.11043508	0.10832335	-0.018136293	0.9561199	0.7803013	6.7822022	2.2053719e-06	287.32623	71.738716	349.05203	4.6413503	279.64328	71.40513	344.2432	4.6413503	250.73042	63.60808	308.10046	-1.9703939	-28.912823	10.37965	5.313504	-50.96351	28.998997	10.136399	50.96351	0.007742106	-0.103809066	0.045941908	0.09161413	-0.6691471	943.6884	516.6019	2597.2793	5.9940205e-05	3.188726	1.5194471	8.024278	3.0563558e-07
69	69999	26138.472810983658	1719.4219	511.9881	2231.41	1207.4337	498.5	3370.2527	0.0	3370.2527	3370.2527	1000.0	245.20757	71.57407	318.9715	-139.99405	2.194052	0.9976791	2.613322	24.817886	-10.817575	-247.00223	0.10873929	0.0004793671	0.10969863	0.10780384	-0.0050973427	0.95825	0.7803497	6.8779335	5.9604645e-08	276.3496	76.468925	344.5151	4.776994	270.23566	76.884285	339.95483	4.776994	246.45656	69.1727	311.6014	-6.407734	-23.77908	10.254429	15.560721	-41.265553	24.493233	8.407106	41.265553	0.04537945	-0.08946561	0.07120447	0.13413593	-1.1184728	670.59784	352.4872	1702.846	0.0020592944	2.37885	1.198518	12.509815	2.1401482e-05
70	70999	26540.477706432343	1198.7646	0.0	1198.7646	1198.7646	350.0	1194.1577	0.0	1194.1577	1194.1577	347.0	246.17317	71.749435	322.0835	-139.6955	2.1700525	0.9993061	2.617654	26.800034	-12.183932	-247.99532	0.10754746	0.0004275977	0.108545244	0.106947534	-0.0014997482	0.95858	0.78135973	6.8576984	3.6358833e-06	269.12256	77.57184	337.40173	4.659064	264.24365	76.69861	334.8924	4.659064	249.76807	73.017	311.20227	-19.099335	-14.475605	11.623607	38.13619	-30.350157	17.172977	7.052675	38.13619	0.017179476	-0.061432112	0.12549704	0.513713	-2.37584	344.65137	239.13661	1454.3689	0.0002951344	1.5095559	2.6660285	56.44615	1.793021e-05
71	71999	26935.412632226944	3311.2695	0.0	3311.2695	3311.2695	1000.0	1086.4869	0.0	1086.4869	1086.4869	308.0	247.64185	72.207016	325.98816	-133.2554	2.1679862	0.99078894	2.6219487	24.025995	-11.490301	-249.42372	0.10707842	0.00088940066	0.10884863	0.105929546	-0.02049984	0.95514315	0.7797509	6.4415374	8.046627e-07	279.48813	68.73843	345.51593	4.5330443	272.93942	67.75605	338.74695	4.5330443	254.80513	64.539185	317.46265	1.7665906	-18.134333	9.384839	9.323886	-38.687954	18.550903	8.5318985	38.687954	0.008666362	-0.07106449	0.050833832	0.096938826	-0.5057014	416.92932	292.90408	1496.7578	7.510583e-05	1.5458071	1.0843086	7.9039965	2.6367633e-07
72	72999	27336.74737238884	1859.5791	958.4706	3214.5107	1148.6621	535.3333	3227.0725	0.0	3227.0725	3227.0725	1000.0	248.76164	72.89669	326.50525	-124.92293	2.1980665	0.9964771	2.6260672	27.4006	-9.588767	-250.60492	0.10659058	0.00043298927	0.10716891	0.10549365	-0.007837665	0.9551828	0.78048354	6.6566744	1.3411045e-06	256.89496	77.23863	346.14133	3.9766123	249.5155	78.23042	338.8473	3.9766123	285.9763	24.625565	315.10406	161.83745	36.46081	65.48723	236.80707	-31.060646	48.762386	56.922733	236.80707	0.06611027	0.59527284	2.13364	22.725199	-0.11066779	5617.968	11057.751	56077.586	0.0043705674	109.43777	446.5338	5164.347	1.6819886e-05
73	73999	27740.715634822845	1555.6582	362.65845	1918.3167	1192.9998	455.5	1223.3896	0.0	1223.3896	1223.3896	353.0	248.62053	73.02696	327.73135	-109.918236	2.2135096	1.0032448	2.6181896	24.56217	-11.479948	-250.3825	0.10587357	0.00042504646	0.10669568	0.10513038	0.0073244493	0.9502637	0.78003955	6.5597067	3.799796e-06	285.97177	71.20387	349.74246	5.1333156	282.08502	71.94807	347.06595	5.1333156	261.4961	67.193306	314.32303	7.4505534	-20.588942	8.813981	3.1850643	-36.60762	20.632015	8.712676	36.60762	0.018699178	-0.071129255	0.033767775	0.31161088	-0.13431352	501.59082	335.31583	1340.1178	0.0003496593	1.6850638	1.0089428	4.405197	3.1843329e-06
74	74999	28139.801673173904	2218.1309	174.04535	2392.1763	2044.0856	642.0	1244.9988	0.0	1244.9988	1244.9988	356.0	249.44734	73.11767	331.01453	-126.60347	2.1914275	1.0024093	2.631665	24.977732	-10.875074	-251.23557	0.107129626	0.00040951814	0.10799076	0.10651928	0.005435506	0.9503527	0.7791495	7.2610817	2.9802322e-08	282.63562	70.227776	351.20676	5.5156846	273.6814	70.93905	341.1289	5.5156846	256.73206	66.076546	313.89728	2.2110145	-16.949379	8.536457	11.375969	-34.36525	17.268381	7.8711863	34.36525	0.0047388957	-0.058469724	0.042695798	0.37702835	-0.34423035	360.15256	267.14957	1180.9702	2.2457132e-05	1.2512871	0.8297372	4.289063	1.805002e-07
75	75999	28554.948142528534	1410.279	312.2707	1722.5498	1098.0084	409.5	3297.1475	0.0	3297.1475	3297.1475	1000.0	249.69377	72.43224	331.81488	-98.7331	2.151131	0.98573107	2.6163957	26.420235	-13.557202	-251.45778	0.10592315	0.0007776003	0.107170135	0.10427468	-0.032022193	0.94240016	0.7734002	7.389667	2.9727817e-06	331.6161	21.044514	353.67786	251.25189	335.26486	21.036608	355.5275	261.1389	302.11572	18.864853	320.9776	233.22847	-33.149143	3.5008254	-22.898256	-43.78526	33.149143	3.5008254	43.78526	22.898256	-0.0988348	0.00788953	-0.073461734	-0.12378203	1111.1215	228.22961	1917.1488	524.3301	3.298132	0.5686261	5.419828	1.6821455
76	76999	28962.227768182755	2195.5312	1089.5688	3285.1	1105.9624	631.0	3279.8623	0.0	3279.8623	3279.8623	1000.0	250.33282	72.49356	331.8453	-115.32278	2.1389525	0.9999217	2.6201549	24.011528	-11.54036	-252.03496	0.10479318	0.00050275365	0.10592821	0.10385233	-0.00012738848	0.9428119	0.7751817	6.7760534	3.7252903e-07	299.4162	67.94734	359.85303	4.7027073	295.7785	72.17351	357.14142	4.7027073	274.75577	56.93575	321.01172	-14.559322	-21.022768	19.397379	48.07238	-43.704227	25.629416	12.70229	48.07238	0.027524067	-0.0509898	0.18706143	1.4330992	-2.1832721	818.21515	586.3032	2310.9536	0.00075757434	3.3071327	5.7208176	61.70623	2.6428545e-06
77	77999	29378.03331542015	2761.7273	0.0	2761.7273	2761.7273	795.0	3309.6094	0.0	3309.6094	3309.6094	1000.0	251.39946	72.7493	331.56778	-97.133385	2.1831782	1.0006895	2.6505125	24.506649	-11.571832	-253.10216	0.10397035	0.00035745706	0.10475563	0.10323883	0.0016036835	0.9445202	0.7785958	7.2860727	4.261732e-06	330.48828	21.20253	357.85068	250.67407	333.97864	20.17759	356.76102	260.73367	302.99292	18.53675	320.98602	233.24963	-30.985752	3.7288125	-21.45487	-40.999973	30.985752	3.7288125	40.999973	21.45487	-0.09278958	0.009572734	-0.06395679	-0.117118135	974.02075	230.33371	1680.9978	460.31146	2.9053326	0.60815805	4.8018403	1.3721846
78	78999	29781.281228780746	1599.3241	917.4174	2516.7415	681.9067	467.5	3343.84	0.0	3343.84	3343.84	1000.0	251.65227	72.96594	333.0431	-97.92129	2.21112	1.002615	2.6407053	28.351465	-10.336989	-253.3422	0.10446231	0.00035489365	0.10512452	0.10381945	0.00593198	0.9513536	0.77987933	7.9765544	1.0728836e-06	315.4156	36.84947	362.3806	146.19298	309.53415	37.94989	354.7251	129.76086	288.93848	33.076927	323.58716	143.85825	-20.595663	11.338848	15.1669445	-49.94945	21.43359	9.6618805	49.94945	0.02499096	-0.06452655	0.03746741	0.11513231	-0.17591657	552.75073	391.16025	2494.9478	0.00062454806	1.7410511	1.1977581	8.786937	2.1435933e-06
79	79999	30187.80943107605	1218.0088	0.0	1218.0088	1218.0088	359.0	3358.9226	0.0	3358.9226	3358.9226	1000.0	251.35164	73.458664	333.84512	-72.25434	2.2036924	1.0167891	2.618554	26.504654	-10.093613	-253.03593	0.10692409	0.001015788	0.10844656	0.10490712	0.03765155	0.956761	0.7822405	7.6650763	5.2452087e-06	305.68896	52.30083	360.4632	70.79109	301.1436	53.15703	355.06064	70.02632	280.79022	48.948853	327.51776	56.05069	-20.353369	8.951311	6.5818644	-39.483013	20.401405	8.841276	39.483013	0.0038472926	-0.06749444	0.027936537	0.029769275	-0.19957684	494.3856	340.42435	1558.9082	1.4801661e-05	1.578628	0.97579646	4.4476476	5.068514e-08
80	80999	30590.5571205616	3425.2253	0.0	3425.2253	3425.2253	1000.0	1803.9237	0.0	1803.9237	1803.9237	529.0	251.37929	73.52843	332.95764	-101.03118	2.2403793	0.994922	2.6349328	26.211712	-12.522492	-253.03125	0.108153075	0.00050689286	0.1091801	0.10718693	-0.011260795	0.9570402	0.7838978	7.269169	2.4661422e-06	281.57013	73.66239	357.41507	3.6952672	278.80264	74.65002	352.6774	3.6952672	268.9848	64.77771	319.44458	-39.34585	-9.81784	25.917376	95.15479	-44.22545	22.916016	15.587065	95.15479	0.15851289	-0.030489227	0.31192166	1.7796748	-4.3296294	768.1003	1185.0172	9054.435	0.025126336	5.168867	16.9029	187.4569	8.728144e-05
81	81999	30992.49323630333	1973.8358	1000.7087	3359.757	1032.7957	588.0	1376.5956	0.0	1376.5956	1376.5956	397.0	252.28146	73.392166	331.97543	-81.77224	2.334085	0.9934963	2.6587324	26.375648	-10.815417	-253.93188	0.10624152	0.0005752359	0.10729383	0.10533895	-0.0145127075	0.9583368	0.7874295	7.293411	7.4505806e-07	294.12357	55.180126	351.2527	4.5191865	287.0203	55.982044	341.13986	4.5191865	273.6347	51.60335	315.56427	-10.025928	-13.385598	12.763683	23.61218	-30.434649	16.345522	8.655041	30.434649	0.006009327	-0.052191906	0.10478656	0.18045507	-1.4545114	342.08585	256.93536	926.2678	3.6112007e-05	1.3448726	1.871639	21.156034	1.8240496e-07
82	82999	31393.697682619095	1298.4102	307.98657	1717.1128	985.1373	381.33334	1003.9543	0.0	1003.9543	1003.9543	296.0	251.87611	73.1865	330.37262	-73.26989	2.5468724	1.0268052	2.6566918	24.122143	-10.394534	-253.49535	0.10819316	0.0014613006	0.110636875	0.10590197	0.059633985	0.9637944	0.7905953	7.2610445	6.556511e-07	255.1504	77.701546	337.2441	4.7454386	244.90138	76.81448	328.31644	4.7454386	240.10504	73.83144	316.68842	2.8484244	-4.7963476	11.604729	31.091492	-29.703814	10.452021	6.9591618	31.091492	0.014354961	-0.008484432	0.104323864	1.4883643	-0.38352233	157.67468	182.13239	966.68085	0.00020606491	0.77776384	1.4204699	22.152283	3.4815364e-06
83	83999	31796.691898822784	892.65594	64.20494	983.4329	845.51605	260.66666	1576.2644	0.0	1576.2644	1576.2644	463.0	250.79073	73.235275	332.0983	-64.8914	2.6781535	1.0031091	2.650876	31.317307	-11.703812	-252.43709	0.11126615	0.00039926785	0.112160385	0.11049929	0.006881652	0.96696466	0.78928083	6.9960194	2.682209e-07	324.08936	24.743345	354.52792	225.31506	320.18362	24.97639	351.0585	213.1218	298.01648	25.698568	333.36523	183.17221	-22.167187	8.192104	6.522486	-33.208908	22.246286	7.9748096	33.208908	0.019214274	-0.06968408	0.026915096	0.019956037	-0.14273913	558.49475	302.28256	1102.8315	0.00036918832	1.7553767	0.9813179	4.386432	1.1630357e-06
84	84999	32204.81539583206	986.3114	175.34149	1208.3513	723.0002	287.0	892.4945	0.0	892.4945	892.4945	253.0	250.65393	73.72938	334.92548	-65.03671	2.5954163	0.98322755	2.62995	26.524567	-10.757996	-252.24922	0.10983901	0.0012383073	0.111799054	0.10812931	-0.03700734	0.95740056	0.7809654	7.143297	1.2516975e-06	284.42712	75.893425	353.78925	4.3449593	281.57376	76.18241	352.92737	4.3449593	261.3224	72.807465	320.97766	-5.351372	-20.251373	10.650436	13.659949	-38.846542	20.642242	9.871562	38.846542	0.09956111	-0.08131649	0.06562679	0.0670931	-0.9696331	523.5499	400.0055	1509.0538	0.0099124145	1.8792042	1.3152498	9.401883	4.48576e-05
85	85999	32609.555872917175	1049.8622	100.18302	1191.3544	972.7982	301.66666	1816.6029	0.0	1816.6029	1816.6029	532.0	250.07108	74.214386	335.3083	-65.14132	2.5531292	1.0186236	2.6349187	24.309826	-14.766589	-251.66013	0.109630175	0.0010313374	0.11162441	0.108195685	0.041189186	0.9672277	0.7809091	7.316201	2.026558e-06	312.41577	56.183964	361.56873	4.9424076	311.31274	56.7483	358.33487	4.9424076	286.507	49.748028	329.94357	-17.984795	-24.805723	13.928345	34.2927	-47.62249	26.158495	11.182838	47.62249	0.0026998438	-0.086753376	0.14803931	0.2830209	-2.4457505	809.32263	539.5672	2267.9016	7.289157e-06	2.8909729	3.9129758	59.81696	6.6004475e-08
86	86999	33023.152832746506	1960.779	1005.3476	2966.1267	955.4315	569.0	3311.0933	0.0	3311.0933	3311.0933	1000.0	251.20459	74.22653	335.96307	-79.936226	2.5302222	0.9911557	2.6180317	26.810303	-11.554621	-252.82935	0.11099767	0.00059509824	0.11181369	0.10997737	-0.019418685	0.96815777	0.7782596	9.262903	1.937151e-07	331.96588	22.497032	361.40662	248.1645	334.85107	20.799603	359.40448	258.2515	303.63104	16.979044	324.61682	236.7937	-31.22003	6.0066357	-16.880772	-46.420628	31.22003	6.0066357	46.420628	16.880772	-0.09275932	0.0144390445	-0.0543666	-0.1333155	1010.77014	374.37933	2154.8748	284.96045	2.9799716	1.0070956	6.1885896	0.9177502
87	87999	33430.16744542122	3279.696	0.0	3279.696	3279.696	1000.0	3312.8564	0.0	3312.8564	3312.8564	1000.0	251.95612	74.3776	333.20013	-63.75281	2.5651884	0.9753061	2.6129503	23.55447	-14.041616	-253.52344	0.10761571	0.0015144093	0.11004305	0.10507358	-0.05493228	0.96667874	0.78171134	7.4642525	5.9604645e-06	312.7677	55.96359	359.54633	4.7312646	314.54926	57.00034	358.50885	4.7312646	290.8015	47.77179	321.47357	-11.771912	-23.747711	15.594936	52.53604	-42.955814	27.035372	8.731804	52.53604	1.8200638	-0.07599794	0.11100181	0.36082238	-1.6503177	807.1557	449.10712	2760.036	3.3126323	2.7686825	2.4213295	27.235483	0.013476483
88	88999	33833.47209739685	3285.8706	0.0	3285.8706	3285.8706	1000.0	1177.4655	0.0	1177.4655	1177.4655	343.0	252.80675	74.56342	331.2435	-81.00523	2.519834	1.0088756	2.62583	24.080942	-15.239867	-254.36562	0.1066914	0.000554859	0.10764239	0.10560037	0.01993744	0.9677322	0.78297734	6.824384	1.6987324e-06	284.7595	73.31763	352.82724	4.0859213	281.70596	74.225494	352.95584	4.0859213	270.16937	66.8659	320.98938	-27.964329	-11.536579	21.282053	73.183266	-36.570004	21.13827	11.797965	73.183266	0.0039168564	-0.052212782	0.21127076	0.63738877	-3.2069604	586.01843	637.0763	5355.7905	1.5341762e-05	2.9734163	6.5774393	102.84596	9.368081e-08
89	89999	34234.810910224915	830.63837	126.583496	957.22186	704.0549	249.0	1163.3914	0.0	1163.3914	1163.3914	343.0	253.52493	74.88549	332.02496	-78.16785	2.5833874	1.003101	2.628953	25.80673	-11.754255	-255.1035	0.10737283	0.00071670883	0.10858119	0.10622821	0.0069648493	0.96879685	0.78391653	7.7194004	2.682209e-07	254.44244	80.81533	328.55865	3.5697289	252.71013	80.46927	330.5783	3.5697289	251.44673	79.95036	316.9477	-35.662365	-1.2634033	22.590204	58.616295	-39.232094	19.180235	12.001338	58.616295	0.00887085	-0.044844475	0.35746676	1.1450347	-3.9232094	511.91348	605.9353	3435.8699	7.869199e-05	3.8840926	11.286212	153.91573	2.9126676e-07
90	90999	34639.30572795868	1666.9458	763.8238	2743.094	1047.8221	487.66666	2579.6904	0.0	2579.6904	2579.6904	755.0	254.78754	73.982	331.18277	-76.66205	2.5803962	0.9659571	2.6085603	25.314196	-12.959272	-256.35626	0.10468947	0.0014851568	0.10777775	0.10173155	-0.07676288	0.9615501	0.7793481	7.1147475	1.1175871e-06	267.35904	76.61351	345.34012	4.6672587	261.23715	78.17132	340.35028	4.6672587	267.19687	61.834297	318.47876	16.719126	5.9597354	32.072895	127.04099	-30.818754	24.399822	21.652658	127.04099	0.07809442	0.13044453	0.7211089	11.453094	-0.12796162	1064.189	2056.282	16139.413	0.0060987393	13.388212	79.69912	1311.7334	2.0380674e-05
91	91999	35045.727246046066	1255.5299	50.151367	1305.6813	1205.3785	363.5	1208.3539	0.0	1208.3539	1208.3539	354.0	255.38777	73.58254	331.6997	-76.0538	2.5136535	0.98484707	2.6181004	27.229343	-10.606519	-256.9205	0.10044057	0.0007499721	0.10184695	0.09880944	-0.034787156	0.9602786	0.78058296	7.7007	1.66893e-06	274.10516	78.56261	355.91956	4.3856997	269.53976	78.86973	349.3065	4.3856997	267.66342	62.404663	320.23633	13.8230505	-1.8763168	28.178133	124.80968	-35.660072	22.34018	17.275537	124.80968	0.029222699	0.08223096	0.67134124	11.330864	-0.1101103	797.5278	1517.8226	15577.455	0.0008539661	10.07796	74.63632	1283.8848	2.9664402e-06
92	92999	35445.877455711365	1331.605	291.57385	1732.12	1046.4136	386.33334	542.0623	0.0	542.0623	542.0623	173.0	256.31638	73.17285	331.3726	-90.288	2.4651182	0.988348	2.6330261	24.178244	-10.535385	-257.80902	0.09717631	0.0009991502	0.09905782	0.09539207	-0.026997058	0.95864373	0.78175354	7.667688	4.351139e-06	260.04623	80.1949	342.37787	4.097888	254.45158	79.028	333.8395	4.097888	250.60768	75.0961	321.43668	-28.55191	-3.8439465	13.734542	35.3359	-32.6498	12.101203	7.548141	35.3359	0.026633022	-0.009815706	0.16590804	2.1751678	-3.2649798	203.41356	216.99944	1248.6256	0.00070931786	1.0954933	3.7897692	106.60093	2.2357378e-06
93	93999	35845.30583882332	1253.2483	457.355	1866.201	767.95056	365.66666	1243.4187	0.0	1243.4187	1243.4187	360.0	256.16266	73.76968	331.5135	-76.419815	2.5812285	1.0225223	2.658789	25.305172	-11.725632	-257.66437	0.09860847	0.0016199516	0.10095693	0.09600537	0.05216455	0.9668263	0.7887288	7.4374976	7.450581e-09	295.7837	58.16995	349.9724	3.5919876	292.96054	58.38179	345.52945	3.5919876	283.62906	50.335686	326.39825	-39.565933	-9.331508	18.459528	63.49109	-43.15792	17.550749	10.945431	63.49109	5.47801e-05	-0.03647625	0.213778	0.48802114	-4.315792	427.83118	544.55145	4031.1184	3.0008591e-09	2.1826196	7.8746653	186.2606	9.467371e-12
94	94999	36251.321578502655	3312.1628	0.0	3312.1628	3312.1628	1000.0	1274.4009	0.0	1274.4009	1274.4009	372.0	256.229	73.74081	330.87857	-86.56827	2.4960153	0.98474634	2.6323683	25.336945	-11.327479	-257.70712	0.09869549	0.0008744835	0.10079416	0.0974865	-0.03513818	0.9588525	0.7825808	7.0218415	3.5762787e-07	303.6727	55.797703	358.96313	3.9313731	300.7086	54.45903	351.7972	3.9313731	284.91254	48.569485	324.86606	-3.1244886	-15.796074	13.718992	28.233795	-33.28652	19.150238	8.425856	33.28652	0.028389066	-0.052541364	0.06561218	0.17664284	-0.7137084	437.72675	291.5109	1107.9923	0.0008059391	1.4805828	0.9892805	5.0937963	2.5090076e-06
95	95999	36667.38475370407	930.0741	273.90707	1217.0908	580.87616	274.5	965.89197	0.0	965.89197	965.89197	282.0	255.94638	73.68264	330.08807	-87.40069	2.5092962	1.000224	2.6303596	23.762701	-12.13126	-257.39816	0.09823891	0.00044803703	0.099039406	0.097337425	0.0005628338	0.96094996	0.7833984	6.5547147	8.34465e-07	332.78558	19.192774	354.86252	253.43242	333.13882	18.557217	352.6786	260.3093	307.62192	19.691364	327.33398	235.42886	-25.516945	3.336158	-15.030206	-39.934124	25.516945	3.336158	39.934124	15.030206	-0.07702998	0.012485053	-0.045116175	-0.12323607	662.2445	165.40201	1594.7343	225.90707	2.0036898	0.5589141	4.9213243	0.6781054
96	96999	37079.702714920044	1381.8	87.67554	1469.4756	1294.1245	400.0	1391.3528	0.0	1391.3528	1391.3528	401.0	255.70479	73.91287	330.1275	-68.48	2.5202217	1.0169642	2.6383846	24.087215	-11.899458	-257.17157	0.09928191	0.0010082612	0.10146921	0.09808764	0.039153587	0.96497035	0.78701264	7.4807215	3.2782555e-07	334.62054	20.23616	356.38318	251.992	336.88046	19.39671	355.87442	264.981	304.77008	18.782763	323.956	236.16556	-32.11038	3.0166583	-24.66832	-43.05819	32.11038	3.0166583	43.05819	24.66832	-0.095517166	0.009241704	-0.07325507	-0.12331407	1040.1769	202.30931	1854.0078	608.52594	3.088948	0.57205284	5.3096805	1.8070793
97	97999	37489.784678697586	1135.7325	164.65213	1300.3846	971.0804	332.5	3295.141	0.0	3295.141	3295.141	1000.0	255.35396	73.52623	331.25635	-91.15067	2.5361357	0.9896853	2.63443	23.09493	-12.191105	-256.77722	0.10037992	0.00047082533	0.10129542	0.09915827	-0.02367051	0.9613725	0.78521097	7.2592154	3.874302e-07	294.87857	65.931015	349.64865	3.8539555	294.66452	67.9088	351.72745	3.8539555	278.1222	58.006546	325.64774	7.939742	-16.542297	13.139993	21.62856	-32.11238	18.627865	9.965422	32.11238	0.007353864	-0.03793123	0.11982294	2.1628559	-0.11078316	446.30695	325.59225	1031.205	5.4079323e-05	1.5523212	2.1235595	46.779457	3.2189664e-07
98	98999	37896.242678165436	2454.5051	836.6021	3291.1072	1617.903	730.5	3267.9175	0.0	3267.9175	3267.9175	1000.0	256.02454	73.42827	330.13763	-82.22603	2.4800434	0.97932637	2.6270878	25.382343	-9.409603	-257.49786	0.0974978	0.0010864297	0.09956538	0.09585008	-0.048025038	0.95486045	0.7827802	7.419114	2.2351742e-06	293.78705	63.575165	349.04306	4.708368	286.90268	61.95325	340.29044	4.708368	271.74463	54.797554	317.27637	8.48653	-15.158049	11.161521	26.582153	-31.462347	17.23849	7.5617776	31.462347	0.012174875	-0.0369604	0.14393756	2.6582153	-0.14496182	354.34598	236.5484	989.87933	0.00014822757	1.4708173	3.3202767	70.66109	5.432055e-07
99	99999	38293.81206345558	1257.4216	83.746155	1341.1677	1173.6754	365.5	3259.9521	0.0	3259.9521	3259.9521	1000.0	257.35223	73.16376	328.93875	-71.3593	2.5091105	0.9931187	2.636136	22.963757	-11.752563	-258.82437	0.0957863	0.0008631753	0.097131655	0.09437185	-0.016098805	0.95791745	0.782048	6.777748	1.4007092e-06	276.43008	74.32516	350.51367	4.70315	269.8355	74.1055	342.12616	4.70315	262.0692	64.040115	323.1682	-3.4382334	-7.7662897	23.705614	80.98759	-35.91624	21.73098	12.248917	80.98759	0.09408435	0.011952652	0.38250202	6.77388	-0.93121004	622.2714	788.183	6558.989	0.008851866	4.9100223	24.173157	458.85446	4.737692e-05
100	100999	38691.94601392746	1214.2107	0.0	1214.2107	1214.2107	347.0	3309.1958	0.0	3309.1958	3309.1958	955.0	257.86365	73.43486	329.6152	-79.610176	2.3871655	0.9867665	2.6445906	25.137463	-11.46999	-259.28568	0.09375885	0.0004803288	0.09502459	0.092989124	-0.03124937	0.958466	0.7825679	9.051	9.536743e-07	315.50204	54.131527	354.0379	4.9060497	311.82614	54.58473	346.82413	4.9060497	288.3797	49.95529	323.1043	10.946529	-23.446459	7.6565795	7.9370594	-38.52566	23.63929	7.0387287	38.52566	0.48225692	-0.070108175	0.048490174	0.60404795	-0.11116096	608.3597	301.17505	1484.2264	0.23257175	1.9132259	0.88088614	4.282549	0.002845723
101	101999	39106.20211601257	2252.9749	1060.7178	3313.6926	1192.2571	670.5	3306.5603	0.0	3306.5603	3306.5603	1000.0	258.14893	73.47208	329.0576	-78.90903	2.349199	0.9997898	2.6511836	22.769848	-10.66227	-259.53854	0.09353807	0.0006033604	0.09427971	0.09248552	-0.00044506072	0.958013	0.7858857	8.085438	1.5497208e-06	328.21658	27.218262	355.34055	199.67711	327.3433	27.47975	352.3096	195.01326	298.58124	22.169203	320.66687	202.47595	-28.762026	8.133668	12.746438	-41.525448	29.12626	6.713536	41.525448	0.04815556	-0.08657564	0.025513928	0.059076227	-0.122563995	893.4107	314.57208	1724.3629	0.002318958	2.691721	0.8951242	5.0476866	9.077478e-06
102	102999	39517.374282836914	2194.9822	1124.4106	3319.3928	1070.5715	654.0	3314.053	0.0	3314.053	3314.053	1000.0	258.8391	73.64584	330.14948	-77.972534	2.295815	1.0032393	2.65919	22.870789	-12.873343	-260.24493	0.09355804	0.0005077534	0.09454291	0.09249551	0.007749097	0.96024626	0.7871886	7.4318385	8.493662e-07	321.51526	40.19187	359.21872	116.881775	316.96857	42.25001	353.03638	108.24223	293.09644	35.07722	324.08087	103.220024	-23.872118	11.064186	8.608821	-43.22321	24.06254	10.643704	43.22321	0.010198129	-0.07243094	0.032614302	0.036330465	-0.12249356	692.29443	441.5403	1868.246	0.00010400183	2.0847745	1.2857827	5.294565	4.1812828e-07
103	103999	39931.49858856201	1734.1687	507.84302	2242.0117	1226.3257	496.0	3342.5015	0.0	3342.5015	3342.5015	1000.0	259.38873	74.24459	331.51	-68.88182	2.2398996	1.0050133	2.6691098	21.921337	-9.964457	-260.78967	0.09377746	0.00043438724	0.09467317	0.093025886	0.011918874	0.96436465	0.7920312	7.075678	4.688278e-06	333.93332	20.991356	354.7445	251.79312	336.8378	20.675013	355.8344	259.26282	309.6838	19.640411	327.2754	237.6196	-27.154001	2.8128483	-20.272966	-36.35289	27.154001	2.8128483	36.35289	20.272966	-0.080718905	0.0077676843	-0.059588168	-0.10548745	745.2519	156.26852	1321.5326	410.99313	2.2090385	0.42366225	3.8347735	1.2080289
104	104999	40339.23882770538	3320.7344	0.0	3320.7344	3320.7344	1000.0	3321.3535	0.0	3321.3535	3321.3535	1000.0	260.3497	73.903755	331.6328	-68.62057	2.2362237	1.001504	2.6744213	24.400587	-11.082262	-261.69736	0.093830146	0.00033591822	0.09471101	0.09334219	0.0036040773	0.9669281	0.7934706	8.377349	6.072223e-06	327.63428	23.678326	353.75012	242.95601	329.04266	24.986261	354.48077	234.31378	303.57892	22.365095	326.28055	221.92197	-25.463764	5.459921	-2.800436	-33.893322	25.463764	5.459921	33.893322	2.800436	-0.07710538	0.01510974	-0.009784784	-0.10451622	678.21405	236.75836	1148.7573	7.842442	2.0405843	0.6729554	3.2979493	0.027401663
105	105999	40755.38371372223	3318.7874	0.0	3318.7874	3318.7874	1000.0	3343.4146	0.0	3343.4146	3343.4146	1000.0	261.0975	73.67608	332.37277	-84.22073	2.1630166	0.9884493	2.66177	22.324608	-12.117408	-262.4664	0.09381476	0.0008776612	0.095273994	0.09266001	-0.027314441	0.97016454	0.79134303	7.635541	9.0897083e-07	332.85822	20.882256	359.97702	249.4009	337.0652	20.251232	358.37067	259.72836	309.87344	19.305311	330.9275	237.52289	-27.19173	3.6588643	-16.901253	-36.416588	27.19173	3.6588643	36.416588	16.901253	-0.08076037	0.010363803	-0.050235048	-0.103994556	752.7775	195.0525	1326.1678	285.6523	2.2293673	0.54466057	3.7565777	0.8490352
106	106999	41168.696955919266	3348.3948	0.0	3348.3948	3348.3948	1000.0	3319.3708	0.0	3319.3708	3319.3708	1000.0	262.23068	74.053894	334.58365	-85.07078	2.1478684	0.98594385	2.6539423	21.58302	-11.081943	-263.5578	0.09149953	0.00092096935	0.09296609	0.09017264	-0.03353757	0.9649139	0.78892756	7.9980354	1.1920929e-07	317.8238	52.814957	355.41003	4.4397554	316.97174	54.908558	355.3331	4.4397554	296.11642	50.140038	330.8642	-0.7021764	-20.855341	8.930312	13.022764	-31.242218	21.30029	7.809829	31.242218	0.03497364	-0.06792265	0.044645883	0.04717687	-0.66633284	514.6957	252.83282	976.07623	0.0012231554	1.59036	0.7606071	6.6269355	4.423061e-06
107	107999	41580.29308438301	3333.4988	0.0	3333.4988	3333.4988	1000.0	3348.1953	0.0	3348.1953	3348.1953	1000.0	263.18787	74.577	335.85907	-85.2618	2.1614022	1.007912	2.687383	23.346788	-11.722463	-264.5826	0.09169987	0.0004190156	0.09230953	0.090557925	0.019001544	0.9691476	0.79308444	7.6418643	3.5762787e-07	334.01392	20.266834	353.17508	254.24535	339.05374	19.704237	357.05423	266.2845	312.22345	19.418968	330.99826	239.00589	-26.830332	2.3247755	-19.053972	-33.459816	26.830332	2.3247755	33.459816	19.053972	-0.07936724	0.007919104	-0.05567952	-0.10415874	725.27124	122.5707	1119.5593	363.05386	2.143307	0.36084452	3.1603668	1.0623385
108	108999	41988.955437898636	2627.0994	0.0	2627.0994	2627.0994	753.0	3329.8875	0.0	3329.8875	3329.8875	1000.0	263.98718	74.28496	335.38824	-84.14405	2.1437032	0.9928794	2.6806357	24.020172	-11.158457	-265.34473	0.09134807	0.00056804647	0.09229681	0.09023376	-0.016995335	0.97039825	0.79135597	7.118762	3.1888485e-06	312.99164	56.290836	355.87204	4.898083	311.12698	60.21857	355.91217	4.898083	293.10474	51.08278	330.69904	10.432678	-18.02223	12.592947	23.17971	-30.597473	20.36148	8.294166	30.597473	0.011680737	-0.049685847	0.054932266	0.55345947	-0.09064876	483.38306	270.36188	936.2054	0.00013643962	1.4831072	0.7663093	3.149575	2.812489e-06
109	109999	42405.62878417969	3311.6323	0.0	3311.6323	3311.6323	1000.0	3328.3318	0.0	3328.3318	3328.3318	1000.0	264.9441	74.58563	335.903	-79.60735	2.092289	0.9967448	2.679561	22.9584	-11.147261	-266.26575	0.09076036	0.00062392774	0.09196343	0.08983743	-0.0077743893	0.9689628	0.7919078	7.246543	3.6358833e-06	316.3679	51.583458	350.57175	4.587079	318.0529	54.592392	353.28293	4.587079	296.5513	50.35274	330.35318	-2.5291672	-21.501604	7.9331884	8.353521	-28.802073	21.769495	7.165438	28.802073	0.004603991	-0.06995642	0.04293305	0.028811384	-0.77701867	525.25446	229.72838	829.5594	2.1196733e-05	1.6195698	0.6595996	6.0375795	7.570401e-08
110	110999	42823.06347513199	3312.0417	0.0	3312.0417	3312.0417	1000.0	3349.8242	0.0	3349.8242	3349.8242	1000.0	265.98065	74.53118	336.5522	-89.5138	2.0878575	1.0058998	2.666281	22.651852	-10.571275	-267.3104	0.09057436	0.0004345552	0.0913411	0.08975935	0.0142138	0.9723771	0.79075974	8.269405	3.0733645e-06	336.21814	21.581242	358.20627	253.7183	340.82285	21.077843	358.65552	263.67654	314.44125	19.861904	333.06918	240.00919	-26.381607	2.4445355	-18.748865	-34.178562	26.381607	2.4445355	34.178562	18.748865	-0.077483155	0.006295332	-0.05920408	-0.09588634	701.96497	129.62292	1168.1742	351.51993	2.0551138	0.33064437	3.2772577	1.1100093
111	111999	43229.92581653595	3326.295	0.0	3326.295	3326.295	1000.0	3330.8347	0.0	3330.8347	3330.8347	1000.0	267.29895	74.518166	338.276	-82.32518	2.0798512	0.98808336	2.677044	24.108166	-13.507063	-268.5953	0.09044749	0.00043552	0.0910919	0.08903092	-0.028615408	0.96924496	0.78789693	8.784012	5.289912e-07	329.9093	25.378544	358.651	227.46002	326.4544	27.615772	354.22025	213.84813	303.91458	21.447098	329.8602	219.70178	-22.539845	10.432537	15.841322	-49.154156	23.637102	7.6269126	49.154156	0.098455176	-0.06730722	0.032285444	0.068798415	-0.14529604	616.8824	354.10382	2416.131	0.009693421	1.8491858	1.0039841	7.141904	3.0782543e-05
112	112999	43634.20072436333	2602.2627	725.0421	3327.3047	1877.2205	781.0	3310.6396	0.0	3310.6396	3310.6396	1000.0	268.18866	74.63022	338.50024	-76.61777	1.9957745	0.9944097	2.697887	24.348269	-14.682176	-269.50418	0.088319205	0.0004138903	0.08920003	0.08775342	-0.01349271	0.9716517	0.7942403	7.7356606	3.7252903e-07	333.55905	20.304253	354.68915	249.6389	334.8655	20.772083	355.9427	259.03986	311.97855	18.845592	332.64	240.28183	-22.886961	5.701411	-3.4308014	-31.993551	22.886961	5.701411	31.993551	3.4308014	-0.068144865	0.016204678	-0.01064975	-0.09996174	556.31903	219.7074	1023.5873	11.770399	1.6484308	0.63057345	2.903288	0.036537178
113	113999	44045.66847085953	1520.1335	3.3468628	1523.4805	1516.7867	438.5	3348.3247	0.0	3348.3247	3348.3247	1000.0	268.22546	74.308525	338.80124	-90.94022	2.1757774	1.0055481	2.6995704	24.487991	-12.188774	-269.55295	0.08917004	0.00027713698	0.0898611	0.088459454	0.013486315	0.97084963	0.7934436	8.046665	9.23872e-07	335.20767	20.22545	357.07394	255.49557	337.23178	19.482891	354.35385	264.3429	314.3322	19.457344	333.59027	240.55684	-22.899593	3.7383451	-14.435362	-32.444244	22.899593	3.7383451	32.444244	14.435362	-0.06810487	0.011522463	-0.043169357	-0.094917424	538.3666	173.63072	1052.6289	208.37968	1.5990474	0.50698984	3.0231655	0.6263718
114	114999	44456.77165555954	3297.0818	0.0	3297.0818	3297.0818	1000.0	3321.7297	0.0	3321.7297	3321.7297	1000.0	268.117	74.50849	336.83447	-85.77353	2.0706606	0.99963063	2.6934984	23.808313	-13.538528	-269.41968	0.08886234	0.0003079429	0.08928595	0.08797906	-0.0008456478	0.97078425	0.79471296	7.98451	7.4505806e-08	334.89908	21.156273	358.88837	253.23148	338.4999	20.544903	356.65207	262.09045	315.87256	20.021955	334.27423	241.70883	-22.627356	2.1480086	-17.593082	-27.94063	22.627356	2.1480086	27.94063	17.593082	-0.06700611	0.0067516128	-0.052223254	-0.09617945	516.61115	96.72032	780.6788	309.51657	1.5272356	0.2783246	2.5540712	0.93219674
115	115999	44867.823127031326	3341.3472	0.0	3341.3472	3341.3472	1000.0	3345.008	0.0	3345.008	3345.008	1000.0	268.92902	73.866295	337.10153	-82.114815	1.9892637	1.0021892	2.7018878	24.058512	-11.692144	-270.2	0.08953375	0.00020856947	0.09000002	0.08898526	0.0053343102	0.97306406	0.7959875	8.04889	8.34465e-07	333.33505	20.026396	356.42798	253.94766	337.2263	18.947796	356.23187	263.1447	314.04706	19.045536	334.32092	241.38417	-23.179226	2.6341944	-13.663185	-32.768654	23.179226	2.6341944	32.768654	13.663185	-0.06897529	0.009004658	-0.040666755	-0.0969176	544.2156	119.481834	1073.7848	186.68263	1.619245	0.3697132	3.1019242	0.5556374
116	116999	45278.12934446335	3332.1606	0.0	3332.1606	3332.1606	1000.0	3351.565	0.0	3351.565	3351.565	1000.0	270.08304	73.46766	338.03378	-87.0081	1.9063096	0.9786523	2.6941574	25.82932	-11.037289	-271.35745	0.08788805	0.0008060806	0.08960779	0.08651407	-0.051831633	0.967229	0.79512566	7.9921017	1.8253922e-06	335.54956	20.405079	356.53534	255.47041	339.39987	19.72629	356.59058	266.0135	316.02213	19.540672	334.02362	241.99881	-23.377764	2.6079552	-18.04136	-30.525246	23.377764	2.6079552	30.525246	18.04136	-0.069088586	0.008404897	-0.051354326	-0.09689023	553.3212	123.83575	931.7906	325.49072	1.6334401	0.360275	2.6175091	0.9283191
117	117999	45698.11526489258	3329.0547	0.0	3329.0547	3329.0547	1000.0	3341.6516	0.0	3341.6516	3341.6516	1000.0	270.9577	73.49494	338.17776	-75.906425	1.9225119	0.98347455	2.6904125	25.017109	-9.988356	-272.20258	0.085998625	0.0009556271	0.08708603	0.08421765	-0.040625338	0.9632452	0.7960149	7.632949	7.748604e-07	335.42072	20.678524	358.5	255.92273	337.00888	20.207502	356.27133	262.41486	316.4915	19.862608	336.3203	242.18988	-20.517399	2.427711	-13.448439	-26.281548	20.517399	2.427711	26.281548	13.448439	-0.061046027	0.0077622826	-0.039574854	-0.08785369	426.85754	98.194016	690.7198	180.86049	1.2683734	0.29163852	2.066093	0.53221995
118	118999	46108.737511873245	3340.9329	0.0	3340.9329	3340.9329	1000.0	3349.0977	0.0	3349.0977	3349.0977	1000.0	271.377	73.78268	339.4326	-75.08381	1.9175988	1.0119675	2.7078774	22.517366	-11.121971	-272.6628	0.08542435	0.0004936993	0.08624819	0.08419605	0.029545976	0.968624	0.80023617	7.599733	1.2516975e-06	334.89548	21.887331	358.91788	250.75803	339.8997	21.38366	360.58105	262.4097	317.38864	20.179031	337.7094	242.67192	-22.51106	2.8310132	-12.368911	-27.925117	22.51106	2.8310132	27.925117	12.368911	-0.06625799	0.0077504553	-0.0398513	-0.09489062	514.76245	120.905334	779.81213	152.98996	1.5100535	0.33298317	2.4431422	0.49291718
119	119999	46518.87766122818	3337.3374	0.0	3337.3374	3337.3374	1000.0	3337.5627	0.0	3337.5627	3337.5627	1000.0	272.6691	73.47212	339.63956	-95.2433	1.8723725	0.9994404	2.7179456	25.725182	-10.679693	-273.939	0.08588013	0.00034098863	0.08652795	0.08520994	-0.0013311715	0.97337115	0.80450684	8.064583	1.3522804e-06	334.4141	20.66167	360.29987	254.01018	339.20535	19.88467	359.76764	264.6008	317.90588	19.704823	338.27032	243.35805	-21.29946	2.2985523	-15.299798	-26.821295	21.29946	2.2985523	26.821295	15.299798	-0.062989704	0.007646033	-0.044965755	-0.09321778	458.9503	98.60715	719.38184	234.08382	1.3561784	0.295796	2.3341057	0.68796694
120	120999	46930.572177648544	3329.218	0.0	3329.218	3329.218	1000.0	3342.0374	0.0	3342.0374	3342.0374	1000.0	272.98975	73.45106	339.60803	-59.390026	1.8505945	0.99602425	2.7097785	23.451405	-11.138488	-274.24078	0.084596835	0.00047279883	0.08576167	0.08387177	-0.009732341	0.9712903	0.8026719	7.89563	2.6524067e-06	336.95685	20.112577	359.34018	257.38898	337.8671	19.950396	359.53122	263.94827	315.94583	18.820446	336.98727	243.61609	-21.921272	2.7869232	-14.579244	-31.404816	21.921272	2.7869232	31.404816	14.579244	-0.06490264	0.0074235373	-0.04303351	-0.08952447	488.30914	121.56601	986.2624	212.55435	1.4405594	0.32644182	2.8114996	0.62739605
121	121999	47343.6898496151	3320.3013	0.0	3320.3013	3320.3013	1000.0	3353.1646	0.0	3353.1646	3353.1646	1000.0	274.14294	73.42226	340.3789	-100.7884	1.8142341	0.98152876	2.7158792	27.439606	-12.207271	-275.37863	0.08383802	0.00054598245	0.085165784	0.082736	-0.045714255	0.97011214	0.80442566	8.125099	2.3841858e-06	336.02435	21.83305	359.3141	251.72296	339.0281	21.335632	358.2981	262.61996	316.6627	19.375422	336.245	243.17747	-22.36541	3.431629	-9.894208	-29.749514	22.36541	3.431629	29.749514	9.894208	-0.06583796	0.008506247	-0.031740934	-0.083400644	511.9876	144.79713	885.03357	97.89535	1.4989965	0.38357145	2.4811285	0.3140514
122	122999	47762.31050491333	3327.4158	0.0	3327.4158	3327.4158	1000.0	3338.5906	0.0	3338.5906	3338.5906	1000.0	274.3895	73.18012	340.14258	-89.60458	1.8472288	0.99308246	2.725616	23.952919	-11.116451	-275.6876	0.08196787	0.0003046778	0.08272955	0.081371985	-0.017236091	0.9680516	0.8018171	9.091444	8.482486e-06	334.64465	20.522533	359.7733	254.47069	338.31934	20.331236	360.75446	264.3758	315.43872	18.855762	337.35535	242.47443	-22.880589	3.1908195	-14.593088	-31.764772	22.880589	3.1908195	31.764772	14.593088	-0.06759182	0.008305859	-0.046096645	-0.090846695	533.70276	142.70895	1009.0008	212.95824	1.570062	0.38590226	2.859043	0.6726924
123	123999	48173.33003330231	3335.9197	0.0	3335.9197	3335.9197	1000.0	3360.5405	0.0	3360.5405	3360.5405	1000.0	275.03497	72.857086	338.9348	-89.00632	1.7827368	0.98672885	2.751805	25.706375	-10.445721	-276.27432	0.08112393	0.0005344921	0.08196424	0.079894684	-0.033314567	0.9714763	0.8051857	7.546211	5.2452087e-06	334.92993	21.612413	355.87912	252.47049	339.30057	21.090649	358.33075	263.99106	317.9179	19.946337	336.46014	243.50424	-21.382648	2.8922017	-14.767744	-29.312473	21.382648	2.8922017	29.312473	14.767744	-0.063044935	0.0076881046	-0.045583945	-0.08255806	465.58255	125.12981	859.22107	218.08626	1.3672912	0.33535984	2.419981	0.6819137
124	124999	48582.76648187637	3332.8604	0.0	3332.8604	3332.8604	1000.0	3356.7605	0.0	3356.7605	3356.7605	1000.0	275.68515	72.92803	339.01294	-92.00873	1.8817754	0.9879273	2.7489939	24.551142	-10.0898	-276.93246	0.079591215	0.0006874744	0.08035854	0.078354165	-0.030555231	0.970802	0.8065167	8.677729	1.4603138e-06	336.1366	21.144045	354.96954	255.42361	340.05618	20.93872	357.4114	264.3649	317.11084	20.132425	336.4857	242.7175	-22.945358	2.5809472	-16.240215	-29.670998	22.945358	2.5809472	29.670998	16.240215	-0.06758726	0.007350381	-0.050431974	-0.08623438	533.1508	119.917915	880.3681	263.7446	1.5661404	0.32626438	2.4775717	0.8336785
